-5.981364527032841352e+02
-2.616246776016641888e+02
2.810147824462771950e+02
2.801975796836896961e+02
2.429748097351467777e+02
5.557395843983704253e+01
1.626938245320262013e+03
2.132772055771152736e+03
3.320422772067439382e+03
4.298246473685475394e+03
4.951543781327603938e+03
5.186584167130544301e+03
5.821318868363548972e+03
6.083206956259909930e+03
6.483510089363680891e+03
6.340132542858546913e+03
6.170249425369157507e+03
6.477808509803314337e+03
6.154378231185983168e+03
6.521899830654924699e+03
6.269505407530440607e+03
6.842616539716744228e+03
6.616013648502826982e+03
6.431601407117531380e+03
6.613447604953391419e+03
6.332291034833485355e+03
6.729935204795913705e+03
6.709762959994649464e+03
6.581036711857191221e+03
6.285939923937626190e+03
6.514375101966343209e+03
6.551705305346860769e+03
6.461949483174534180e+03
6.633589171267588426e+03
6.522666968559973611e+03
6.081951482047834361e+03
6.126311875339238213e+03
6.226526722656467427e+03
5.312788166893794369e+03
5.278990645235106058e+03
4.383704626838647528e+03
3.281764882968023812e+03
2.498006830324871316e+03
2.774076851087705563e+03
1.764546946641352861e+03
7.376751349433443465e+02
5.496072803669173936e+02
9.093733554945318929e+02
