5.806627533346838391e+03
6.487089609160396321e+03
7.160465296114507510e+03
7.187337093818970970e+03
6.991310881505482030e+03
6.584031507619442891e+03
5.821341216820781483e+03
4.605028158390190583e+03
3.831862563260754541e+03
2.921460778302994640e+03
2.249773899895154955e+03
1.649034476147771329e+03
9.555618229281806180e+02
5.230089161269693250e+02
4.925707492503805724e+02
5.551725093693966606e+00
1.290432539317687599e+01
4.959125787842649515e+02
8.109958250010762981e+01
2.348436888238244649e+02
8.740480339661287701e+01
-1.296073694306509196e+02
4.730885391257870509e+01
-9.854922597136803120e+01
8.926273869458569710e-01
-3.895818489738060464e+01
1.564263887613323902e+02
-3.617847136414197280e+02
4.320292109872196988e+02
-4.061298553443621451e+00
-2.187748838607626851e+02
4.200458626472848209e+02
1.491189131600822009e+02
3.254514762517414397e+02
-1.968520875404566439e+00
6.341428956935977794e+02
1.058336891387201462e+02
8.818209540290787345e+02
1.364012170092844826e+03
1.799972561702111534e+03
2.208580766430961830e+03
3.096329030635293748e+03
3.864004031934439809e+03
4.856672622133451114e+03
5.718295176472796811e+03
6.150613823193250028e+03
6.418091814610623260e+03
6.738946451390802395e+03
