1.942028844904673406e+02
-6.276653742072039677e+01
-2.443249655033626198e+02
-1.999032417427639814e+02
-6.882886900308172073e+01
3.816207291794650587e+02
1.331003792290750198e+03
2.025695150309641576e+03
2.993918725996072226e+03
3.794203229882545656e+03
4.364183482679789449e+03
4.935947998446325073e+03
5.627138052763691121e+03
5.906200649395133041e+03
6.314384118682309236e+03
6.147027845134077324e+03
6.835232010783721307e+03
6.199278870202292637e+03
6.114446856054095406e+03
6.188547431021158445e+03
6.326505342818531062e+03
6.307098801629952504e+03
6.277824556816738550e+03
6.698494497499416866e+03
6.717166030296904864e+03
6.310847590906930236e+03
6.723171913258094719e+03
6.568647223251506148e+03
6.297439966080855811e+03
6.582094494367871448e+03
6.204065611520191851e+03
6.292337078730651228e+03
6.367899259558549602e+03
6.246313682698751109e+03
6.183056251172137308e+03
6.274552585675213777e+03
5.695108088363798743e+03
5.930922701415045594e+03
5.251944631291710721e+03
4.856876254577981854e+03
4.234986754000133260e+03
3.638819412039877079e+03
2.673362532722962897e+03
1.779683864454340892e+03
1.534092527407696025e+03
7.981699911783188099e+02
5.772833512846904114e+02
4.708466998711370479e+02
