3.022256697197660742e+02
7.642771436136274588e+01
-1.352244606954464423e+01
-3.590130867898930092e+02
-3.875457556245838191e+02
3.814279044028960470e+02
8.911564476156912633e+02
1.686272938582403867e+03
2.650815531853087577e+03
3.332635388718848844e+03
3.981016649524847253e+03
4.159059012544911639e+03
5.108292667745929066e+03
5.329553008573569969e+03
5.568081707721836210e+03
5.359453236766605187e+03
5.596165651635727045e+03
5.606694463166933019e+03
5.536511370547754268e+03
5.628064851184009967e+03
5.679496173467403423e+03
5.589306720846792814e+03
5.547775836329778031e+03
5.958207894581128130e+03
6.458445487319308995e+03
5.519570331367584913e+03
5.661244960904968138e+03
6.183935938533254557e+03
5.986564206363839730e+03
5.896766859617545379e+03
5.926867668637692077e+03
5.650909836760496546e+03
5.456726394160693417e+03
5.324308509452775979e+03
5.406491770444833492e+03
5.326908610137802498e+03
5.475952306417034379e+03
4.918228095325985123e+03
4.846884008014862047e+03
4.167060238317781113e+03
3.617817102470505688e+03
3.231713651743486025e+03
2.413088571333980781e+03
1.581148378644817967e+03
1.063722540085165747e+03
4.121914782183172861e+02
3.092365187489538130e+02
3.344989841515059652e+02
