6.817697706527443188e+03
6.774438185185726979e+03
7.342594136052647627e+03
7.219528626138710933e+03
7.396454673709994495e+03
7.059830300513785915e+03
6.393725903025902880e+03
4.834026535277805124e+03
3.898004796838858056e+03
3.633792285675935545e+03
2.689615234675064130e+03
1.855900817326878268e+03
1.192573854564354178e+03
1.024147086343379897e+03
6.817745165577293847e+02
6.124592076953343849e+02
4.229603859836931861e+02
3.656657316593150426e+02
3.271458321547901846e+02
4.835992265006415209e+02
4.389170467796856201e+02
4.534452498304935943e+02
4.226769586181637095e+01
-1.232221384775519510e+02
1.328627200053797992e+02
-6.038713101209128808e+02
3.934363308411404319e+02
-1.553363422441989599e+02
8.552515052751327573e+01
2.053640013186111446e+02
3.140229479704011624e+02
9.673460820281451333e+01
5.087476127244967188e+02
4.661673943829939617e+02
6.985652008639600581e+02
1.754588014751269043e+02
8.799080943363047709e+02
5.398073970164966795e+02
1.945195375923481606e+03
2.303665065466684155e+03
2.375519078142254330e+03
3.402153070391775600e+03
4.280640729597675090e+03
4.803792674543622525e+03
5.793406124810818255e+03
6.301813537117563101e+03
7.042736124563778503e+03
7.798009291240509810e+03
