5.894149181313996451e+03
6.659523290166577681e+03
7.750120237982324397e+03
7.078965052775297409e+03
6.440108382986623837e+03
6.371042132358963499e+03
5.829131556825202097e+03
4.624308988380476876e+03
4.323035337045400411e+03
2.920518151936841150e+03
2.648704863194495829e+03
1.830719849050332641e+03
1.211676679981372217e+03
6.837730503427292206e+02
7.789080215049086746e+02
2.504968236706085918e+02
6.036087632365014315e+02
2.505941844963501524e+02
4.625866750698834267e+02
3.697041738721805473e+02
3.196129562021343986e+02
2.146605999509127400e+02
-1.244499981409269473e+01
3.571141467314782147e+01
-6.304530706870792045e+01
-1.290539872889566482e+02
-1.004250922166351927e+02
1.846595581601885101e+02
-1.696356145892456766e+02
1.705234718367284188e+02
3.256442423653701468e+01
3.213409928862932361e+02
1.731070703135625877e+02
3.897220715159903079e+02
4.190701540594217818e+02
3.459077972327330599e+02
2.948246072357430876e+02
9.476297926634490523e+02
1.086899850243237097e+03
2.117943238898199070e+03
2.494127677349478745e+03
3.597685166475042024e+03
3.828578835400904609e+03
4.875462439707021986e+03
5.132351519983904836e+03
6.434822393290665786e+03
6.661274378740892644e+03
6.497758923261725613e+03
