8.078022510496821269e+03
7.678327784732648070e+03
9.056458669395105971e+03
7.018231103912998151e+03
8.004040981611083225e+03
6.731096671451460679e+03
6.904062701417300559e+03
6.843570762274161098e+03
3.941926359811073780e+03
2.997892413221224160e+03
3.888579472757548501e+03
1.846062120323243107e+03
2.040768942070176763e+03
1.197078366328232050e+03
3.569599127869843755e+02
2.764185640674018032e+02
5.877330126986552159e+02
7.369110061587890641e+02
-6.888760326220119623e+01
4.961973696557284370e+02
3.281494105352459201e+02
4.030739357130628377e+02
2.369893038835512300e+02
1.319991745314833054e+02
9.705657330980162101e+01
8.539052677215714482e+01
-2.273499586296704535e+02
-3.298583956749654789e+01
1.407255239699738638e+02
2.311524478004980949e+02
3.450573261700852186e+02
5.903317276177619988e+02
2.213078697079606343e+02
1.039642564100786899e+02
4.768079596226289709e+02
8.303182590745582274e+02
1.390105945837478203e+03
9.939536039465646127e+02
1.539009473473520529e+03
2.753171462259720101e+03
3.569219167760899836e+03
3.811914198279060656e+03
6.138913109473469376e+03
5.755597047512405879e+03
5.529833422200178575e+03
7.943759757044137586e+03
6.486811852151676248e+03
7.742937950169994110e+03
