6.384900687160729831e+03
7.080272905899153557e+03
7.273572174368229753e+03
7.142252379776728048e+03
6.561514396858100554e+03
6.268711128759140593e+03
5.525381615685222641e+03
4.602396903823284447e+03
3.678061637420537409e+03
2.864349040003177379e+03
1.952665534958703347e+03
1.744474142628406980e+03
7.966945981536279078e+02
9.753408527423272290e+02
6.442380001453525438e+02
2.474954541904450878e+02
6.685352801763110620e+02
4.115037398124923129e+02
1.381826628903910148e+02
4.629970348679678409e+02
1.939633983499872727e+02
1.637476915390886631e+02
5.173098810863422869e+01
6.246689181474825148e+01
-2.482450987385019516e+02
-8.389599417124483693e+01
3.294748917217493727e+02
-9.773776307143489817e+01
2.624915782295001350e+02
1.245592148022334271e+02
1.465253217114264999e+02
2.352512426438927307e+01
2.077076781557652225e+02
2.917659682408453818e+02
4.068265206945793580e+02
4.117375647358510378e+02
5.237118913182212054e+02
9.626963295318333849e+02
8.869683126733625613e+02
1.509315254017524694e+03
2.151479174704757042e+03
2.631993428008483534e+03
4.067760798699448969e+03
5.313791947242717470e+03
5.141949622760060265e+03
5.913704980194692325e+03
6.904765997523163605e+03
6.753898959046997334e+03
