8.386955576969608956e+03
7.009089323695574421e+03
7.698593194810395289e+03
7.796918960450798295e+03
7.348125790358054473e+03
7.200596601440309314e+03
6.069520253670027159e+03
4.519625877892642166e+03
4.988365680900823463e+03
2.787102288835227228e+03
2.912659940158214795e+03
1.803163037433369936e+03
1.278565230381946321e+03
1.134548196104710996e+03
7.318832101321262371e+02
2.908033614626828012e+02
6.826365403021720795e+02
2.824264135860364604e+02
5.283191734598426592e+02
3.768209482007379307e+01
9.449869780777555661e+01
-7.828705025610862833e+01
1.886858038844464716e+02
5.650447904656367371e+01
1.774090097502729577e+02
-1.255545487530909270e+02
-1.826146750041566804e+02
1.554724893574780831e+00
7.772879852450857996e+00
3.032372529985657366e+02
3.690054768370853822e+02
5.541972431438356352e+02
9.786316960608095883e+01
4.372954173608785595e+02
4.071527792849366278e+02
7.535618792261465160e+02
5.681636173423930813e+02
7.978825120481624253e+02
2.048937800958767639e+03
2.192052707473383180e+03
2.443815025543528918e+03
3.675142057268896224e+03
4.153850833610138579e+03
5.587699742130283084e+03
6.142400933569266272e+03
6.326504213608393002e+03
7.784034017843645415e+03
7.188016942081670095e+03
