5.996527260299741101e+03
6.603662093672575793e+03
7.071326576798426686e+03
7.042653545884664709e+03
6.953949200827320055e+03
6.197394272688782621e+03
5.728457035465405170e+03
4.458439785774445227e+03
4.273763011460899179e+03
3.036407556212175678e+03
2.109774793251465326e+03
1.630187946624715096e+03
1.212737176629356100e+03
8.230503216935462660e+02
5.069547392170679814e+02
3.762154585169213874e+02
2.490640987176876990e+02
1.580565029643637160e+02
6.561511103910748943e+01
6.696265639270756083e+02
1.305818483607819047e+01
1.224489897316731515e+02
2.878418420407712475e+01
1.534397779657880392e+02
3.436776225379185803e+02
-2.228112188198316801e+02
-2.031222921533039028e+02
-2.250306831324597852e+02
-1.288555841572587042e+02
-4.985406007038552900e+01
-5.782722521741112587e+01
3.510658936473076324e+02
3.335879834851165242e+02
1.228277130046939760e+02
5.729469609153392184e+02
2.102674089424061776e+02
2.743653202415061401e+02
5.236323421774347935e+02
1.001489032735516503e+03
2.114815287985308260e+03
2.247968913938337664e+03
2.890516055663224506e+03
4.133525083696665206e+03
4.863479757452094418e+03
5.622521098380243529e+03
6.230457994281140600e+03
6.660706002638653445e+03
6.673469680865498049e+03
