5.012349749525907896e+02
2.999930808966566360e+02
-1.552219692928779864e+02
-7.665501258378125158e+02
-3.432338908269755393e+02
4.637779301084197527e+02
6.805114213972789230e+02
1.155421452283107783e+03
2.492482469044030495e+03
2.863830985329545911e+03
4.366090057407724998e+03
4.315224041205074172e+03
4.900942396633176031e+03
4.972023281410070922e+03
5.641691257512624361e+03
5.891083096660235242e+03
5.341699304239529738e+03
5.306227090697715539e+03
5.458335970417121644e+03
5.280227942296127367e+03
5.617916720481975062e+03
5.722515709281940872e+03
5.582806044129518341e+03
5.713469759877798424e+03
6.096965511884031912e+03
6.066488395989989840e+03
6.003565342706099727e+03
5.735469734492496173e+03
5.757106256394005868e+03
5.445802924707601960e+03
5.853649644899322993e+03
5.793366832444920874e+03
5.717207707824317367e+03
5.850853020693519284e+03
5.857677300979442407e+03
5.825209529699094674e+03
5.186179886092694687e+03
4.996468350383333018e+03
4.899458171300534559e+03
4.088730122203306564e+03
3.275674652224634428e+03
3.001348287405369319e+03
2.465857368795551793e+03
9.877756378058439850e+02
1.087675692343188985e+03
6.041310091980800507e+02
5.306423179410047624e+02
-8.091830527576435088e+02
