9.113057635470626337e+03
7.175690506146769621e+03
7.902834424943357590e+03
7.097441327197539067e+03
7.797462952806875364e+03
6.308131728631985425e+03
6.499234202750711120e+03
4.789039728115029902e+03
5.287543019918074606e+03
2.829579546901730282e+03
2.629390988857892353e+03
1.670468152814198447e+03
1.424080669396282474e+03
5.291172424238026224e+02
7.715349526351028544e+02
1.054844734338524404e+03
4.611235154577282742e+02
4.737794805677576733e+02
4.677470878798459353e+02
4.956137620746246739e+02
1.102193183424910785e+02
-1.865822057841952244e+02
4.388593991620673762e+00
1.768474000437907421e+02
-1.130070276003823864e+02
-1.975704706853102266e+02
-4.358654023281967511e+02
5.833171003725387038e+01
-2.511373862306466620e+01
2.067108768543266422e+02
2.964123745904261682e+02
-9.754934813895810919e+01
4.229935349300508847e+02
2.860910351250254280e+02
5.577668536320391013e+02
1.605378572393775300e+02
7.067728308563981727e+02
1.228112600150896469e+03
1.678611292249534245e+03
2.222650771414375868e+03
2.256501511775492418e+03
3.554346885899588415e+03
4.485801357917624955e+03
4.753512217710678669e+03
6.080333083237677783e+03
6.619957122530239758e+03
8.030700140008513699e+03
7.680880864395080607e+03
