6.019820913773161919e+03
7.298280886144971191e+03
7.214732788259128938e+03
7.211538510425904860e+03
6.589665229129423096e+03
6.041493533840751297e+03
5.568916548158149453e+03
4.630294174169371217e+03
4.357447014255781141e+03
3.101248290851341153e+03
2.263276950123515235e+03
1.698689896970686732e+03
9.927034288624844294e+02
7.056323758590189072e+02
2.264796681898908446e+02
4.613074666271702995e+02
3.045101761173134491e+02
4.277549030335891302e+02
7.704787942959116265e+01
3.317399436884425654e+02
6.597157511400454268e+02
4.088602104587791928e+02
1.370061006524487084e+02
-1.268400651435241713e+02
-2.669399048513024013e+02
7.699660589758258311e+01
1.492498459627651357e+02
-3.025464445914591352e+02
2.573243037131073265e+02
1.147140216203297882e+02
2.918392403150376708e+02
4.680732960435078382e+01
2.924905764874775400e+02
3.193059063994136295e+02
6.335415195731272888e+02
5.835283126686977084e+02
4.828125130062661015e+02
1.037459556146315208e+03
1.554098747564966061e+03
2.061994080222406410e+03
2.409904935905873572e+03
3.451222079804394070e+03
4.186333493547724174e+03
4.893237277208731939e+03
5.544590643612013992e+03
5.810337403292431190e+03
6.164235272527490451e+03
6.327642411047385394e+03
