6.977934368114336394e+03
7.459237962913955926e+03
7.822580608143745849e+03
7.128349808653753826e+03
6.421755644420882163e+03
7.273218917780484844e+03
7.329518191940391262e+03
5.971018937847785310e+03
4.330098648898991996e+03
2.681434840843724942e+03
2.981373902853946220e+03
1.660193294502729032e+03
1.413457875632893092e+03
1.104681083251838118e+03
4.484351025594780253e+02
8.495521539048349950e+02
7.920390508987817384e+02
5.448240649801605286e+02
4.059734493571486951e+02
2.561676865668117102e+02
2.113353385989736068e+02
6.779610429741268263e+02
3.603679881879177174e+02
1.375658917998552511e+02
-3.571113930451161877e+01
-1.106881938284278704e+02
1.725128477928908524e+02
5.791118332260965396e+00
-7.023625798538157028e+01
2.879875659927201355e+02
1.938681140099671723e+02
1.591513311316336683e+02
3.702896644025848332e+02
9.753810144622120504e+01
1.146824258405129058e+03
6.209214545350789649e+02
7.594624594446229366e+02
1.582568770296430785e+03
1.371016413633092952e+03
2.168173041575343632e+03
3.323255463160084219e+03
4.330796302582255521e+03
5.727253165386500768e+03
4.998352592447146890e+03
6.910598267454452980e+03
6.098133710506886018e+03
7.936157206740492256e+03
7.426399470418624333e+03
