4.421682216547983444e+02
-1.710062699279887966e+02
-3.249526245968871763e+02
-1.128764038279779811e+02
-1.694620375102134631e+02
3.361291142082735632e+02
8.823424054514964610e+02
2.239757841393916806e+03
2.594151224880248719e+03
3.065282358442254008e+03
3.890688219236149962e+03
4.922124867828837523e+03
5.124004102307713765e+03
5.530584456731452519e+03
5.345710118398453233e+03
5.424011291611343950e+03
5.708748858607248621e+03
5.634027504643444445e+03
5.690043258655542559e+03
6.281818119950729852e+03
5.794582120999159997e+03
5.513099273201606593e+03
6.017103053961336627e+03
6.284378329789936288e+03
6.128756259607887841e+03
5.972746251001597557e+03
6.027638010875087275e+03
5.921006610900904889e+03
5.745315383699263293e+03
5.729180180173822919e+03
5.972622317429143550e+03
5.697913213768273636e+03
5.659864975300909464e+03
5.694827469134346757e+03
5.783066188651735501e+03
5.709009338116381514e+03
5.041857234686945958e+03
5.164949349415025608e+03
4.874566119726237048e+03
4.130379219648159051e+03
3.865568365708643796e+03
3.384829322997145937e+03
2.641666060551218834e+03
1.980560521196935497e+03
9.521783924038392115e+02
3.109279548397164490e+02
4.769379794378568818e+02
4.271753774973790740e+01
