6.400750482879673655e+03
7.241982259903758859e+03
8.166117870412270349e+03
7.718349916118713736e+03
7.569983377557152380e+03
7.352584145561289006e+03
5.952318216688172470e+03
4.713546806927477519e+03
4.284378282492635662e+03
3.305083451198189778e+03
2.813571012712312495e+03
2.801027365146658212e+03
1.253357792547712279e+03
1.420747921950745194e+03
6.094265609716568406e+02
6.689986319898686133e+02
3.302934176355666409e+02
6.357396241149206162e+02
5.463065913844676516e+02
4.627103323784291433e+02
-1.704791373875779072e+02
1.563944059730908975e+02
5.899514500184039001e+00
-1.122841118425145197e+02
3.719766574852433223e+02
1.070272945438213128e+02
-1.256887817713033817e+00
-1.019234500230552527e+02
2.971778363289810727e+02
-1.030608986867239310e+02
-3.244911468562147405e+00
1.016098067066921402e+02
2.622371459252887007e+02
6.681592035534414435e+02
6.149439203909289517e+02
6.287900139581250869e+02
8.608888204870751224e+02
1.496281531328858364e+03
2.050147123913161977e+03
2.073240925688379320e+03
2.976581340091229777e+03
3.462433434133085029e+03
4.320792550896919238e+03
5.985469927845066195e+03
5.863347793985175485e+03
6.768438447880949752e+03
8.351926670460918103e+03
7.857734477842609522e+03
