6.366743848706217250e+03
7.918485074878319210e+03
7.439140627962659892e+03
7.846244454940977448e+03
9.029522417832618885e+03
6.333866382976606474e+03
6.325739909888214243e+03
4.974240594324036465e+03
4.297623623977286115e+03
3.263994116623551236e+03
2.900869145251341251e+03
1.452105971752576579e+03
1.441348022782785620e+03
1.146121809413055416e+03
3.150844965931345882e+02
2.802903342729611609e+02
1.909332372548586534e+02
6.247564861032744830e+02
-1.250195809384599528e+02
1.774810064835971843e+02
5.387867442982121702e+02
4.456611791597952674e+02
9.232279261571717655e+01
5.674774344519831004e+01
1.228379276073545725e+02
-1.783082320834249970e+02
-4.443203610246341100e+02
-1.339545209312772158e+02
2.836003010839675653e+02
-1.255037581023872377e+02
3.670944795448676246e+02
3.441568128384061254e+01
2.476860648345329139e+02
-8.859686585161276184e+01
2.724737936875991409e+02
5.196900367106314889e+02
8.340198181992273021e+02
8.508784242239765945e+02
1.154945779880846430e+03
1.910152472163558969e+03
2.877668244134053111e+03
3.182877223073332061e+03
4.126502612517890157e+03
5.480582175358307722e+03
5.716028779634598322e+03
6.032673998844977177e+03
6.699479324806463410e+03
7.054662839879142666e+03
