5.114342739840466265e+02
-3.655074403458649499e+02
-4.750677151356271111e+02
-2.122343942930702951e+02
6.964061506619718500e+01
4.717346607243185304e+02
1.128626287027190983e+03
1.662136382717665811e+03
2.861348558403927200e+03
3.514598648485131434e+03
4.072937384546849898e+03
4.633779731717532741e+03
5.356576806214039607e+03
5.552155696188565344e+03
5.718965152193821268e+03
5.784529247053198560e+03
5.725582860875845654e+03
6.048009424575688172e+03
5.843051354648937377e+03
5.957653517060893137e+03
5.467215127956516881e+03
6.088050925798897879e+03
6.349673236228245514e+03
6.132863050899218251e+03
6.035463894072195217e+03
6.476603341248883225e+03
5.817918048221945355e+03
5.967862460169170845e+03
6.166705032492094688e+03
5.922928374055602035e+03
5.780729880511265947e+03
5.934263348693285479e+03
5.468908739269904800e+03
5.984519132801060550e+03
5.717667139691965531e+03
5.832256978580851865e+03
5.639773510515416092e+03
5.485174609349844104e+03
5.126773289582629332e+03
4.461558518242333776e+03
3.911594453006598087e+03
3.152009616125433240e+03
2.508936122118229832e+03
1.965117873336426328e+03
1.222883742323646175e+03
3.011952903346850121e+02
-1.059256946989800667e+02
-9.820651384384738947e+01
