5.809340964810144214e+03
6.940499178906107772e+03
7.144299617746674812e+03
7.099250623822660600e+03
7.258384341948901238e+03
6.344052969341032622e+03
5.968936178855588878e+03
4.684726673588482299e+03
4.201740645847728047e+03
3.135092215160570049e+03
2.092254635995815079e+03
1.604850038255140589e+03
1.063874020849286808e+03
9.567505141895147744e+02
4.715136321148084448e+02
3.796444496311277135e+02
4.772734346549681845e+02
4.255536525382815967e+02
4.537069259365416656e+02
5.626731885705470404e+02
3.428919855961094640e+02
3.377893450700773883e+02
-6.146318335128862742e+01
2.087909216934010317e+02
2.357795315560886706e+01
3.569993566852123195e+02
3.318935056306054889e+02
7.044944485947222290e+01
6.506706232308454574e+00
1.725200210118025552e+02
3.157505866495373681e+01
2.456596780436425433e+02
6.814977551057532992e+02
5.588273826034485410e+02
2.659137979327164771e+02
7.393524203699189457e+02
6.069116562978340426e+02
1.003812064919322438e+03
1.161087195648747411e+03
1.588348699052155098e+03
2.081780972226408267e+03
3.062710231498300800e+03
4.288171752666356952e+03
4.989697081135207554e+03
6.111972334539793337e+03
6.127450899227696937e+03
6.407543713184569242e+03
6.718822535696940577e+03
