6.741318181124659532e+03
7.324064582058158521e+03
8.503430512225057100e+03
6.979306338711721764e+03
7.223321137042071314e+03
6.164482289327756916e+03
5.312898945772579282e+03
4.723053196300357740e+03
3.730411983447453167e+03
3.071129706288319539e+03
2.219449022999840508e+03
1.482058845940079891e+03
1.493180084560132173e+03
8.026051135390521267e+02
5.960972082711830353e+02
7.826375625092180144e+02
3.744059568738380790e+02
3.362650818480339581e+02
3.263435692125796663e+02
3.753101651477549012e+02
-8.907229414390004152e+00
3.456889856588935004e+02
2.722488551662547707e+02
-6.877539857163392867e+01
2.905841259791601487e+02
2.233273864249097755e+02
-1.615660624903780729e+01
-1.188346879780566780e+02
-4.110506272645501440e+02
-2.026635659766373294e+02
-2.255127449024519706e+02
4.759776237836490509e+02
4.327399723793586759e+02
3.391212913332681183e+02
9.778773902001498186e+01
8.349671996895402799e+02
7.504886566570555715e+02
1.296919118455894022e+03
1.409389954248367303e+03
2.468278243115556052e+03
2.660078815288391979e+03
3.219122954656495949e+03
4.598935596828448979e+03
4.964918596273582807e+03
6.277760095741404257e+03
6.690048200363834439e+03
7.177053209124784189e+03
7.950960049411380169e+03
