2.783190273593249913e+02
-3.128252891317301874e+02
-5.748827496208418779e+02
-7.522616689245717225e+01
1.449040180183630753e+02
5.397111602673436437e+02
1.533046369998112141e+03
2.213541671155618587e+03
2.674674673159668600e+03
3.295889672752927254e+03
4.128222398754072856e+03
4.654173440825165926e+03
5.264249032374403214e+03
5.461229246097301257e+03
5.784182992085780825e+03
5.936838787457605576e+03
5.965677423807471314e+03
6.012256239631413337e+03
5.763358078449728055e+03
6.193167889238329735e+03
6.036387471601525249e+03
6.165603953916061982e+03
6.381561286936984288e+03
5.984706705923396839e+03
6.518068630971069069e+03
6.602742596392144151e+03
6.289572435937635419e+03
6.253871143231551287e+03
6.469287797044751642e+03
6.146835586834113201e+03
5.921359289796252597e+03
6.368743633531201340e+03
6.320696525745163854e+03
6.343145134306018917e+03
6.001211811039158420e+03
6.063672640306017456e+03
6.149587393702831832e+03
5.367374348744623603e+03
5.281101035416008017e+03
4.856496716196117632e+03
3.949065134023361679e+03
3.649193345033727837e+03
2.792238120740809791e+03
1.561008922558705763e+03
6.659948477442462718e+02
5.261529692661355284e+02
-3.551821106947858198e+01
2.011782383667359113e+02
