7.452683878604550955e+03
8.978949519017443890e+03
7.534290489264513781e+03
7.012450434084158587e+03
7.752170675108503929e+03
7.483427807151137131e+03
7.822011139212691887e+03
5.581467498393454662e+03
3.803838858852470366e+03
3.052536853546007023e+03
2.560242031761111775e+03
2.454122261676820017e+03
1.446659631472679393e+03
7.131631208295648321e+02
1.002531216447158272e+03
2.424028245861232449e+02
4.888466906789924451e+02
4.042090184607561127e+02
2.863333757643137574e+02
4.636844606730738292e+02
4.929095810302166001e+02
3.971531480833319847e+02
1.322865600038412381e+01
2.770813921850192401e+02
-1.325064413510245309e+01
-2.450278685426571599e+02
-1.269646486112537076e+02
9.286255881095821962e+01
-1.314402512067785800e+00
-2.325655731215583799e+01
2.038960957245560621e+02
6.912667692158092905e+02
6.097714809011770285e+02
4.657672922810438081e+02
1.639528582226772073e+02
7.641771132999294878e+02
4.102259674771643176e+02
7.201377144886349697e+02
1.401162494388100868e+03
2.081619162637364298e+03
2.643287403103537599e+03
3.440488038350104489e+03
5.170531945465885656e+03
4.888480479853537872e+03
5.982956385831793341e+03
6.150937389732940574e+03
7.378031773487866303e+03
7.061195531345612835e+03
