7.673784555063409243e+03
7.452314047416668473e+03
7.193424876051693900e+03
7.460878898895047314e+03
7.349875496064130857e+03
6.556725085759306239e+03
6.594868917482546749e+03
5.673955676904593020e+03
4.912538513600643455e+03
3.846525584552301552e+03
2.263660555255864438e+03
1.468032497326761586e+03
1.764036500302993772e+03
1.182305405295551282e+03
8.008473360781576957e+02
1.018409937122685847e+03
9.221566061888040622e+02
3.864234203903217235e+02
2.982921916426734015e+02
1.533752619589397455e+02
2.194336195606507829e+02
-1.204309027940990973e+02
3.262592333232532269e+02
5.682643161760391592e+01
7.411219972059731731e+01
7.023698836464129514e+00
2.170837304395982059e+01
-1.880019757451227349e+02
1.945108413095489652e+02
4.296576871825617445e+02
6.484793092647001345e+01
7.487603809879169603e+01
5.819959986166063572e+02
6.833956188305072601e+02
1.104401814568949760e+02
5.212741616519226682e+02
6.102607913543841960e+02
8.244728994602836565e+02
1.467847107597370268e+03
2.126962966647817666e+03
3.534082210945622137e+03
4.173275068314917007e+03
5.113009999696238992e+03
5.755476100665562626e+03
6.650078467996728250e+03
7.638130563286520555e+03
6.513916977493446211e+03
7.201154536426586674e+03
