6.445982431123577044e+03
7.020971685657270427e+03
7.317493914651506202e+03
7.609748644753653934e+03
7.270969421897502798e+03
6.954067906278015471e+03
6.031731517358702149e+03
5.009513474175268129e+03
3.670449549708646828e+03
3.542135664654289940e+03
2.540017567600676557e+03
1.421634128172374403e+03
1.134420431248536715e+03
1.078336337816387640e+03
2.760218031426730363e+02
4.863701742588604588e+02
3.931193708432614926e+02
4.763761397738144296e+02
2.207767699694660735e+02
2.904944822636521167e+02
2.128244103569632983e+01
1.480431563152984040e+02
2.659167390043512000e+02
3.696119465600899190e+01
2.037692875988876722e+02
-1.185405043464094064e+02
-1.115302795544012184e+02
9.080253290938344435e+01
1.100226510938578457e+02
4.536031677378136351e+01
2.947522439865377351e+02
1.345473907896937646e+02
-4.893744416541021991e+01
2.571646429310808344e+02
6.243928971804750745e+02
3.193088043106824898e+02
5.872747664029401449e+02
1.258902339958187213e+03
9.740990303823369914e+02
1.992192181953950012e+03
2.517369393888238392e+03
3.213053743483489598e+03
4.002276317406548060e+03
4.776542886991131127e+03
5.854599090862997400e+03
6.209309099651951328e+03
6.068914563241098222e+03
6.585915747038377958e+03
