6.499404169467748034e+03
7.028586977387401021e+03
7.213864888433140550e+03
7.518430526692573039e+03
7.896956370702398999e+03
6.535926039512401076e+03
6.578527117714775159e+03
5.648290478818365045e+03
4.352611996949838613e+03
3.918904629617526552e+03
2.432761199957596091e+03
1.763999482003604953e+03
1.428685206436657154e+03
8.226113502511270781e+02
9.266423608532693379e+02
7.997415690633688428e+02
1.680145619257313570e+02
9.346305096555399814e+02
6.230985534098036851e+02
8.099692601229087359e+02
5.747666295542578609e+02
-4.193395702884354925e+00
-1.782872420288152000e+02
3.573320873787541814e+02
1.547907314244104953e+02
4.397628092517729925e+01
2.926524206162453083e+02
2.120959348909955509e+02
6.178302140407463838e+01
-2.076349899598654076e+02
4.616101847492040520e+02
9.814868777475177808e+01
4.872404070846361037e+02
9.761159574030695012e+02
7.081065205463418124e+02
1.084446493791572948e+03
7.883079093864922697e+02
1.759446824240231990e+03
1.166481850691732916e+03
1.854545901917532319e+03
3.563227102198111879e+03
3.258191280236240345e+03
5.424472583292269519e+03
5.950002465131029567e+03
5.641944098866544664e+03
6.304879545149320620e+03
6.548760102985464982e+03
9.079313229607809262e+03
