4.537632606204213630e+02
-1.066668466956815990e+02
-5.171968478107834244e+02
-3.328033002142565522e+01
-1.703151995654713744e+02
3.736959634729454365e+02
7.889357801052046852e+02
2.168514285550340901e+03
2.726903685603399026e+03
3.316778614591637961e+03
4.189570829145215612e+03
4.680449736962529641e+03
5.662246419942467583e+03
5.444337223219589760e+03
6.144032710250553464e+03
5.935177020478954546e+03
5.783690434092190117e+03
6.387113302139086954e+03
6.038542533292504231e+03
6.301975876537920158e+03
6.144795819653569197e+03
6.360362425350181184e+03
6.526056979064213010e+03
6.433948091034280878e+03
6.721891779216392933e+03
6.552547217413733051e+03
6.663233230669899058e+03
6.556217142819381479e+03
6.332540264834237860e+03
6.094233334029109756e+03
6.402940725862165891e+03
5.992070225984934950e+03
6.076243569137615850e+03
5.965177198000685166e+03
6.190757731696324299e+03
5.960785792079098428e+03
6.166592830196661453e+03
5.955293265472270832e+03
5.350538933540038670e+03
4.353502969787892653e+03
3.720002423187206659e+03
3.335399137791368958e+03
2.583672189592418363e+03
1.838186797657373518e+03
2.710163077214436953e+02
4.465747440303715052e+02
1.342422625752760723e+02
-7.931283006949881553e+01
