9.810883512129017618e+03
8.100935346970317369e+03
7.980491509645903534e+03
7.682911197082252329e+03
7.011804335909235306e+03
7.404504920132371808e+03
5.734088876026004982e+03
6.115528728443962791e+03
5.008918415696592092e+03
3.391209989925341688e+03
2.414930348366052840e+03
2.517645865100626452e+03
1.167525208807710897e+03
1.445877052071042954e+03
6.413562712153834582e+02
7.594623019155704924e+02
3.644635557450666283e+02
4.464178208855142316e+02
7.437616706080578979e+02
3.745251401181524784e+02
5.880514872324373528e+02
4.877846704205197739e+02
-6.353827589082619909e+01
1.506137642123958642e+02
1.347995165518415490e+02
-1.459098342567709850e+01
-8.022003376271082686e+01
4.316620479835997770e+01
-1.918553998251359758e+02
3.247818331256898432e+02
5.261655136292881707e+02
5.289353650736421741e+02
4.673394225261913562e+02
4.293544183279562390e+02
6.797671499198550009e+02
1.061657045563739302e+03
6.937161978255956001e+02
1.100125506790501959e+03
1.413262636329835004e+03
2.086174790714826486e+03
2.846879364060268472e+03
3.998759923070717377e+03
3.831963370607492379e+03
5.317405544117549653e+03
6.622827588542888407e+03
7.310205884303543826e+03
6.643890865541781750e+03
7.009223132497339066e+03
