6.162632512372889323e+03
6.818654846685900338e+03
8.158478796340722511e+03
7.608466822488042453e+03
7.117845733231071790e+03
7.624953885637838539e+03
5.763676711426413931e+03
5.170135860081956707e+03
3.584266142728958130e+03
3.387503089954494499e+03
2.262238682980712838e+03
1.658534004526391300e+03
1.377042755647996728e+03
8.150001464933474153e+02
6.659987911727965866e+02
5.103515818828236661e+02
3.114142873596994718e+02
7.719829495482512129e+02
2.114521234754266743e+02
4.503958428364020392e+02
5.101207614311161933e+02
3.444587318480836871e+02
3.208829873981152900e+02
5.422628407267054627e+02
-2.280220836498756398e+02
-7.975988223353184026e+00
-1.482743102466441343e+01
3.764082066914777442e+02
2.733092455512381136e+01
5.593684952979933911e+01
7.135473045100727632e+02
2.948351107905423873e+02
-5.647536034269821670e+01
5.532483357598875955e+02
5.450394624674768238e+02
4.384340098764529898e+02
5.554968101952021016e+02
8.368743100642469699e+02
1.221493662745260281e+03
2.102795862981617574e+03
2.844651263875762197e+03
3.208685628770233507e+03
4.052170747489890346e+03
5.228554921731636568e+03
5.904856158293871886e+03
6.431459058972783168e+03
6.765516995768281049e+03
6.713027777015179709e+03
