6.438349254065252353e+03
8.181580456434856387e+03
7.561273094772384866e+03
7.606535721966356505e+03
7.456071947319694118e+03
6.733404103110588949e+03
5.568199903175817781e+03
5.181489552363852454e+03
3.720892090016101974e+03
3.436309711161268751e+03
2.344579209138165879e+03
1.914535895154830996e+03
1.167447675676945209e+03
1.250133040411837555e+03
5.465648588029915800e+02
6.634356016024740939e+02
4.819204766388917278e+02
6.114687196678089549e+02
4.710835646234699539e+02
1.653063629203723508e+02
7.071052307586517145e+02
-2.418630183921511332e+02
2.622672050263518599e+02
-4.490930023975105456e+01
1.623583897802820175e+01
-1.216759408781099125e+02
1.081353047061099559e+01
1.439419441321128375e+02
2.069032846054361130e+01
3.213263068682778112e+02
1.385299962062021848e+02
2.943852282826910596e+02
7.822918145772830201e+01
4.236630775329501830e+02
7.317389060475596807e+02
5.269178466683017632e+02
4.311146173732568059e+02
5.602444767715229546e+02
1.596884626392642076e+03
2.222779113508325736e+03
2.665368540946669782e+03
3.139999871667731441e+03
4.345386461788624729e+03
5.230155137439238388e+03
5.873482706586986751e+03
6.139597991834322784e+03
7.319784977281982719e+03
7.278102192958879641e+03
