6.349429682432303707e+03
6.639885556823424849e+03
7.240734424732411753e+03
7.107125161584708621e+03
6.759744946426138085e+03
5.891026359135931671e+03
5.768255798608338409e+03
4.832680085248262913e+03
4.090471004695612010e+03
2.640012204259194732e+03
2.249931518530271660e+03
1.731948135988329341e+03
8.609606984193371773e+02
1.154421805134712258e+03
3.970893715575887768e+02
3.913570260184285985e+02
8.022290732650552627e+02
3.069675443778983777e+02
3.212999178297521894e+02
4.292091065468627562e+02
4.149258956669206100e+02
2.606822642603711326e+00
1.640827039361410584e+02
-2.441408792429865287e+02
2.179653419254572952e+02
-2.536723921648331554e+02
1.091938356313930711e+02
9.702841795673111847e+01
-2.995801518475248670e+01
2.955947146121816331e+02
7.370248635433209472e+01
-5.482218001025245968e+01
3.531831923169153242e+02
5.199823708179308142e+02
4.987466469891094221e+02
2.265381775981929025e+02
8.898891685497862909e+02
8.100761397277673268e+02
1.454959211645316600e+03
1.767069345616201417e+03
2.000361636508544279e+03
3.130995046271445517e+03
4.009930733847849297e+03
4.782729015104560858e+03
5.415629997324600481e+03
6.133133760492702095e+03
6.277321870312955070e+03
6.597793752423935075e+03
