5.030040919370226220e+02
-3.853196031332960274e+02
-2.032332641171131513e+02
-3.640407977687643779e+02
1.545608115569851471e+01
4.341334919264475616e+02
1.437206447348838310e+03
1.897444611954305174e+03
2.651845249275541846e+03
3.655832742055951257e+03
4.519981236672029809e+03
4.630117281599561466e+03
5.268520085503287191e+03
5.796933286121128731e+03
5.907829528876319273e+03
5.840295685075418987e+03
6.080919073023328565e+03
5.962246326910492826e+03
6.221259387618426445e+03
6.232512085684446902e+03
6.606127461382934598e+03
6.153085605426074835e+03
5.951177614727897890e+03
6.147869473250743795e+03
6.586048486818088350e+03
6.560355324881748857e+03
6.738282885730545786e+03
6.257911307814176325e+03
6.199861731440547373e+03
6.557066108666697801e+03
6.285022953499042160e+03
6.520102401264988657e+03
6.086702426989399100e+03
6.114714494646513231e+03
6.285026872795888266e+03
6.094911572448010702e+03
5.961496915896597784e+03
5.577968754911568794e+03
5.179890367613995295e+03
4.605889694366368531e+03
4.210115256150719688e+03
3.594015955836881403e+03
2.622244867581029666e+03
1.666780051054494834e+03
1.160438812730002610e+03
3.153363719907513314e+02
-1.653970204610754138e+02
1.159706866460208374e+02
