9.660000435115271102e+03
9.949818396881864828e+03
7.808888336019420422e+03
8.407938601795909562e+03
7.359501984856182389e+03
6.770067028554009084e+03
5.424521938348234471e+03
5.146917809245501303e+03
4.161203987218676957e+03
3.146020233265190654e+03
2.222767110516147568e+03
2.237978022196605252e+03
1.345139383025055849e+03
8.378396652711530805e+02
3.539527402693806266e+02
1.548158544006619763e+02
7.121513927174883065e+02
6.872955204205366044e+02
5.150793936221690501e+02
4.078494102752468393e+02
1.760426190659494807e+02
4.501511608238040907e+01
2.886143322444594901e+02
-1.467495796923367379e+01
1.530890279116218835e+02
-2.620047490055628003e+01
5.731279865916098970e+01
-1.792350043760610134e+01
3.670574029915953247e+02
5.590273832323515535e+02
1.732613357303302735e+02
2.901938942335834781e+02
3.227990834704161216e+02
2.420920912972316046e+02
2.619410463430482991e+02
4.199635568918266699e+02
4.636515128948097981e+02
1.634459578104851062e+03
1.559245664999212750e+03
2.293335281124050653e+03
2.540386806443767910e+03
3.515278848433877101e+03
4.299340594751589379e+03
5.630765934213795845e+03
6.839533422305818021e+03
6.232979583131103027e+03
7.312279707720146689e+03
7.046759454539645048e+03
