6.844849798525737242e+03
7.247126937174920386e+03
6.918955561952677272e+03
7.329759981026581045e+03
7.422622059304549111e+03
6.752429267701799290e+03
5.719597792321703309e+03
4.753290715333039770e+03
3.989892876350024835e+03
3.203057836021726416e+03
2.580268744463825897e+03
1.685439348853897627e+03
9.569825526659944899e+02
9.656418624572953604e+02
3.754592304391006792e+02
3.699610063448321853e+02
3.371491326001141147e+02
4.072417016870725774e+02
3.607323733995463613e+02
4.141844623956204146e+02
3.493635635226509066e+02
4.265460067415318122e+02
1.600138232910883573e+02
-1.374305883168103151e+02
9.025445186779110429e+01
-1.223796997350430331e+02
1.257092765942910120e+02
-2.828425134481905161e+02
-1.926177983696013598e+02
5.028338064059225303e+02
1.469701481965448808e+00
1.437976917760440472e+02
2.209553667723338890e+02
3.511544290282375300e+02
2.810979672637527074e+02
5.480013638762117125e+02
1.797714624148763676e+02
6.275270533894782830e+02
1.145338566782931366e+03
1.820292610443472313e+03
1.945560251551217789e+03
3.142531777077162587e+03
3.631017042986893102e+03
4.737868518810561909e+03
5.367734343655747580e+03
5.986792256653910954e+03
6.572178985727689906e+03
6.682355610335394886e+03
