5.730786983778380090e+02
2.943325333015351930e+02
-6.301570948651639128e+02
-2.777655616947948829e+02
-2.369712803756914923e+02
2.774827052562736185e+02
8.817081612219776616e+02
2.016804725140579421e+03
2.532870545881661201e+03
3.523449880824950469e+03
4.264985524755055849e+03
4.833535314089574058e+03
5.257975679054445209e+03
5.326962789999754023e+03
5.667010166333825509e+03
6.183043130184172696e+03
5.760570074456497423e+03
6.128059563432434516e+03
6.290612741726235072e+03
6.140225394686402069e+03
6.210365351331352031e+03
6.063930567353747392e+03
6.314984120605067801e+03
6.370582626417201027e+03
6.060961716088744652e+03
6.447512228469186084e+03
5.887484954393525186e+03
6.442284823549082830e+03
6.579989289495875710e+03
6.193941865664228317e+03
6.187595163267691532e+03
6.115896627030472700e+03
5.871373450780641178e+03
5.771384647636316913e+03
5.933243239481330420e+03
5.810969794143769832e+03
5.816686586638846165e+03
5.285262646770417632e+03
5.424683001181897453e+03
4.668646765892122858e+03
3.916102926604541153e+03
3.323760134822304735e+03
3.032172679636791599e+03
2.049078015467617206e+03
1.110824731677948193e+03
4.193605143752335493e+02
1.213685805065185548e+02
1.846843197138496180e+02
