6.340786551205884507e+02
-5.685637154569369613e+02
-6.328568827506198602e+01
-3.688687224984495288e+02
-1.187228542370102105e+02
4.853623253468679764e+02
8.302683544738014234e+02
1.660771125304401721e+03
1.876101627586249151e+03
3.455895527776139716e+03
3.984368320145811595e+03
4.418071390751449144e+03
5.018718398118491677e+03
5.128899514921747141e+03
5.911318649860297228e+03
5.654056909767411526e+03
5.887536895095942782e+03
5.609238325440865083e+03
5.771191214096244948e+03
5.857745896412769980e+03
6.035058880896264782e+03
6.041057919522618249e+03
6.310229394941687133e+03
5.663235164479713603e+03
6.042462544679147868e+03
6.217242678560142849e+03
6.016862960130883039e+03
6.006632760665398564e+03
5.835135091453348650e+03
6.098280132683015836e+03
6.166294741713783878e+03
5.661735792224922079e+03
6.103020126710624936e+03
5.789438412750601856e+03
5.694234936785288482e+03
5.679717268834830065e+03
5.758048342089706239e+03
5.337012144534362960e+03
4.764053918659606097e+03
4.378122820724469420e+03
3.990431877822174101e+03
2.845218958358367672e+03
2.273727655990211588e+03
1.346690679739054303e+03
7.593053861627461174e+02
-1.358319311092228077e+01
-2.196543258569682848e+02
-4.478609237398800502e+01
