6.165047712575690639e+03
6.531594695718791627e+03
7.344125318516844345e+03
7.400612797629519264e+03
6.709656450895792659e+03
6.465719576154107926e+03
5.536433371179017740e+03
4.681766304178007886e+03
3.813034885087904513e+03
2.855576566340040245e+03
1.985630544613619350e+03
1.457608127863351910e+03
1.069136457881245860e+03
1.296723030903105837e+03
7.386906502782543384e+02
3.594921039541123378e+02
2.375379124957414376e+02
5.554993746489871000e+02
7.646599514919372496e+02
2.871674436232414678e+02
2.239459202557492290e+02
4.679087879515956843e+02
3.356186387323918439e+02
8.677970327401096995e+01
1.243131542834185126e+02
-1.542241763214177475e+01
6.377926657820155754e+01
-8.496111264994409851e+01
1.583843687773444628e+02
4.766949141511200594e+01
1.255333666600820379e+02
5.613620860376261135e+02
5.176862515457906966e+02
2.394176610156795846e+02
2.756573662823296900e+02
4.206005849345403362e+02
7.066424361793452817e+02
7.428647577736633139e+02
1.216516265677943466e+03
1.588589730589075771e+03
2.139835885975258861e+03
3.381235721404982087e+03
4.188206065104757727e+03
4.923182043776193495e+03
5.423601672606757347e+03
6.143387206038172735e+03
6.562959103690081974e+03
6.645237783621698327e+03
