5.885340037901394680e+03
6.406926435739237604e+03
6.836990235911052878e+03
6.954703225837063655e+03
6.459799123990476801e+03
5.985196779102282562e+03
5.109961095144672072e+03
4.295126137022408329e+03
3.625575116579755559e+03
3.018578731398925356e+03
2.048663678027531660e+03
1.693366046056051800e+03
9.031805460227882349e+02
6.641374792785542240e+02
5.701334188999031767e+02
6.812429697185979194e+02
4.951064241725835586e+02
3.422041632687760853e+02
4.471276141121393266e+02
2.964115446919780652e+02
5.673393092780497682e+02
-3.405723045648302616e+01
-1.957238125971463205e+02
-7.899731898320989387e+01
1.765381829336048156e+02
1.576950018895533390e+02
1.279581695344947008e+02
2.949731254814298040e+02
5.268345423351131558e+02
4.740461673019763680e+02
-8.798136835414419465e+01
1.512838017989084562e+02
2.309522169953426385e+02
1.810421191500000759e+02
1.785288505511785786e+02
6.080348279815478918e+02
7.619939619284376704e+02
9.606202837532342755e+02
1.397464643990892455e+03
1.756384964517847720e+03
2.352665349500524826e+03
3.027693911041775209e+03
4.039786283837723204e+03
4.823486477759390255e+03
5.284317485760328964e+03
5.998713764751932104e+03
6.461286642979468525e+03
6.110236636776442538e+03
