3.622893244259424819e+02
-5.580662378120226919e+01
-5.035182522862290284e+02
-2.184042094120225102e+02
1.404597806261910478e+02
2.749799804273180257e+02
1.096279051205821588e+03
1.764038508302974151e+03
2.299827204981947034e+03
3.029467936082720371e+03
4.118431627485068020e+03
4.886273221133085826e+03
4.853156424498293745e+03
5.163506720105795466e+03
5.487368403560074512e+03
5.742436998289318581e+03
5.642183590829234163e+03
5.680735247382725902e+03
5.367398071842736499e+03
5.842027979053760646e+03
6.011835318269499112e+03
5.782991520876907089e+03
5.919745583830416763e+03
5.935051889011619096e+03
6.092356985331932265e+03
5.924607580021173817e+03
5.987334565326375923e+03
5.967935012303621988e+03
5.597511195755641893e+03
5.757128284839875960e+03
5.992383477728303660e+03
6.070951589889594288e+03
5.870537785710243043e+03
5.525527140161476382e+03
5.666673218259453279e+03
5.436396669270288839e+03
5.575507117768332137e+03
5.441476631952058597e+03
4.730170657712361390e+03
4.034007211117148472e+03
4.017999966421065892e+03
3.666217306035151068e+03
2.146186104384967166e+03
1.690743242871992834e+03
1.342796896012207981e+03
7.127126383803046110e+02
2.545809319898516065e+01
2.937979755895986500e+02
