2.192256376178963535e+02
-1.399581610158776073e+02
-4.753969388522804707e+01
-2.565222878563860149e+02
-2.157642350343438054e+01
2.463709286430248540e+02
5.109237384214356439e+02
1.576788075921050904e+03
2.483495769182290587e+03
3.179022984512551830e+03
3.802050920950015097e+03
4.957121425218501827e+03
5.250421555842593079e+03
5.709945649741864145e+03
5.507538014765825210e+03
5.641182063464782004e+03
5.781333010438463134e+03
5.903027138904604726e+03
5.880786247398887099e+03
5.662905647383990981e+03
5.738102470033270947e+03
6.077634877183435492e+03
6.119185491434885080e+03
6.018891077272173789e+03
6.521508667341833643e+03
6.217957721205407324e+03
5.874749296207617590e+03
6.113618705016505373e+03
6.262472375245669355e+03
6.088159825672256375e+03
5.997885722419858212e+03
5.931952204544337292e+03
5.853116844564555322e+03
5.603706135780204932e+03
6.152993759629964188e+03
5.437125815963250716e+03
5.562499874915593864e+03
5.329640962464199220e+03
5.125390452045624443e+03
4.651289060374647306e+03
4.091881633837912432e+03
3.662061919147576191e+03
2.602599629006931991e+03
1.636173123029573617e+03
1.317463457323568036e+03
-1.300343309296370933e+02
2.955425798737522882e+02
-2.176064626540205609e+02
