5.854105225676665214e+03
6.427938210790910489e+03
6.974867978327332821e+03
7.057392606982718462e+03
6.625662092644875884e+03
6.206546707844398043e+03
5.711740517581894892e+03
4.409023314454050706e+03
3.663730381109719019e+03
2.873684312640000826e+03
2.271545676233075937e+03
1.837969446971890648e+03
1.265823047334500643e+03
7.015446785885794725e+02
3.506788816081266873e+02
3.978572750206556634e+02
3.860672745569889912e+02
3.820582229408435637e+02
3.962526040658584066e+02
-1.920640823683914533e+01
2.696281573150572513e+02
-1.921006283366046432e+02
-2.821190880137476142e+01
3.937996721548440178e+02
1.426897845376405769e+02
2.022612194932365242e+02
-1.177752449693403136e+01
3.833010111310630208e+01
-1.380268024236487747e+02
2.285427332488526702e+02
2.893284773517885355e+02
4.048802619815820094e+02
3.784804038909653059e+02
4.163591162850099749e+02
1.734343071493886157e+02
-6.468107216363665657e+01
4.408353318505598395e+02
9.200026277986335117e+02
1.234095233838351987e+03
1.902531742041819598e+03
2.094248269267665364e+03
3.625334776475684976e+03
4.246858373162355747e+03
4.489240899437140797e+03
5.555286527378063511e+03
5.890929473315615724e+03
6.749476918416496119e+03
6.432319418104827491e+03
