7.586063590123842914e+03
7.012171186092255084e+03
7.300839936414634394e+03
7.741256591356042009e+03
6.871977873673937211e+03
6.750445501671324564e+03
6.796871307398733734e+03
5.130413221627095481e+03
4.679483628398382280e+03
3.092297532211548969e+03
2.848064331742702052e+03
1.623020860525309217e+03
1.149067295389087576e+03
1.249935764002911583e+03
6.308820538131253670e+02
4.637844822271017051e+02
3.205185976940318255e+02
5.872482756892443376e+02
1.974283808410900463e+02
6.700559900475456061e+02
7.489607201300538009e+02
8.091072097701291455e+01
2.332930909738501555e+02
3.975297031385758117e+01
-1.099431790748433713e+02
4.849029042555992675e+01
-1.102073523913901028e+02
1.852771989401472865e+02
1.948821870796474798e+02
3.866560389265986686e+01
8.844300626300837394e+02
9.178879740153132616e+02
4.712511693140765345e+01
6.678052237423423776e+02
7.557269000625643685e+02
7.538999521450500652e+02
1.104652351591772913e+03
1.176226410647024977e+03
1.710379087185128355e+03
2.010421331215660302e+03
2.572310329467611609e+03
3.989515201610066470e+03
3.647633019412799513e+03
4.749926132657171365e+03
6.191456953693907053e+03
6.529636297845559966e+03
6.931922971928150218e+03
6.689999039604996142e+03
