7.748272766478413359e+03
7.660963807211714084e+03
8.014198964508773315e+03
8.351540569139711806e+03
7.088846807216324123e+03
6.285570018498550780e+03
5.799688867594605654e+03
5.024653253540022888e+03
3.977819247001421445e+03
3.511878055546712858e+03
2.567108905481007696e+03
1.494069417148055209e+03
1.591598695091941408e+03
9.634643647233760930e+02
1.048532007468698339e+03
3.136844770178866497e+02
3.521382253133793938e+02
2.982786039048461930e+02
-5.319501961742036045e+00
1.049134470443518694e+02
9.448983599909125530e+01
5.006403745975287052e+02
4.597245612260355756e+02
-2.183401212346441866e+02
-7.677287952045087138e+01
1.061038538591426885e+02
-2.212769373396884021e+02
3.433463282585271514e+01
1.291020318469741142e+02
1.692001597918615374e+01
1.490587269308416580e+02
3.314380193020944034e+02
4.477285206956793218e+02
4.178093277824406755e+02
8.626019837725772277e+02
5.216903081384790539e+02
5.836073059988045770e+02
1.102662005472878718e+03
1.574264335608598003e+03
2.578417916676049572e+03
2.650338820016309000e+03
3.443259699497292786e+03
4.551495590596836337e+03
5.156897453263358329e+03
5.865084896718229174e+03
6.709869202410465732e+03
6.644431896831428276e+03
6.503087312476427542e+03
