6.422560588174560507e+03
6.676223588199977712e+03
6.726849221837289406e+03
7.128945758452367045e+03
6.679206073813123112e+03
6.112883099840306386e+03
5.333516745393824749e+03
4.720395489374619501e+03
3.840608097953984270e+03
2.701761529432842053e+03
1.887011569304274872e+03
1.288448718924655850e+03
1.169087527377100059e+03
7.767454821816369304e+02
5.482615440584655744e+02
1.014379234832448873e+02
6.100028300467816962e+02
2.965483198888973675e+02
3.712076186987043229e+02
1.345553760457508474e+02
1.772463676466319953e+02
2.621963269178083920e+02
2.521176041343922805e+02
-4.530308904460165564e+01
5.325373094517435568e+00
-3.127364937129769373e+02
1.436930975472592742e+01
1.790355692967890491e+02
2.504572715348959662e+02
3.457651862359236929e+02
-3.046876110436266316e+01
2.665219307617607001e+02
5.111946764271800134e+02
1.019382387341025833e+02
4.056517887749490114e+02
3.568732669282526331e+02
6.204453032206067746e+02
8.955092084699894031e+02
1.615825655379408317e+03
1.797987517590898278e+03
2.789649507524139153e+03
3.261572845625759328e+03
4.131603372577408663e+03
4.522663873923192114e+03
5.267917042139260047e+03
5.820171285614406770e+03
6.043588791188851246e+03
6.359862019840669745e+03
