5.928807028448644587e+02
1.157637384281617443e+02
-6.801581908889052102e+02
-7.487454177108118358e+01
-1.757755544407712307e+02
2.221638458277327004e+02
1.055005578298682167e+03
1.527717678628026079e+03
2.856509756599598859e+03
3.775474100009930225e+03
4.152608205273284511e+03
4.805636565771508685e+03
4.998590492966077363e+03
5.397895599239946932e+03
5.427233215562176156e+03
5.732225713137175262e+03
6.007503516063576171e+03
5.671764809732924732e+03
5.782544248458916627e+03
6.195373138473001745e+03
6.088745814933981819e+03
6.079683339742657154e+03
6.012235290459854696e+03
6.406142812835161749e+03
6.209736962812358797e+03
5.668580576869476317e+03
6.100679387980751926e+03
5.977908670713114589e+03
6.109733683164896320e+03
5.765111137119274645e+03
6.208453115106847690e+03
5.750077182020810142e+03
6.040004288531337806e+03
5.984344365558291429e+03
5.621974418168216289e+03
5.892401899163285634e+03
5.794253166391067680e+03
5.703720096224829831e+03
5.046247768614345659e+03
4.449955587159146489e+03
4.263738044083062960e+03
3.262551577280347828e+03
2.398608721388718550e+03
1.848594099275030430e+03
4.407380473307550233e+02
5.345976313849723738e+02
1.215481165688878562e+01
-1.488397627419649041e+02
