6.320314961979905092e+03
6.323130209660288529e+03
6.840886905017730896e+03
7.035718799017648962e+03
6.664481029785603823e+03
6.451205741867492179e+03
4.994483184315697144e+03
4.712270341206253761e+03
3.827388216728796124e+03
3.186240025352145949e+03
2.005158913486891834e+03
1.240707113555243950e+03
1.089559051825234747e+03
7.538187025166788544e+02
4.131632041263930546e+02
4.993816670292891899e+02
2.744883851855216221e+02
7.737813488968422462e+02
1.871896104406290533e+02
8.482835791631767108e+01
7.101940864872443626e+02
5.010560429261355466e+02
1.278029484379244138e+02
-5.093024477597971611e+01
-2.882589779364415108e+02
2.357495020492718254e+02
-6.578013085627524958e+01
2.722813681212031156e+02
2.727357936809089551e+02
1.820355692626149846e+02
-1.605101636746015572e+02
6.484958249527004170e+01
1.530599607746508184e+02
2.638157160278419724e+02
4.965769107697688014e+02
5.783689905902631381e+02
6.576599680985478926e+02
8.692599325608888421e+02
1.324609601391749493e+03
1.861250609346751389e+03
2.547859743222637007e+03
3.495371249655912379e+03
3.898754656074504510e+03
4.797167171789456006e+03
5.672150327805241432e+03
6.419442527419012549e+03
6.222056571214668111e+03
6.624742405362028876e+03
