6.384820428609559713e+03
7.030653354106754705e+03
7.179122133665842739e+03
7.349055316537600447e+03
6.971235019971444672e+03
6.753094913273039310e+03
5.585038815964519017e+03
5.010259944608981641e+03
4.201083495024798140e+03
2.701782965325186524e+03
2.631720490456928019e+03
1.615422751109204228e+03
8.611311417663837346e+02
9.210333085764988255e+02
7.103432284945721449e+02
1.886599692703288156e+02
6.392932391306172804e+02
5.478542314991309468e+02
8.847940194786427526e+01
2.702056645902006267e+02
1.191872863056178176e+02
3.350306853743304032e+02
-3.964554737890308900e+01
3.012322178753849471e+02
3.459825785051076537e+02
-1.172399264186349939e+02
6.060044634337531022e+01
1.748769749741948658e+02
2.985339823050299515e+02
2.601908043624300717e+02
4.794239815855893028e+01
1.571177626149637376e+02
1.317163003969550630e+02
1.983262486351040366e+02
3.202823775742907628e+02
6.091115810575039404e+02
9.243624529372859797e+02
9.056427685674134409e+02
1.234716688258523845e+03
1.892813798300488997e+03
2.513577504351742846e+03
3.225043515415873117e+03
3.990936421370752214e+03
4.814900740817166479e+03
6.295130397536216151e+03
6.047427247350830839e+03
7.572512911383703795e+03
6.856630767505788754e+03
