6.924416898403399500e+03
6.829896331244969588e+03
8.334014473862902378e+03
7.073929439455636384e+03
6.960583904514203823e+03
6.336180405094365597e+03
5.481880396681825914e+03
5.214354135052444690e+03
3.520113116515375623e+03
3.051209912842843551e+03
1.917205126202333531e+03
1.774976056206155363e+03
1.552716412470318346e+03
1.505187744300181748e+03
8.995921071040392007e+02
1.011121063382525335e+03
3.411978254199083267e+02
4.259972765168591309e+02
7.000744107855674656e+02
2.261887196624814464e+02
1.085660855068959592e+02
3.290798397121774883e+02
2.835075384183790561e+02
-1.293260726579514426e+02
-3.924146169143422185e+02
6.060284566754478419e+01
-2.242812875731789006e+02
4.447659405544116318e+00
4.070857582961244816e+02
3.373974815078452139e+02
6.562237386701208379e+02
9.552136629612175511e+01
2.875588324996023744e+02
2.073782600331180390e+02
3.614102777507040969e+02
3.221933275422818497e+02
5.925874238968044665e+02
1.268201617259381237e+03
1.178307561071415421e+03
1.734904408001439606e+03
2.401066193720442243e+03
3.322504651716161788e+03
4.339083674885896471e+03
5.489920455366918759e+03
5.902432476077631691e+03
6.571230439338871292e+03
6.387579017984479833e+03
6.191742498235100356e+03
