6.244489042941945627e+02
1.674487590470359919e+02
-4.621495920971049713e+02
-3.461115767765312512e+02
-2.499671160135555112e+02
2.663306215459575128e+02
7.692144887178105819e+02
1.904574579103571523e+03
2.751980768164495657e+03
3.846403567345748797e+03
4.325513648338210260e+03
5.128673510525665733e+03
5.348361927236992415e+03
5.516064670557155296e+03
5.581211846399918613e+03
6.011580412043478646e+03
5.894871975256604856e+03
6.190370506591353660e+03
6.095343939601635611e+03
5.891738450340091731e+03
6.340779373159162787e+03
6.333360009142169474e+03
6.306662428475424349e+03
6.074969879553832470e+03
6.345628823432461104e+03
6.408943972067329923e+03
6.336942084127472299e+03
6.440081897532864787e+03
6.166079138836855236e+03
6.160102948135946463e+03
6.197799220476745177e+03
6.298033173746241118e+03
5.862828109812632647e+03
6.528410557567836804e+03
5.987931735344567642e+03
6.158668815972527227e+03
5.907784482404765185e+03
5.748605003638475864e+03
4.802739149110768267e+03
4.784562657127766215e+03
4.024784022707336135e+03
3.397429553718503485e+03
2.688156052627960435e+03
1.999709355154594959e+03
1.199019805614920188e+03
6.625654227094576072e+02
2.762571519134097571e+02
1.340898068262219169e+02
