7.056999650954292520e+03
8.214107247525167622e+03
7.778419018337162925e+03
8.023232255526198969e+03
7.303956333749614714e+03
6.350561118289750084e+03
5.646410034853677644e+03
5.660290812716012624e+03
4.546142374876803842e+03
3.406175027095053338e+03
3.165784327415608004e+03
1.994682621540396894e+03
1.071053370990380699e+03
1.616848470809242826e+03
7.964962367048718761e+02
6.666905241671533986e+02
6.708804230332914358e+02
2.419631427557945074e+02
1.943149819574535684e+02
2.897687557951634858e+02
3.983552711130546982e+02
4.095581145988968501e+02
8.143204175631403530e+01
2.280082708193059204e+01
1.315975125437424254e+02
-7.320789357525599428e+01
-1.393514411385682479e+02
2.377381736904549925e+01
-6.778753059779714363e+01
3.115889875972158052e+02
1.000771386207913736e+02
-1.173727426594562750e+01
2.485311565739540640e+02
3.065900417937731390e+02
8.397108639125366381e+02
3.982002773662978825e+02
7.516083873064956151e+02
1.080916345094082317e+03
1.949895777405926765e+03
2.596224346221645192e+03
3.084261218013331472e+03
3.856956577307403677e+03
4.078950869117167258e+03
5.672828185160265093e+03
6.236077165563544440e+03
5.731639066009152884e+03
6.859165465717901498e+03
7.762053045580143589e+03
