1.194232411336953191e+03
-3.468639465654640048e+02
-4.711919684990404988e+01
-2.430756046603064817e+02
-8.549713500183519272e+02
2.977976867570699255e+02
5.687158009228439823e+02
1.622451733385744092e+03
2.673436797462299182e+03
2.642149379428696193e+03
3.723504247200239206e+03
4.574471455789462198e+03
4.719025383873017745e+03
4.708506080225508413e+03
5.147981671160166115e+03
5.232975838096158441e+03
5.033644641191796836e+03
5.439271437889965455e+03
5.533436275739765733e+03
5.673616279801626661e+03
5.497397486460566142e+03
5.882766334143545464e+03
5.306854189793085425e+03
5.815955680177730756e+03
5.739276066890553011e+03
5.775575866735430282e+03
5.263220006302320144e+03
5.597243439066282008e+03
5.305989972355874670e+03
5.471664678509026089e+03
5.661581011459106776e+03
5.110273628960104361e+03
5.492363829773892576e+03
5.325422558290000779e+03
5.483917068228554854e+03
5.132775356460827425e+03
5.319276410944049530e+03
4.911954866143320942e+03
4.772882671739480429e+03
3.967748118941132816e+03
3.881512326908929936e+03
3.295277736044459289e+03
2.003705830505217136e+03
1.224483281494937501e+03
2.521465752964942340e+02
3.389477452289925168e+02
5.469096482412978730e+02
5.636576642820366487e+02
