6.918671956577979472e+03
6.939871505208167036e+03
7.978376118762898841e+03
7.294159580003810333e+03
6.669855280270700860e+03
6.847101359378407324e+03
5.451048516586389269e+03
5.262282776626447230e+03
3.657916282530208719e+03
2.946941078861981168e+03
2.144991254023529109e+03
1.572876240615928964e+03
1.029827610155969978e+03
8.749191566059000706e+02
5.103285540925901387e+02
4.587342944762281149e+02
4.709587364328701256e+02
5.703268590768099102e+02
3.331037788205875358e+02
3.329947991090518826e+02
1.471759076439992100e+02
3.653934320133997176e+02
6.020117041228646713e+02
-1.913309304163035733e+02
3.928303623495417582e+02
6.495327222249217414e+01
5.429944632451595510e+01
2.558266908579219603e+02
1.477862095259239368e+02
-9.834810535920506425e+01
1.578714796348482992e+02
3.350074979235953947e+02
3.620370730733299638e+02
2.393448478653149607e+02
3.195190174407075006e+02
8.233810937726400425e+02
6.743778072759523639e+02
1.168237064225936592e+03
1.107458713790672164e+03
1.555294570252032145e+03
2.497534149373190303e+03
3.285131231386126274e+03
3.795790602269311876e+03
5.135207745769575013e+03
5.444622272153995254e+03
5.833833445159160874e+03
6.689188035966923053e+03
6.828093077904493839e+03
