7.519964187093393775e+03
7.247872747946621530e+03
1.007520233510139951e+04
6.961722609804854983e+03
7.047221054979312612e+03
6.705084777702513747e+03
6.541620306311890090e+03
4.621931984381626535e+03
4.630110436081200532e+03
3.173172953655421225e+03
2.759115848164157796e+03
1.824633916047664798e+03
1.628263559238829203e+03
1.856654922802660394e+03
9.075034833784405919e+02
7.951733728341346250e+02
6.647379229094402717e+02
5.060857959247562690e+02
2.837207945536638931e+02
4.398978152932754710e+02
4.868525187812849708e+02
4.177943582894388328e+02
3.764297863077761122e+02
3.250555038393171259e+01
1.350235793879100186e+02
1.847210225492688949e+02
-2.712073815823499103e+02
-1.107218041617899758e+02
2.848259576547322922e+02
4.791807350926214326e+02
3.628288803734207590e+02
1.453644686227358136e+02
5.090145936432646181e+02
9.182914307780940817e+02
9.075341752926655090e+02
1.147351983661529630e+03
8.789846748176844358e+02
1.654940395758248087e+03
1.640639320765156526e+03
2.555924881902007201e+03
3.136415693599770293e+03
4.215937061422649094e+03
4.703337178078255420e+03
7.494785798542257908e+03
6.775040842611322660e+03
7.363669399431159036e+03
6.790480393531493974e+03
7.533160931023216108e+03
