6.303202857767529167e+03
7.832407002466406993e+03
7.348281496147865255e+03
8.231302536763414537e+03
7.374780451014932623e+03
7.141692321266085855e+03
5.890188418196287785e+03
5.071787918074807749e+03
4.243832026141297320e+03
2.767633934823655181e+03
2.278236668990438829e+03
1.844482168939674011e+03
1.588839905529677935e+03
9.702417219143910643e+02
5.127802231991867075e+02
4.016562207681790824e+02
6.896351424610462573e+02
2.236985551439709923e+02
3.921404758270418256e+02
1.691879064489446307e+02
-8.272918263233812297e+01
3.191931736157455362e+02
-1.007879855132439815e+02
-1.235979385676156284e+02
1.347396424745012098e+02
2.211475946398661847e+02
-1.992190663795659233e+01
1.768014199819510566e+02
5.172448401708020356e+02
3.623761435680193586e+02
3.977591282108287487e+02
5.708488557242779962e+02
5.836021224127866844e+02
5.061430370484392824e+02
3.608284552349343812e+02
2.647735084312605522e+02
7.962132112398948038e+02
1.272079897231407358e+03
1.557845929951714197e+03
2.360650117632947513e+03
2.980245128052115888e+03
3.984240961278548639e+03
4.120547284466813835e+03
5.244166201884935617e+03
6.017913574211722334e+03
6.362286964684745726e+03
6.218625337794115694e+03
8.030259849454711912e+03
