7.082809573883237135e+03
7.412846057486519385e+03
7.441076319127139868e+03
7.090990321462481916e+03
7.432632832362018235e+03
6.746322193140250420e+03
5.685303539129693490e+03
4.466005449926115034e+03
3.663299035849297525e+03
3.308897470571045687e+03
2.284621014970875422e+03
2.137527959655251834e+03
1.384996809133014267e+03
4.493342507943839905e+02
9.129162765807579945e+02
9.618350548102993116e+02
5.339856302045534449e+02
5.979019427852299486e+02
3.588757253876113396e+02
4.275524407623792627e+02
5.447241627500671939e+02
2.218126116097432998e+02
3.011914900514681790e+02
3.388552353413361828e+01
-4.455567644699127783e+01
1.245675341462565626e+02
2.975171930941777418e+02
1.019695593131568927e+02
4.076666456122948716e+02
-1.377639568957428651e+01
3.972235201220671570e+02
7.075553922117325101e+02
4.373037493385373864e+01
1.596610441139953309e+02
1.685963171229632565e+02
8.786983194402396293e+02
1.125541620776246646e+03
1.317176931209660324e+03
1.682126290449554290e+03
1.765482840076463162e+03
2.823009126030548487e+03
3.970464932065288849e+03
4.462538802602371106e+03
5.146490926551014127e+03
5.533579001000145581e+03
6.474125717879574950e+03
6.289074031702893990e+03
7.096308354424432764e+03
