6.440418352586604669e+03
7.379360200630126201e+03
7.071186469537815356e+03
7.752049746431342101e+03
6.378118641604725781e+03
6.173220513610222042e+03
5.494598084065386502e+03
4.764188535814446368e+03
3.815550884481886897e+03
3.132746557944704819e+03
2.346532175217096210e+03
1.717119076563216595e+03
1.359769830767750136e+03
8.343553101865172721e+02
9.375567374957894344e+02
2.465755740908841176e+02
3.473244927988182695e+01
7.756967347049336468e+02
4.151546898041328291e+02
1.394091718228135051e+02
4.272460977463831000e+02
3.102477073364744342e+02
3.188180359502654824e+02
5.351787469149849841e+01
9.921699529862979716e+01
-2.525273164317537677e+01
3.001407834658817109e+01
-1.906094108499207493e+02
1.120250356786621495e+02
4.213329703959917083e+02
3.915799815746273111e+02
3.163912844528672395e+02
5.774225947581430596e+00
4.497277627463556655e+02
3.585013834273481166e+02
5.823522296358059975e+02
3.665177758878422765e+02
8.609932158704192489e+02
1.657353234449808042e+03
1.753677317049654903e+03
2.614719773880370212e+03
3.218222322761020223e+03
5.073307459634627776e+03
5.145283062493059333e+03
5.664282870318630557e+03
7.442621465896670998e+03
6.951526935956116176e+03
6.900642183421288792e+03
