2.391536836148679299e+02
-2.060060685081392648e+02
-5.371285886549408133e+02
1.084034952030124828e+02
-4.605374459222680912e+02
8.561149242674666766e+02
9.876197905167210820e+02
1.497405378724047750e+03
2.582440975856002751e+03
3.340106900425885215e+03
3.513802117408812137e+03
4.544318071914806751e+03
5.108428034637558994e+03
5.534265135613874008e+03
5.403884404339788489e+03
5.430440238953137850e+03
5.830068752137312003e+03
5.373541060093026317e+03
5.832663526522736902e+03
5.645606322290495882e+03
5.686266635181073070e+03
5.719261055543332986e+03
6.089876490698070484e+03
5.809881990536031481e+03
5.619442299346559594e+03
6.015910362305826311e+03
5.908324677504462670e+03
5.887307398489425395e+03
5.968459796400977211e+03
5.321905321641896990e+03
5.522958976030910890e+03
5.748952067568071470e+03
5.858033957465410822e+03
5.445244704594120776e+03
5.796337472094263831e+03
5.764417724535234811e+03
5.426031040137741002e+03
5.426877337610559152e+03
4.814114812204647023e+03
4.232548760305287942e+03
3.469865302734036504e+03
2.875251056379453530e+03
2.194327265479351809e+03
1.236798902777292369e+03
1.017751438885526454e+03
3.863151926246272296e+02
2.019738833470829888e+02
3.363523489037915226e+01
