-1.357234429141925318e+02
-8.523734102593033413e+02
4.593542199598740581e+02
-9.420075819216879154e+01
2.447106532923564259e+01
5.984723260765537134e+02
1.568858215545955773e+03
2.172921541564475774e+03
2.832379925826858653e+03
3.448450498134036025e+03
4.333370855654211482e+03
4.930076961536456110e+03
5.928624705222240664e+03
5.788868678974805334e+03
5.744634058814936907e+03
5.962577679699304099e+03
6.173014785592240514e+03
5.988301626090148602e+03
5.728752801731398904e+03
5.796184736218526268e+03
6.139121411500170325e+03
6.453686134682895499e+03
6.243643779576501402e+03
6.508261589102381549e+03
6.298008373687325729e+03
6.387416016211758688e+03
6.251201744622382648e+03
6.101022336421721775e+03
6.499793321293448571e+03
6.441911882752684505e+03
6.472400245199932215e+03
6.175548140178696485e+03
6.076808088564172976e+03
6.058290333985131838e+03
6.243943963890760642e+03
6.384091089372288479e+03
5.521683743233975292e+03
5.661328573012291599e+03
5.057982856785762124e+03
4.452901393742697110e+03
4.479992921181790734e+03
3.256026915093468233e+03
2.529960511160361420e+03
1.971293705408570077e+03
1.078909976686318714e+03
5.169447565983797404e+02
1.556050640319279239e+02
-6.496140455350548848e+01
