4.861414532775098110e+02
2.325979359685421173e+02
-7.804283585383048205e+01
-2.642239099107051743e+02
-1.645979409769638266e+02
-2.118747025045571490e+02
1.416800002872745154e+03
2.010845639949670613e+03
2.406676212286582995e+03
3.324194863572539361e+03
4.055423881504472320e+03
4.563208103504687642e+03
5.459203977892296280e+03
5.546929921302869843e+03
5.352914727698592287e+03
5.695556287638787580e+03
5.843598496836032609e+03
5.832306550685225375e+03
5.544040411738877083e+03
5.727194923060391375e+03
6.197768912864924459e+03
5.633129279415222300e+03
5.782496987329749572e+03
5.820663225148717174e+03
6.507515543717632681e+03
6.469813848997417153e+03
6.290871008451807938e+03
6.109549036982116377e+03
6.095083454255377546e+03
5.879535363734686143e+03
5.859809109258006174e+03
5.950845011829622308e+03
5.705355193030122791e+03
5.638977359651154984e+03
5.987634232669216544e+03
5.879151639563146091e+03
5.610109566149373677e+03
4.959175470406056775e+03
5.215417315995888202e+03
4.341337779896816755e+03
3.545914927658402576e+03
3.061472222663507182e+03
2.399483307651147697e+03
1.694154462135555150e+03
1.118611643991068831e+03
1.006727173733339555e+03
1.369006898165131645e+02
-8.607462797530253340e+01
