8.921865917300412548e+03
8.715700635957557097e+03
8.892134199814112435e+03
8.177683703281515591e+03
8.394541507999585519e+03
6.400039745890675476e+03
4.877934658844594196e+03
5.932542946552675858e+03
4.078461380303258920e+03
3.555289217067459958e+03
3.033527722937046292e+03
2.002423189840454370e+03
1.175603435073638366e+03
1.918605624530226123e+03
9.521724748295860081e+02
1.007551853665155818e+03
1.164094639188228797e+02
1.092779311068592563e+02
3.880531749569587419e+02
3.950897992007334096e+02
5.453825513903816500e+02
2.480475186938016563e+01
-3.964817938529355388e+02
1.834789881117225150e+02
3.389507734265687589e+01
-3.814026404786503122e+02
1.227443047704511230e+02
1.560923618542562110e+02
2.407068052296439475e+02
1.858705658952506496e+02
2.554464304349072847e+02
1.780110242652389729e+02
4.636544613284710294e+02
3.442384620180481534e+02
1.166987098629435422e+03
6.325701095414232213e+02
8.004930144349258399e+02
1.759341367912590158e+03
1.336908268984163215e+03
2.164799484795794797e+03
2.833602952269446178e+03
3.513615547074632559e+03
5.087932727516508749e+03
5.774393515848907555e+03
6.655806745598561974e+03
6.752450263519674081e+03
7.394309618327516546e+03
7.729057510700285093e+03
