3.494314992492458600e+02
6.666096145019668029e+01
-3.004187176809833772e+02
-2.640031471663729690e+02
-2.127377707890299519e+01
1.696031812268179806e+02
1.396168487198915500e+03
1.905123868746049084e+03
2.703439161299986154e+03
3.422764476785618626e+03
4.396318220831002691e+03
4.349029510022267459e+03
4.778063151230786389e+03
5.740878837534815830e+03
6.093482960829357580e+03
6.166398389001917167e+03
5.581680507783295070e+03
6.013047021653443153e+03
6.318725992592483635e+03
5.759154827700817805e+03
5.684399010633670514e+03
5.705027556824768908e+03
6.486362314965389487e+03
6.143101361581060701e+03
6.245803323914297835e+03
6.242329407396596253e+03
6.417613944022237774e+03
6.231788910019463401e+03
6.078074556697060871e+03
6.049904648568448465e+03
6.186438896666880282e+03
6.058843983773273976e+03
6.287157969600295473e+03
5.989258690757859767e+03
5.567014938446916858e+03
5.986319104508195778e+03
5.766995095890494667e+03
5.658133191752245693e+03
5.300445641683878421e+03
4.802197878803187450e+03
3.945398566538136947e+03
3.215285813439668345e+03
2.384079897804673692e+03
1.622099548536309840e+03
1.018225456808187460e+03
5.790040836234542212e+02
1.990373972722122176e+02
4.847433610308452785e+02
