6.571266263462693132e+03
7.551881499697423351e+03
7.477140968314964994e+03
9.463560623776666034e+03
1.006331798980400163e+04
7.964841832747635635e+03
6.844199129776238806e+03
5.169386183581071236e+03
5.485888235305798844e+03
3.576712959923908329e+03
2.908314573118263525e+03
1.883075296465492102e+03
1.112451823526598446e+03
1.124676019452766695e+03
1.110821901016596485e+03
8.432611357315819305e+02
8.414841306350825789e+02
8.165903379736337229e+02
6.524935129127023856e+02
1.910425550537815695e+02
6.064130144903755593e+01
1.272513164760914322e+02
7.505331699781486066e+01
-2.222847026200265077e+02
8.242251199845595977e+01
-1.101382814591549533e+02
2.261968695457482283e+02
1.821128495175394448e+02
-1.855843595664268264e+02
3.639070927897564047e+02
2.007606417987165059e+02
4.036753065248451549e+02
8.549732189505753865e+01
2.593508061757925134e+02
4.093759811512572355e+02
4.174120513392231260e+02
9.461325501950329908e+02
1.294814181509742411e+03
1.966211790545838994e+03
1.830624622140337124e+03
2.664646826952551692e+03
3.380720663650857205e+03
4.791832566512807716e+03
5.075402512688662682e+03
5.900268944000786178e+03
7.001202137081739238e+03
6.157863985144259459e+03
8.012567864998464756e+03
