7.176176878452754863e+03
6.856210789487908187e+03
7.505366729181332630e+03
7.108646794851570121e+03
7.278259955718027413e+03
6.640739819392602840e+03
5.919648050110537952e+03
4.790221310155523497e+03
3.808909682948499267e+03
2.938962040527192130e+03
2.212412469102386240e+03
2.005692597798590441e+03
1.385470968268600473e+03
1.049782450415753146e+03
6.428518267897297847e+02
5.033568067132475221e+02
4.280263655060271617e+02
6.710315592505111226e+02
1.997071978473098852e+02
2.852886411601448913e+02
2.478188881731439039e+02
3.727547952063183061e+02
2.165614825773335639e+01
2.126329812594876500e+02
1.408220873146030954e+02
-4.161896074589695793e+00
2.360018106561474553e+02
4.702388151888619916e+01
1.633443183169959525e+02
2.856095762134257257e+02
2.060221650238493112e+02
5.383886154337387779e+02
5.079287917103528116e+02
2.160662014975635543e+02
6.234611009093978282e+02
6.684596956954882216e+02
9.217858619932397914e+02
7.417173411109548624e+02
1.859123026500469223e+03
1.815581140130609356e+03
2.515644982605222140e+03
3.236709762292638970e+03
4.502505487913290381e+03
5.368620517418398776e+03
6.125263325456217899e+03
6.397751587367217326e+03
6.762092977378023534e+03
6.552257461908165169e+03
