6.701394456348444692e+03
7.278563843177346826e+03
7.389270982520871257e+03
7.632068253543078754e+03
7.582629876365755081e+03
6.601897161302642417e+03
5.876549885005199030e+03
4.384111638206064526e+03
3.881071508688972699e+03
3.183594879179178406e+03
2.534722317031445527e+03
1.623072578105324965e+03
1.916446080540029470e+03
5.932186099289890535e+02
9.621159926760575445e+02
7.236735256023712282e+02
3.176610526879524627e+02
3.260049644920982246e+02
4.030609154792409754e+02
6.217464180648519232e+02
2.699348732482073387e+02
2.553415495297801101e+02
3.419529602864295157e+02
2.330867258527368620e+02
-2.813668058673205792e+02
-1.287652869327005760e+02
1.089899645316277876e+01
-2.520197333627360763e+02
1.965363207957412328e+02
-1.799054497248970392e+02
-3.978733658202546053e+01
2.349580893059155073e+02
4.908842399904979175e+02
4.546162251468568343e+02
9.153305047123975555e+02
3.968981202029127076e+02
7.219386890776086148e+02
1.215387151980276712e+03
1.309735329988058766e+03
2.296247257185294075e+03
3.079320142558377029e+03
3.407310185243336491e+03
3.982472589295359739e+03
5.253647617019463723e+03
5.897418343678741621e+03
6.652971335538713902e+03
6.885400942094373931e+03
6.763617568693347494e+03
