4.119247533739935534e+02
-1.309406739542083642e+02
-4.271534798586063744e+02
-4.154980924407774978e+02
-1.717470203801406115e+02
7.334145132597393513e+02
1.130782301775299857e+03
2.129542828613675283e+03
2.881286589257407741e+03
3.703108422183600396e+03
4.550721483104272920e+03
5.011253074388619098e+03
5.821638886555379941e+03
5.766184700538448851e+03
6.187706599471515801e+03
6.405797064162643437e+03
6.095148315942517002e+03
6.497659783244185746e+03
5.826632756270770187e+03
6.340602559254146399e+03
6.289139337989876367e+03
6.932702390142849254e+03
6.586153276475542043e+03
6.510786551850003889e+03
6.323344215440999506e+03
6.869969080348868374e+03
6.808349603386412127e+03
6.561557655486144540e+03
6.308465150082440232e+03
6.401517900236159221e+03
6.393628480474810203e+03
6.360824204483975336e+03
6.279553387846523947e+03
6.390954189806503564e+03
5.995126991619294131e+03
6.162715230984941627e+03
6.386314430320760039e+03
6.100391180217083274e+03
5.460517718533349580e+03
5.060107722047024254e+03
4.224391500476522197e+03
3.529971814742119932e+03
2.596843375012482738e+03
1.998681640178443786e+03
1.346100069882307480e+03
8.628831346455951916e+02
5.184251159899556569e+02
-1.455604275369304901e+02
