5.952480032120444776e+03
7.939850324430559340e+03
8.944275339516500026e+03
8.846975863883613783e+03
7.198454233900576583e+03
6.481711408185167784e+03
6.783792203357840663e+03
5.889549115323566184e+03
3.941956755158209035e+03
3.031043258375606001e+03
2.300097484556838026e+03
1.794924786037653121e+03
1.003739013342649969e+03
9.716360649641911778e+02
1.038978622627611003e+03
3.613959356617955905e+02
4.665467489033703146e+02
2.382545338068157719e+02
3.054250159532587645e+02
3.051004039701804800e+02
3.947057705985391749e+02
3.143249852172475016e+02
8.672187837481939710e+01
-4.366805069523378506e+02
-8.870398795094425282e+01
2.487330660701327290e+01
2.434874828551011205e+01
-2.093367270204789179e+02
1.308515999698363430e+02
5.215231060513818875e+02
5.386930913591734083e+01
1.547029498701843124e+02
-3.772663029766027964e+00
9.353799378330935497e+02
3.219715033834162341e+02
7.358123702208325767e+02
1.182527242625965982e+03
7.457132020473109151e+02
1.141790205794467965e+03
2.924399666327444720e+03
2.842997020049935600e+03
3.160119478842083026e+03
3.923632488801734780e+03
4.968549337648749315e+03
7.229147021039018000e+03
6.375916842702455142e+03
6.563622619628821667e+03
7.187528871510409772e+03
