6.716069514334019914e+03
6.726532657603404004e+03
7.192478927568554354e+03
7.902442066460605929e+03
7.329263189143788622e+03
6.774649936516295384e+03
5.934023517912738498e+03
4.596377917733569120e+03
3.883736856065793745e+03
3.236222953885919651e+03
2.673586321276676699e+03
1.630719340800101918e+03
1.396446936140445814e+03
1.014877258591988266e+03
2.101747653830644822e+02
8.492026753504761700e+02
3.828296049672126742e+02
3.622150311542573604e+02
1.840468295337275890e+02
7.916477426191694349e+02
2.048667708471236324e+02
3.821511929783396226e+02
1.874532890425920186e+02
-7.799073598654520367e+01
4.835498977501166706e+01
-1.600638144296789278e+02
2.166555170834749333e+02
4.377924222267092773e+02
1.453007436989208827e+02
1.682973783573114019e+02
1.014248767642417306e+02
2.499632565172231580e+02
4.081250441447681396e+02
3.357981640955219973e+02
4.840543870159502831e+02
5.590733712909564019e+02
4.220379143573385363e+02
9.317559236844490442e+02
1.324421667744155684e+03
2.188046469180393160e+03
2.568036927553970145e+03
3.361859505541902763e+03
3.944145762301442574e+03
5.084111392276972765e+03
5.716169637863531534e+03
6.180506974955266742e+03
7.301012360105345579e+03
7.265392543075939102e+03
