3.789317021410936377e+02
-9.803179816463602592e+00
-4.838766877250080825e+02
-3.068652058349263143e+02
1.207664105188069783e+02
3.008469607164917079e+02
8.590769723978837646e+02
1.725756459229221036e+03
2.715770803443914247e+03
3.443821916525536381e+03
4.084447375601840577e+03
4.896455345169525572e+03
5.190303439300339051e+03
5.589933484132929152e+03
5.956757521238577283e+03
5.893820939802118119e+03
5.900270377690363603e+03
5.827390229575839840e+03
5.858303769377213030e+03
5.898023801490551705e+03
5.929768791033797243e+03
5.939420747973102152e+03
5.795798985725687089e+03
6.055418311621789144e+03
6.148399370927733798e+03
5.920920805220384864e+03
6.426227354733824541e+03
6.213012799812840967e+03
6.333815726820777854e+03
5.672518248663091981e+03
5.567547658773217336e+03
6.008132087357670571e+03
5.567934790647104819e+03
5.733772613688712227e+03
5.591293886236176149e+03
5.755502562284322266e+03
5.132272083960497184e+03
5.436323270469407362e+03
4.834742576915233258e+03
4.214660541606859624e+03
3.761918512430229384e+03
3.221104581069919732e+03
2.433310467820658687e+03
1.589570996813798502e+03
8.431797243006770941e+02
6.612835475343656526e+02
2.877730023078318027e+02
2.205301930104746191e+02
