6.288148016828864456e+03
6.864099391454658871e+03
7.301576859765386871e+03
7.051184015356293457e+03
6.484136081406839367e+03
6.236062956106959973e+03
5.378407048865405159e+03
4.651218031121717104e+03
3.989225725849737955e+03
3.049648437603923412e+03
2.076983975113831548e+03
1.591892305429377302e+03
9.167041815737246679e+02
4.655556391808444801e+02
7.852427304782884221e+02
1.801394026304770648e+02
6.164316568613165828e+02
1.739493274429807741e+02
2.782546050476152288e+01
3.832809729113039907e+02
5.524183946781786290e+02
1.758544213640274165e+02
3.686651637778467148e+02
-8.790922459262054645e+01
3.667307561902523503e+02
1.951229167117537315e+02
2.386463190705252941e+02
3.475556453373823160e+02
2.639119179405071804e+02
-6.690056815241388222e+01
3.123537971510620537e+02
2.550111907828817550e+02
3.798243052766844130e+02
2.132385448427458243e+02
3.101477819493779293e+02
5.333068803571086391e+02
8.292539738824339111e+02
7.497709409541993182e+02
1.227420482947191431e+03
1.862713118317413318e+03
2.558945860945713775e+03
2.896240040711851179e+03
3.895673786797942284e+03
5.158913173948394615e+03
5.382863763204118186e+03
6.417121709658097643e+03
6.481741937914091977e+03
6.534389425460927669e+03
