6.579503422693861467e+03
8.218015836887218029e+03
7.185236590844303464e+03
7.041676093255497108e+03
7.251730596466038151e+03
6.371784283083989067e+03
5.969213527570666884e+03
4.630115818287219554e+03
4.030765032147212878e+03
3.619574881079949137e+03
2.175103036932778650e+03
1.892379667416252005e+03
1.588458963009128411e+03
9.192088185412361554e+02
3.869388490828303020e+02
7.271733912127841677e+02
4.971110905939254963e+02
2.592348746902052881e+02
2.838436958894236568e+02
2.692381527085074140e+02
3.123643688680819253e+01
1.991611955592884442e+02
1.758061901446014588e+02
2.495630726707026099e+02
-2.201628623476780344e+00
5.968849937548053504e+02
-1.398250326452197214e+02
-2.719327471886728276e+01
-2.495625332816962327e+02
2.678444488347453785e+02
1.914034126973792809e+02
2.538620282451721266e+02
-3.246923324689259260e+01
-1.808418233540403151e+02
5.047284613922183780e+02
6.431336075298679589e+02
8.560687869180134157e+02
1.297190021837046061e+03
1.195509181043385752e+03
1.927410293188490641e+03
2.733738295893003396e+03
3.279022352205958668e+03
4.060377710005493100e+03
4.708526089925005181e+03
5.947883831803827889e+03
6.661692374832702626e+03
6.645769375334983124e+03
6.720255825418116729e+03
