4.679985095479145230e+02
-2.292952415836059288e+01
-5.948450523900835378e+02
-4.281689196724715316e+02
-1.458994817155679016e+02
7.238444683885628592e+02
8.229738717562164538e+02
1.878642063749972522e+03
2.671063187892131282e+03
3.449841267361771770e+03
4.482111644554463965e+03
5.513644193553930563e+03
5.776966142809897974e+03
5.873086057137265925e+03
6.252293860260429938e+03
6.347008196856006180e+03
6.325842475759560330e+03
6.419329993286955869e+03
6.039459220351551267e+03
6.193642354707342747e+03
6.583544945026502319e+03
6.261872512650359567e+03
6.780181882563740146e+03
6.266959800894271211e+03
6.603637516529038294e+03
6.541231361303573976e+03
6.517675710022936073e+03
6.450254187681504845e+03
6.564655270709014076e+03
6.423094727803884780e+03
6.535487834668053438e+03
6.087805050977925021e+03
6.202797351283506941e+03
6.644291346768428411e+03
6.025446197920662598e+03
6.391550023277145556e+03
5.958259705528565064e+03
5.415838645974632527e+03
5.597531758555537635e+03
4.560060055144588659e+03
4.552804848292154929e+03
3.429367624305844856e+03
2.253076152830466071e+03
1.659624741261600548e+03
1.095071972223862986e+03
1.796774544685498824e+02
5.561190988258883863e+02
3.265962392460713772e+02
