6.245559761467303360e+03
7.453577865625665254e+03
6.596000020406337171e+03
7.129641920668521379e+03
7.204331216421534918e+03
6.868629094914338566e+03
5.774741671135554498e+03
4.716752051682927231e+03
3.468649853221307239e+03
3.112798085767586144e+03
2.720569441032219856e+03
2.093467926790580805e+03
1.167982811979607504e+03
1.136042210097769839e+03
6.718941338325485049e+02
3.199309639389534254e+02
9.171984445612993113e+02
2.661521384553272469e+02
8.024419623327499949e+02
6.656855988756348097e+02
2.885155991474377970e+02
3.004423640717799344e+02
2.530358684441612525e+02
1.683012656703506877e+02
2.318089191870227239e+02
1.621539817532633663e+02
-1.325695264836134584e+02
-2.866206219467983374e+02
2.334922242994862245e+02
2.183063013499847500e+02
4.046190250738183636e+02
1.572015957242646209e+02
3.557840855462365539e+02
3.427657586984153113e+02
1.469752273811510577e+02
3.650189676707900048e+02
1.008376263779491296e+03
1.045497590386224829e+03
1.636666504962625595e+03
1.622387813834103554e+03
2.112280611495682479e+03
3.150939120552872282e+03
4.008345041798146212e+03
4.917991160732293793e+03
5.505153446195979086e+03
6.407434902920831519e+03
6.787488148947624722e+03
6.817151074985849846e+03
