8.545616871749696656e+03
8.010449741700193044e+03
1.015115434319845735e+04
7.350546327161605404e+03
7.532076765963671278e+03
6.444625256465168604e+03
6.448100290460039105e+03
5.398800657431789659e+03
3.922685438820875788e+03
3.575077900298194891e+03
2.408710353228386339e+03
1.876201930835840813e+03
2.382822308810606046e+03
9.959315800900901650e+02
4.655652952873094250e+02
6.802615477419002445e+02
5.707469418362775286e+02
2.734103512279517645e+02
6.261491431194162942e+02
5.820073053474256994e+02
-1.924951053082956776e+01
1.939496282356327299e+02
2.734160268739999538e+02
5.924029998054515289e+01
1.359639613699443998e+02
-1.007114063331789566e+02
2.131449088254989874e+02
-2.186974996179708342e+01
4.495411623581023832e+02
4.404707139235832756e+02
2.261973483432923615e+02
2.649665389105580857e+02
5.227067329871740640e+02
3.072533337076001203e+02
4.198128616408297944e+02
6.403678758399645403e+02
1.015729556598218096e+03
1.253731049217579312e+03
1.709585633725192793e+03
2.073479489144222498e+03
2.161363147112956085e+03
4.092113496921534988e+03
5.088223950148686527e+03
5.898992176019736689e+03
6.167983903216643739e+03
7.168990943393769157e+03
6.695546518481298335e+03
6.618931602967731123e+03
