6.200611503336791429e+03
6.823288600875512202e+03
6.936363284580538675e+03
7.148708441760235473e+03
6.733208423705688801e+03
6.300719025397155747e+03
5.569231415193689827e+03
4.858120646487032900e+03
3.867828931971030215e+03
2.778830382648491195e+03
1.990368575507672858e+03
1.514151916541128230e+03
1.046568120359625027e+03
9.045513699300867074e+02
6.025205451822728264e+02
5.210305883711286015e+02
4.955742007231434627e+02
8.429710330113437067e+02
7.617570162908836373e+00
2.336250623100881114e+02
2.311946358065418394e+02
-6.363155074206931516e+01
1.924514676565254376e+02
-1.800912581220171171e+00
3.351721754227236971e+01
1.061538510575511296e+01
1.592344192295428513e+02
3.589183896223969441e+02
2.030799433335597541e+02
1.815428005406755005e+02
1.140987217221427272e+02
5.844420797146616451e+02
1.615353889813614217e+02
3.463553230589391205e+02
1.494889688555031171e+02
2.142055538763073628e+02
3.509505400385202734e+02
9.590837345490149346e+02
1.220408959715624633e+03
1.922692344070421768e+03
2.342099908125826460e+03
3.178212849313827064e+03
4.213643479482707335e+03
5.073768925170204056e+03
5.545545637732342584e+03
5.712007350241834502e+03
6.531730934979487756e+03
6.447358680320042367e+03
