7.381861803035636513e+03
8.699270489346856266e+03
8.037803611158302374e+03
7.472604439562372136e+03
8.430863305492366635e+03
6.001971376945489283e+03
5.958743230466060595e+03
4.752562424113898487e+03
4.379139996400378550e+03
3.309329635539008450e+03
2.539523734840272482e+03
2.868468669875241631e+03
1.897718183687385135e+03
7.837751279993774460e+02
1.380168988673898411e+03
8.357125289639506036e+02
7.019825272914546304e+02
6.061072491178031214e+02
2.670866120401781814e+02
3.094549686553412471e+02
1.631463888735157468e+02
4.084478890806546474e+02
5.701743023947385609e+02
3.703216295502400612e+02
-3.482336090586065893e+02
3.977567775123342244e+02
1.788511586055433042e+02
3.837031189196430887e+02
1.592608463961407210e+02
3.517702475376018612e+01
-1.088430657593792148e+02
1.995663312260767270e+02
1.215402824876570236e+02
4.032831944250797847e+02
3.122005792002541966e+02
2.205090884840732599e+02
1.020262704989161193e+03
8.893484250324554523e+02
1.672500243825408688e+03
2.056244753513347860e+03
2.657821010953048699e+03
3.383884802558033698e+03
4.038966757684281220e+03
5.168915697294917663e+03
5.666058262703984838e+03
6.846131266515178140e+03
7.007487406602173905e+03
9.163998215636629538e+03
