6.439261364494462214e+03
7.086776418236040627e+03
7.331864288117699289e+03
6.925129471947006095e+03
7.460213749231321344e+03
6.245458894234204308e+03
5.527149780522142464e+03
4.724617736562785467e+03
3.505838276107556794e+03
3.146472706867755733e+03
2.403818872681440098e+03
1.635639507172605136e+03
1.332985885781229626e+03
8.142882947119210257e+02
8.190908119386593853e+02
3.155991233813200552e+02
3.543449531439390512e+02
-5.759607293036700781e+01
4.034198798066773293e+02
2.180162268180728233e+02
3.647696680417138850e+02
1.672675989775308381e+02
1.781173279327077523e+02
8.513695992114006117e+01
5.472585581257649068e+01
1.462632791050932042e+02
1.455492635662977534e+02
-3.156718675697142658e+02
1.848173077565210463e+02
6.279926997762653684e+01
3.207232696270567658e+02
6.011736940615701315e+02
4.294538488870999799e+02
6.630765918893509934e+02
5.904919111835923786e+02
1.172688615642785948e+02
1.996270254938405913e+02
9.633639441851508991e+02
1.312841001971466994e+03
1.650024239222504775e+03
2.518132146710348934e+03
3.331109287377521468e+03
4.121463989794872759e+03
5.228154346301316764e+03
5.460141206790199249e+03
6.412859289583283498e+03
6.625502194634001171e+03
6.627085582779457582e+03
