1.864177330611920809e+02
-1.231013740094833508e+02
-4.456992121723129685e+02
-3.668745428865300937e+02
6.263869175313961080e+01
6.866187042539969525e+02
1.494294701062926379e+03
1.798086352562738739e+03
2.773844898532879142e+03
3.596241939903679850e+03
3.925142463207015226e+03
4.433374854553843761e+03
5.393763322129324479e+03
5.387193603945990617e+03
5.132965050595603316e+03
5.185385962532866870e+03
5.530193365669404557e+03
5.399882329852186558e+03
5.609185227430963096e+03
6.061840577247578040e+03
5.615664115945563935e+03
5.532906228350440870e+03
5.693804953138920609e+03
5.609354628543916988e+03
6.258139949384480133e+03
6.017004847174937822e+03
5.739574082424710468e+03
5.740109031264101759e+03
5.756881878710425553e+03
5.957135592055540656e+03
5.552306323577852709e+03
6.033845837985224534e+03
5.549419877350564093e+03
5.475696215351144929e+03
5.630694113785242735e+03
5.996440858998681506e+03
5.248228166690535545e+03
5.279416268722965469e+03
4.678514541018717864e+03
4.587251112724296036e+03
3.831198080609799490e+03
3.058193475747181765e+03
2.059539104072912323e+03
1.442984746882403670e+03
1.041621232946420150e+03
5.247521347059519030e+02
-7.036747671021190342e+01
3.946212575559177935e+02
