6.702079848383647004e+03
6.476698262543326564e+03
7.180868884889765468e+03
8.047718622790719564e+03
7.903297642130352870e+03
6.741424042431754060e+03
6.113386213210598726e+03
4.930528792304508897e+03
4.699194965905920981e+03
2.933548993357613654e+03
2.637292839657320201e+03
1.511872040190232156e+03
1.632861768098641278e+03
1.179083924305730079e+03
7.645146115414347605e+02
1.947036783536642304e+02
4.234950550658176667e+02
7.563345962310028199e+02
3.409471569641519295e+02
3.650217516382997474e+02
7.107480204951133373e+02
4.920520636797693328e+02
1.456794485809593311e+02
2.371232640439696411e+02
1.621713723500791389e+02
3.778365520260766175e+01
1.244947471246369588e+02
3.688798916688931939e+01
1.632482446010278636e+02
5.113366307706073712e+02
2.594659485894550812e+02
4.655575043416603194e+02
1.982993436023012066e+02
3.652886987724502319e+02
3.028528316149150328e+02
4.345041488583803471e+02
8.064773386954179841e+02
6.322013493681488399e+02
1.535139319944915542e+03
2.173709011418598493e+03
2.495285014962607875e+03
3.924112116551697909e+03
4.075868656441327403e+03
5.337805148930629912e+03
5.590894504249480633e+03
6.575762855976213359e+03
6.646797011598976496e+03
7.218798675476099561e+03
