4.690055655384742863e+02
-1.826949412482703679e+02
-6.945540321241713855e+01
-6.995183363764735986e+02
1.278996354322596432e+02
3.547634798664283835e+02
1.576122326907143133e+03
2.043930309886301984e+03
2.666323251513855666e+03
3.540582425835209051e+03
4.782570441279312035e+03
4.806623839688229054e+03
5.714020182376852063e+03
5.650074667329527983e+03
5.762381304174740762e+03
5.961544488774974525e+03
6.490558991903185415e+03
6.522533089442519668e+03
6.028424851266503538e+03
6.341886658808383800e+03
6.064589061964739813e+03
6.599600134790395714e+03
6.453750892736505193e+03
6.414676361288979024e+03
6.678932100131200968e+03
6.675467057166453742e+03
6.181350312932526322e+03
6.442185798925882409e+03
6.490801436560727780e+03
5.956943984799246209e+03
6.212239099838886432e+03
6.107176588820497273e+03
6.087566191012363561e+03
6.514270867912165158e+03
6.588998157074542178e+03
5.822304388140760238e+03
5.737941434184129321e+03
5.741536160957399261e+03
5.217258886352534319e+03
5.148232896676115161e+03
4.132160038728342442e+03
3.079995388124220881e+03
2.946354599861710540e+03
1.652655726211888805e+03
1.140413056529115920e+03
5.099584580814249648e+02
2.363751699511257129e+02
3.036417886082909376e+02
