3.164694643847760744e+02
9.954864653181443757e+00
-5.993374364926162343e+02
-1.568660477375371727e+02
3.355529672477059933e+01
3.962238584674219055e+02
9.688770362497498354e+02
1.445952110984183719e+03
2.448649061630166216e+03
3.108786316190884008e+03
4.172514747470576367e+03
4.321663700842339495e+03
4.866254392416177325e+03
4.906322478511910049e+03
5.281576830247375256e+03
5.245293335607225345e+03
5.177520900706817883e+03
5.485716530193195467e+03
5.353541059967105866e+03
5.377373981092834583e+03
5.619910862006762727e+03
5.548622678410684784e+03
5.916104207864334057e+03
5.664379704166420197e+03
5.380329270397074652e+03
5.920940669162908307e+03
5.892663092340761068e+03
6.016008207685491470e+03
5.995404880184704780e+03
5.686972333297689147e+03
5.763333693105490056e+03
5.611369921352048550e+03
5.228796642607297144e+03
5.632764803759754614e+03
5.419063996418755778e+03
5.132281884754765088e+03
5.091647839448307423e+03
5.022089878396946006e+03
4.431261533150055584e+03
4.277148442849375897e+03
3.511929979674066999e+03
2.583836344821719194e+03
2.001046808305316517e+03
1.508021768167351183e+03
1.098705302470136303e+03
5.648171792487595440e+02
1.920036056031579506e+02
1.189730515640781761e+01
