5.978442635055896062e+03
6.755000363948869563e+03
6.980195257480305372e+03
6.952295501341657655e+03
6.857933025073652971e+03
6.787035563363554502e+03
5.870465520853323142e+03
4.882471998569381867e+03
4.234764660754924080e+03
3.064974256613139005e+03
1.991032857502501429e+03
1.616792958655715893e+03
1.340045149302525715e+03
6.857356687807000526e+02
7.937381502583078827e+02
5.731816135389949523e+02
1.686356367592352399e+02
5.765527791894216989e+02
2.107450623978163549e+02
3.068232861321816358e+02
4.565725368066676992e+02
5.566645794036779762e+02
2.682578644710532103e+02
1.894258105383075304e+02
-1.597109623945146950e+02
1.806132479625407825e+02
4.888759317630634627e+01
3.110207303848369520e+02
-1.270358523409615259e+02
2.104942361410395790e+02
4.532001956279716524e+02
3.801257830183018314e+02
1.821149756340980161e+02
4.239090911441484195e+02
6.608505868842394193e+02
8.205288780742483823e+02
7.110895465759770104e+02
1.318157865404841687e+03
1.416154623445419929e+03
1.946654129241467217e+03
2.471313106127018273e+03
3.706986066053696049e+03
4.687238403332084999e+03
5.134498046168455403e+03
5.733403835069246270e+03
6.096638807882171932e+03
6.400574894958765071e+03
6.948892969257358345e+03
