6.297760019038601058e+03
7.709711494909393878e+03
7.040049008347814379e+03
7.244411754391165232e+03
6.790069329256922174e+03
6.044961502373351323e+03
5.308009122394451879e+03
5.018892391181405401e+03
4.336551880811724914e+03
3.158379087512670139e+03
2.124594238733233851e+03
1.797235298607905634e+03
1.157764469170383336e+03
9.999072519572139299e+02
6.489604064828826040e+02
4.294772283040705929e+02
6.172233233372625136e+02
3.875802438305638020e+02
1.631598897249315314e+02
2.452545824227292997e+02
4.942306646088006801e+02
3.767080299366425606e+02
-3.812186915855557601e+01
1.593593336804950980e+02
-6.303895430389014010e+00
5.652632765023954420e+01
1.430393243886201731e+02
9.728840596643462391e+01
1.885636336061549798e+02
2.251220492468912937e+02
2.193776781693218823e+02
2.228045205094883272e+02
2.600106067093320803e+02
-8.224376905158968043e+01
6.077042804591612821e+02
5.461456717510851604e+02
4.929488034839886836e+02
1.131792698726989784e+03
1.650431674539334836e+03
2.009862434325920503e+03
2.262953446282262121e+03
2.910708350818181771e+03
4.761108381701720646e+03
5.143218724800457494e+03
5.606897041187616196e+03
5.812269466491895400e+03
7.010449773244223252e+03
6.439273797668354746e+03
