6.297346433565979169e+03
6.703497670099758579e+03
7.113936706637038696e+03
6.842144059173462665e+03
6.784593636976349444e+03
6.344303002549751909e+03
5.545835192547463521e+03
4.771683961556851500e+03
3.744910495025937053e+03
2.639865460410362175e+03
1.936006646192864991e+03
1.700231125916963492e+03
9.800049596560986629e+02
9.586006755498054872e+02
8.475464101078684962e+02
3.118022329929311240e+02
1.293706505763883570e+02
5.349498645759183546e+02
3.745793774398978258e+02
3.233568445359705379e+02
2.614973742845063498e+02
-1.260643143766293583e+01
3.750717854358152437e+01
4.907812177850150874e+02
6.072658724236481476e+01
-5.855654249937900069e+00
4.351630063636139312e+01
4.326095335754593521e+02
-7.428229511433380594e+01
9.925681073261831955e+01
1.234588177751661497e+01
3.065961702746989772e+02
3.968223433260109800e+02
5.514545090944318417e+02
2.232967538584337674e+01
2.884471395306860586e+02
5.519818380335502752e+02
7.811274479999583491e+02
1.275862723463404564e+03
1.937119215740339087e+03
2.695350616164063922e+03
3.245587988012863661e+03
3.911675648633249693e+03
4.957214345320668144e+03
5.211394674968842082e+03
6.167216630459155567e+03
6.502693300889313832e+03
6.841633668856300574e+03
