6.202294701036762490e+03
7.541789299563159148e+03
7.665042913990094348e+03
7.359930393885510057e+03
6.423757613314664923e+03
6.765045495401399421e+03
5.764209515185731107e+03
5.074059048399338280e+03
4.163701167168939719e+03
3.394887744461360398e+03
1.950253508786815246e+03
2.067268701505801346e+03
1.411267099982087302e+03
4.992216215389294121e+02
5.714950526894198219e+02
2.454190108914081350e+02
5.252736275933417573e+02
2.114558381597842640e+02
-1.264855781869893470e+01
7.572161219504685050e+02
6.357757418524930699e+02
3.620731394438054735e+02
2.691062268810661635e+02
7.551534435576419924e+01
1.460698956228864915e+02
8.040573089372068694e+01
1.132874533502811261e+02
2.921540709656371959e+01
1.044693362360126372e+02
3.942949187015830717e+02
-8.481036932121702421e+01
4.521141627640252523e+02
4.135645987483973940e+00
1.914549529669243952e+02
2.118738444760990660e+02
6.641181812690233528e+02
5.557734431424230479e+02
9.918264785019983947e+02
1.692360561978611031e+03
1.641169448213355508e+03
2.560982245562446678e+03
3.295420862865502841e+03
3.795730652831633506e+03
4.589080252300080247e+03
5.407294775724973078e+03
6.107860419220111908e+03
6.503502849748140761e+03
6.556472728348459896e+03
