6.207628190000184077e+03
6.924378318285576825e+03
7.580291154618674227e+03
7.095356142482980431e+03
6.621175975413788365e+03
6.014644691698566021e+03
5.465229572009568983e+03
4.729162645467046787e+03
3.688054753598675234e+03
3.235366379233618773e+03
2.278059879301545607e+03
1.863320777605174271e+03
9.436789731656876938e+02
7.942687635516831506e+02
5.895626100229469557e+02
2.635970650154104078e+02
2.054058564298121610e+02
4.093188327547866265e+02
1.032221442346391314e+02
2.515426631262728847e+02
3.608327792305328217e+02
2.315373015119335207e+02
-1.755923280001674129e+02
1.496689432847514638e+02
1.684583181836157735e+02
2.262264617503550994e+02
-9.774861574318259727e+01
3.556192921005060157e+02
-7.726037302391534922e+01
1.537298068145456966e+02
1.037318255690734219e+02
1.039317179486548781e+02
3.079448390582446677e+02
3.771650689892225614e+02
8.824764491060740284e+02
4.558063432851802190e+02
6.275750845757652314e+02
9.749039356879426350e+02
9.883180244039468789e+02
1.882097573135501989e+03
2.803688013636003689e+03
3.141295904748414614e+03
4.180407865771059733e+03
5.192932325451948600e+03
5.298950723997209934e+03
6.260705070156731381e+03
6.828284251455179401e+03
6.546017936054811798e+03
