6.449192877289189710e+03
7.850077199513545565e+03
7.018072537802459010e+03
7.584629816040475816e+03
7.374426687493430109e+03
6.703038103631194645e+03
6.130318210135622394e+03
4.773248814696470617e+03
4.738512297545184083e+03
3.022983375185975092e+03
2.307785729147232360e+03
1.758850321419684860e+03
1.512945165218906141e+03
1.258717375819289828e+03
6.230173704962032843e+02
3.993603012916901775e+02
3.904353426814352019e+02
3.379728218952055840e+02
5.988129564123634054e+02
2.841616215875566809e+02
4.007995145771257484e+01
7.750070878347541736e+01
3.294933784406014752e+02
1.729827274551753646e+01
-9.523623057764039856e+01
-1.985886649765170660e+02
-7.903986832241375282e+01
-2.611171976923930629e+02
2.771651861401796282e+02
3.084654204062998701e+02
1.441499656132746736e+02
1.368563096923620037e+02
2.854239072267790789e+02
2.471835730680155052e+02
7.515295991636436383e+02
4.466089863907883455e+02
9.817582412670290068e+02
9.590687731831138763e+02
1.530393116297430879e+03
1.943449017432949631e+03
2.489866069228870856e+03
3.474889194467441939e+03
4.277090482672538201e+03
4.836350640555115206e+03
5.921687457743953019e+03
6.219111261778930384e+03
6.907383896258835193e+03
7.335284801633187271e+03
