2.148501684477704998e+02
6.890738942465942785e+01
-2.450404276268622255e+02
-3.171214548925328813e+02
-1.425259066408557658e+02
4.209302312878283487e+02
1.250189162683305540e+03
2.322723492476633055e+03
2.933094699298580963e+03
3.625744902903948969e+03
4.374669633158166107e+03
4.731110785187587680e+03
5.293367993044375908e+03
6.017336685861706428e+03
6.019847422314222058e+03
6.043057222804819503e+03
6.397938789103965973e+03
6.051103768166902228e+03
6.023982312965139499e+03
5.961064943060100632e+03
6.078524389682356741e+03
6.473786335278417937e+03
6.077525790527420213e+03
6.510924211691385608e+03
6.565154810832992553e+03
6.356930448751067161e+03
6.407975402977433987e+03
6.623669024461155459e+03
6.190191801324839616e+03
6.499685345719138240e+03
6.225651280009644324e+03
6.576588541968409118e+03
6.170112156157347272e+03
6.513260109358541740e+03
5.988327972888378099e+03
6.139534010991487776e+03
5.796173859199129765e+03
5.607841069118785526e+03
5.312187168212344659e+03
4.541797122693099482e+03
4.511426874620106901e+03
3.516543879194261535e+03
2.498924332048612541e+03
1.656738186100035819e+03
1.050700098821063420e+03
6.604716841930368219e+02
2.808528640311971003e+02
3.259287179384363071e+02
