6.135949124073827988e+03
6.502897068386668252e+03
6.996125836630568301e+03
6.927757295240930944e+03
6.977063595104339583e+03
6.412886991182605016e+03
5.323291950301197176e+03
4.744102022578911601e+03
3.511605372652813003e+03
2.898515702981867889e+03
2.060778511721344785e+03
1.340902833184615702e+03
9.494065512976791297e+02
6.224323090453049190e+02
4.434521798302269531e+02
3.564045629794458847e+01
5.349184073513957856e+02
3.854762950982657799e+02
2.472340755793497067e+02
3.500506992108071245e+02
6.228830292383331653e+02
3.028361938693037700e+02
-1.650159316701271166e+02
-3.107590397278774503e+02
9.570568231103840162e+01
-1.316569019150422832e+02
2.133945226196531451e+02
-6.517376288178850530e+01
-1.105590135691886502e+02
-8.621878461109237435e+01
2.854049012392599138e+02
1.478382451423908890e+02
1.397254988540719580e+02
2.016518219070133568e+02
5.456528093685029717e+02
3.887053013790800833e+02
1.959222201363942588e+02
6.738943196736985328e+02
1.489778496819580369e+03
1.636036222036604840e+03
2.680358015362570313e+03
3.412501438756060907e+03
4.380009429927836209e+03
4.572420673768737288e+03
5.601486780684325822e+03
6.208902949962295679e+03
6.511907649983098054e+03
6.655784014432098957e+03
