6.461550843438655647e+03
6.756419102681996264e+03
7.014882783953916260e+03
7.929278888898812511e+03
7.071834279278323265e+03
5.996678783269055202e+03
5.676695420741837552e+03
4.928721421935284525e+03
3.824036721212443354e+03
3.575982079818297279e+03
2.204359127929167698e+03
1.567428774951081095e+03
9.543427769531485865e+02
5.977116077041619064e+02
3.194868720522462127e+02
4.690153220266682865e+02
2.810405561188398451e+02
4.173805584098695363e+02
2.484271810739732018e+02
3.208868064972041907e+02
6.686278168503034181e+01
1.093558003708470778e+02
4.038352344049964699e+02
-1.501988693033295874e+02
4.029831537121862084e+02
6.667125629297366629e+00
1.543176665759198585e+01
3.802219229784747512e+01
1.050785554349127260e+01
3.697954559190230839e+02
1.777745711515035794e+02
7.804824049302902722e+01
3.705444618214253865e+02
3.699824467002653705e+02
1.520995367220958201e+02
3.205758349933498152e+02
4.264923546305705031e+02
1.050502508482353051e+03
1.492148099710268525e+03
1.970765550571956283e+03
2.676644516036526056e+03
3.154486657527457737e+03
3.735231097350422260e+03
5.230054347529641745e+03
6.051994772301673947e+03
5.891139629087533649e+03
6.275364735796123568e+03
6.664960592367409845e+03
