6.971573452341304801e+03
7.278618873850666205e+03
8.244267892089244924e+03
7.827076630235866105e+03
7.164556965347294863e+03
6.611431731649025096e+03
6.295608397900820819e+03
6.147082258684951739e+03
4.001564332039231886e+03
3.409113800403755704e+03
2.378450408307271573e+03
1.597885527805940001e+03
1.130497956691959189e+03
1.018743521966101412e+03
5.412367802126065044e+02
7.257726902907869544e+02
7.458567729516538520e+02
5.229423632317473221e+02
5.617527889889894368e+02
5.659955304523581390e+02
1.357676977647392391e+02
2.000729878258910048e+02
2.906350738902324906e+02
1.554493723995078369e+02
8.357505232213391366e+01
3.958295050337333976e+01
7.944624900885814611e+01
7.246593187107183098e+01
6.248888789087809528e+02
4.505771574496977792e+02
-5.203075559226567037e+01
-1.673577652062427603e+02
3.408131377184911912e+02
3.270191279848051522e+02
3.140966827917373507e+02
6.798456648655502477e+02
9.625370710679511603e+02
9.572547453688105179e+02
1.542503737817648016e+03
1.795235551510527785e+03
2.713233664655563189e+03
3.335076522363763161e+03
4.090941448524411044e+03
5.151099142630587266e+03
5.759475192009320381e+03
7.355121404102113047e+03
7.247642124413179772e+03
6.622074884304370244e+03
