6.147263602644300590e+03
6.680942434450262226e+03
6.725923153126133002e+03
7.186771861978056222e+03
6.615760890450049374e+03
6.333364583377383497e+03
5.419105239982494822e+03
4.906479103433101045e+03
3.466567206240146334e+03
2.930968371320596816e+03
2.400263002865951421e+03
1.622409009003448091e+03
1.193198179204592407e+03
9.106377442107221896e+02
8.266841801985646043e+02
4.035059445519918881e+02
2.015900759081623903e+02
3.673164866869205412e+02
5.105926634687530736e+02
2.291963473994693246e+01
4.810757152176063300e+01
1.681978682909129361e+02
3.798538530358705430e+02
-2.958540594492993225e+00
-3.630825480386675963e+01
9.106352688704998855e+01
4.560813929183615301e+01
-8.457547325407486483e+01
2.743374796239046987e+01
9.305638338104661500e+01
5.072810886708550129e+02
-9.664763583346082498e+01
3.173948680710336134e+02
7.186116178565122254e+02
3.741605687623513177e+01
3.078022706366944021e+02
5.363662431946632978e+02
1.021349673969643618e+03
1.073721457679551349e+03
1.872371795980964635e+03
2.689745031712776381e+03
3.295029427510055939e+03
3.995732230144498772e+03
4.779780894147183062e+03
5.580653527811788081e+03
6.420653363238843667e+03
6.559970933362833421e+03
6.500888956743172457e+03
