6.042812944869906460e+03
7.413090094709016739e+03
7.429061283002036362e+03
8.038774120508839587e+03
7.509615570220700647e+03
7.445766790459132608e+03
6.059033975853569245e+03
5.441001539957884233e+03
3.917660448513887332e+03
3.275404619033499785e+03
2.704794039538547622e+03
2.143173395229494417e+03
1.517227119851050702e+03
9.859420589123634500e+02
6.475351019169739857e+02
4.351538007025087040e+02
4.200754924714530603e+02
4.927033401160283574e+02
3.074358818875227826e+02
3.115187471604406824e+02
6.322426290254867354e+02
2.358089145759775533e+02
4.394355324237864124e+02
1.230063963729553933e+02
2.420841981957841540e+02
2.556750321251148534e+02
-9.221463090750978608e+01
-5.788635378479265370e+01
2.500582947679777988e+02
1.529722766591535503e+02
3.410489056815188178e+02
1.411372636901013493e+02
2.242698459635912229e+02
7.479526719633580569e+02
4.310832387881141017e+02
2.463635323374219581e+02
4.904795736786649627e+02
1.455522535529260722e+03
1.456951970760845370e+03
2.200211927441459466e+03
2.553821655783651750e+03
3.454674400084079934e+03
4.045764955877089051e+03
5.336879901148439785e+03
5.793352049403402816e+03
6.130383751087031669e+03
7.808497882496777493e+03
6.674722606667321088e+03
