5.647077045929605674e+02
-3.321390675017511995e+01
-4.856022852415881061e+02
-4.479359231359807723e+02
-4.508712358216880745e+01
4.471315341169545832e+02
1.255506867059994420e+03
1.973932618382020564e+03
2.853995947380682992e+03
3.569247936379032581e+03
3.942406161739010258e+03
4.973432512481963386e+03
4.913942770996236504e+03
5.604754308988197408e+03
5.458474104454899134e+03
5.587235337127924140e+03
5.752975866650408534e+03
5.665680640131230575e+03
5.857800293558992962e+03
5.230095497418609739e+03
5.821877755649919891e+03
5.901437803186979181e+03
5.834305928784926436e+03
6.122432410529851040e+03
5.806852212621801300e+03
5.818127360855710322e+03
6.279170475809664822e+03
5.910878184432445778e+03
5.991114985152607915e+03
5.834214907476586632e+03
5.887922450657056288e+03
5.713435913520514987e+03
5.804012050640811140e+03
5.967360427049924510e+03
5.717353622239060314e+03
5.514769691791449986e+03
5.285682186332553101e+03
5.267320595784454781e+03
4.821374428006590279e+03
4.531213861214951976e+03
3.689670426578957176e+03
3.354020329507036422e+03
2.575320158680221539e+03
1.493437154657724932e+03
1.361013538143820142e+03
9.139051304008554553e+02
6.291802642184508159e+02
3.480329226384911578e+01
