6.065312677303785449e+02
1.524389896483083362e+01
-3.920946146031174635e+02
-3.634138897253528739e+02
-1.519321648251063550e+02
2.856655024583710087e+02
1.014612499605585981e+03
1.482132482073881647e+03
2.856416529452900249e+03
3.653115767474828772e+03
4.416617418504376474e+03
5.092021168650414438e+03
5.314473371789405064e+03
5.824522165336466969e+03
6.105295187365347374e+03
5.996756061114236218e+03
6.294604890300246552e+03
5.967458060813976772e+03
6.150474716413777969e+03
6.151680481860164036e+03
6.323950268425332979e+03
6.373459809814420623e+03
6.399813787866143684e+03
6.345849793540895007e+03
6.808079003225296219e+03
6.359725230504817773e+03
6.692387710929598143e+03
6.639074021794463079e+03
6.492977151189148572e+03
6.400662827653713066e+03
6.197053362065683359e+03
6.261422351288983009e+03
6.245284653765530493e+03
6.560593004844135066e+03
6.346993642807692595e+03
5.877666627548381257e+03
5.524044878936173518e+03
5.726562775901564237e+03
5.613436464097817407e+03
4.920480341135362323e+03
4.331374950938507027e+03
3.595986661831133006e+03
2.687139323342824810e+03
1.838369243051447029e+03
1.319358829019949781e+03
6.585284988692795878e+02
-2.582488138734499472e+01
3.601233498626544929e+02
