6.888453976817036164e+03
6.995698695684276572e+03
6.944224673411061303e+03
7.322580409744185090e+03
6.835090945744276723e+03
6.342642292739722507e+03
5.672253150881143483e+03
4.317480681452281715e+03
3.931339528842606342e+03
3.222394631573999504e+03
1.905560250095034689e+03
2.081619531568016555e+03
9.089641497939073815e+02
6.752755721201826873e+02
8.185295465698977750e+02
6.436199413082318870e+02
6.139713340615668358e+02
4.427330602535421917e+02
3.474111267473834914e+02
3.366931184224781646e+02
7.896997393939147969e+01
1.440283244321789198e+02
3.277405682158799323e+02
-2.719883341259380245e+02
-2.062937533890027169e+02
-1.259706400062964207e+02
-9.016256486503300493e+01
-3.842876630205177548e+02
7.949031842083817878e+01
-3.179976682227880858e+01
1.916232721624416797e+02
2.339348639823389817e+02
1.723509581374736115e+02
3.618443578084508090e+02
3.219035655624755350e+02
5.898256177734696166e+02
4.325700208368545532e+02
8.741831762524572014e+02
1.163064805863567926e+03
2.280225541003469516e+03
2.567430686237085865e+03
3.361432342931773746e+03
4.213857542233930872e+03
4.804110379631557407e+03
5.382942794223795318e+03
6.343383442210615613e+03
6.676137535548104097e+03
7.027533342650905070e+03
