4.104354028005889177e+02
-1.014939354430142942e+02
-1.101718161750805649e+02
-7.355320606958334793e+02
3.007502806422431263e+01
5.066873814491128201e+02
8.551102701543363764e+02
1.505505360451894830e+03
2.633073554051907195e+03
3.330365823600524891e+03
4.280743480197282224e+03
4.697138224507117229e+03
5.251751566295662087e+03
5.363504665882820518e+03
5.506011380678741261e+03
5.628352187846054221e+03
5.635552692506761559e+03
5.961021588667011201e+03
6.019918101187503453e+03
6.119912211677587948e+03
5.988415199698494689e+03
6.159536797451063649e+03
5.971209090256922536e+03
6.087580436723643288e+03
6.028093769236270418e+03
6.091279529114398429e+03
6.456104065780509700e+03
5.874666122493068542e+03
6.163057635335034320e+03
6.326833666479167732e+03
5.985818486346161080e+03
6.199716841376435696e+03
6.134380065842751719e+03
6.319603041807779846e+03
5.801700799214956533e+03
5.834049071139589614e+03
5.364419656310608843e+03
5.542117324934710268e+03
5.111378087533993494e+03
4.527969625376825206e+03
4.158058179691852274e+03
3.186299939659817483e+03
2.547320543707587603e+03
1.607051302069013445e+03
1.581564323919214985e+03
2.529800159153156756e+02
3.572079733340123653e+01
-6.643337338189353147e+01
