5.454279639769048345e+02
-1.102414359739104839e+02
-1.536091827083888859e+02
-5.459675014727312146e+02
1.714545080881738386e+02
9.293564808995192550e+01
7.264917507975658282e+02
1.726514088729723426e+03
2.330495092759647378e+03
3.221696514416121317e+03
3.892945579970374183e+03
4.580638427690194476e+03
4.809858289503448759e+03
5.169068937072524932e+03
5.459145273696633922e+03
5.548403814949650950e+03
5.609123279136189922e+03
5.681786281749849877e+03
5.646840227258145205e+03
5.597526195933925010e+03
5.622803250951888003e+03
5.631125029423877095e+03
5.776806305801442250e+03
5.824749566124164630e+03
5.851608394558402324e+03
5.717821198558764081e+03
6.034634148418881523e+03
5.857233581576916549e+03
5.901560463940134468e+03
5.655371458266187801e+03
5.557844745202212835e+03
5.709935728519039912e+03
5.714081492455251464e+03
5.245772486954246233e+03
5.806264208493958904e+03
5.340426462324402564e+03
5.583026346527964051e+03
5.199490542062431814e+03
4.689753617790769567e+03
4.044579140816820654e+03
3.411886122905120828e+03
2.834890078590364283e+03
2.281569650142796490e+03
1.481623995999151930e+03
7.778718317370095292e+02
3.749075801130534273e+02
2.837737896043278170e+02
-2.285097480138275614e+02
