3.508005430784249938e+02
-3.221485152558390723e+02
-5.235593903124563440e+02
-1.608055399651771893e+02
8.643044937121138105e+01
5.692824530838408918e+02
1.155294885162539686e+03
2.017062076341341708e+03
2.919769813560337298e+03
3.340308895358082282e+03
4.055024948098234745e+03
4.520412517199051763e+03
5.561505220402487794e+03
5.030191804897158363e+03
5.800634872185771201e+03
5.861418534683412872e+03
5.957759664812480878e+03
5.917390365429272606e+03
5.830816289645998950e+03
6.119571853662819194e+03
5.833469463965842806e+03
5.872258293993845655e+03
6.046243026121761432e+03
6.004420009392289103e+03
6.332573563415818171e+03
6.055886047050355955e+03
6.622136765597241720e+03
5.931257695240974499e+03
5.947020532581485895e+03
6.274915319416184502e+03
5.961453153604039471e+03
5.731748025882501679e+03
5.986197410121019857e+03
5.960209359827633307e+03
6.115613850145316064e+03
5.740060228319217458e+03
5.605391678031047377e+03
5.369005931854538176e+03
4.974593176016606776e+03
4.554865842235225500e+03
3.624904252475006615e+03
3.199612218112660230e+03
2.635736033002763179e+03
1.461919595934127983e+03
1.070216712911418881e+03
7.822109298428225657e+02
1.362442317447809899e+02
5.797839986319623051e+01
