4.764372655506433034e+02
-3.375434232780634716e+02
-4.668504183774826402e+02
-9.813939154452690161e+01
-2.996368973998040985e+01
4.560596573894056860e+02
1.460193285920248400e+03
1.677856677947497928e+03
2.437192905028156019e+03
2.990105709019052483e+03
3.836736855618807567e+03
4.690975221440648056e+03
4.934419688838000184e+03
5.238215999111922429e+03
5.555174250242504058e+03
5.227415917711524344e+03
5.448746400360580083e+03
6.028782624719372507e+03
5.678337208042756174e+03
5.767968569270289663e+03
5.600636645925535049e+03
5.501832576157492440e+03
5.491428027293353807e+03
5.809081612319318083e+03
6.037146969010871544e+03
5.960084285231407193e+03
5.911836924207038464e+03
6.027323887972120247e+03
6.021827203410308357e+03
6.080175169968770206e+03
5.950939662989722819e+03
5.670536290999775701e+03
5.513461810904015692e+03
5.395001642016880396e+03
5.628528125694535447e+03
5.538930088018120841e+03
5.600879904968635856e+03
4.968584946676651271e+03
4.773786686483616904e+03
4.463388747701335888e+03
3.858937398555061918e+03
3.204755508977684713e+03
2.432699437606136144e+03
1.662634441479775660e+03
6.567168626692400721e+02
5.888864642323668477e+02
2.116392613479501961e+02
1.105487874406583444e+02
