9.033627459435547280e+02
-2.647617797047614090e+02
-4.214308279395345949e+02
-5.794747498669191828e+02
-2.842725174032723956e+01
3.907318633079944448e+02
9.834359942905788330e+02
1.907834663260955722e+03
2.786516669211969202e+03
3.295479902346118706e+03
4.270350072476991045e+03
4.829891437695411696e+03
4.958471473829811657e+03
5.550506509880135127e+03
5.258027282111074783e+03
5.494439815066291885e+03
5.835153113087817474e+03
5.338480129879557353e+03
5.778096017288537951e+03
5.701374483657139535e+03
5.900001851729828559e+03
5.921925860629117778e+03
5.881709427172571850e+03
6.356533796912258367e+03
6.094201874257734744e+03
6.103062617526426038e+03
6.011478342279139724e+03
6.019220615327296400e+03
6.060235599544348588e+03
5.913314523879271292e+03
5.865409812512055396e+03
5.720928888217983513e+03
5.612397083425712481e+03
5.948132497411065742e+03
5.760023023781023767e+03
6.082648286797354558e+03
5.491976938865371267e+03
4.767515302703975976e+03
4.960266267307144517e+03
4.379644963999232459e+03
3.785902129946296554e+03
3.271556229887427889e+03
2.163202684287422016e+03
1.778231983925755912e+03
9.370610237321047862e+02
4.514674727807738464e+02
3.722446829155220485e+02
1.523114317287522965e+02
