6.191465926915935597e+03
6.924797117025321313e+03
7.138412591304583657e+03
7.161927294127942332e+03
7.217569016204227410e+03
6.016412636250481228e+03
5.601842965030584310e+03
4.550707126392050668e+03
3.939233813836422541e+03
2.463452177821535315e+03
1.605030644825437321e+03
1.828128379928210734e+03
1.195699804596357353e+03
8.447169558811048091e+02
4.111021982972351907e+02
5.505575076733354081e+02
1.211326116387839988e+02
4.521912743155628505e+02
4.572448362664056845e+02
1.083537251110774804e+02
6.007541788683919322e+02
6.003818573107256498e+02
-1.523923897934138552e+02
-9.672655075061643970e+01
3.232186299529683993e+02
2.406177608181785104e+02
1.708088063896728386e+02
-2.579997944078745604e+02
4.050227239857287600e+02
-3.703877184675778267e+01
3.911021610288514694e+02
1.992391369995048933e+02
1.746834186149736468e+02
3.027618955283684272e+02
3.107945387419166536e+02
5.883880521067978862e+02
1.140649423580543043e+03
7.885325384888902818e+02
1.150783529913765506e+03
1.636969596660570460e+03
2.639824222936009392e+03
3.296247466443396661e+03
3.914371198371931769e+03
4.976584775732177150e+03
5.585004320071727307e+03
6.182138082121744446e+03
6.910742834813340778e+03
6.552214753112540166e+03
