6.966379841783909797e+03
7.314860957824133038e+03
6.931451251166479778e+03
7.056017128670703642e+03
7.185293907620826758e+03
6.959491109959755704e+03
5.754163326125104504e+03
4.708497797763208837e+03
4.124640443266561306e+03
3.153429860179518528e+03
2.162206146503263881e+03
1.465934668751909157e+03
1.085847844220532352e+03
4.865534383060021923e+02
7.131740985220665152e+02
5.833822495048823384e+02
5.595311814859677497e+02
2.418985402928061035e+02
2.774654638695848234e+02
1.552904836413766816e+02
5.530289834665181843e+02
1.805393460328499771e+02
1.875060694171849818e+01
1.366638807900839083e+02
-1.117013204540681812e+02
1.451982098445198233e+02
-5.040168598643882802e+01
-1.013163848676053078e+02
3.379149262259833790e+02
1.770916940369472456e+02
2.412825156399802609e+02
9.620014555380502941e+01
4.373566650440558305e+02
3.798315469558931454e+02
2.821878002026666081e+02
4.437135163837709229e+02
2.728701581877188573e+02
1.145500599714550617e+03
1.590226617841103007e+03
1.828268784144145457e+03
2.704360084704934252e+03
3.062106006296842224e+03
4.005052659818422853e+03
4.748347449586143739e+03
5.876534104972202840e+03
6.097983789651166262e+03
6.495003989890686171e+03
6.740840020518116035e+03
