9.384284410684345858e+03
8.102256868433790260e+03
8.785090366339776665e+03
7.370164123372657741e+03
7.253348921902521397e+03
8.224583827057653252e+03
7.090141167363408385e+03
6.359440115117948153e+03
5.161766161377478966e+03
2.975819615053460439e+03
3.239418541725693558e+03
2.415574083262576096e+03
9.064677322570388469e+02
1.234771190738725863e+03
6.906882235971451109e+02
3.850267121594619084e+02
6.647078587588512164e+02
7.812481585688909718e+02
6.692238407243710299e+02
1.940736269042181448e+02
7.561402589934752996e+02
4.460545883277663393e+02
2.370280377984805398e+02
-1.324294480976800230e+02
2.108653202595868379e+02
-4.574735557641142591e+00
8.058725270990631628e+00
1.998805195063438589e+01
2.744549905881110590e+02
4.471454566973209239e+02
2.201931674904171246e+02
6.989548189490714947e+01
2.184864117477037837e+02
5.538026543349669737e+02
6.198509855954529257e+02
7.495465716517276178e+02
4.148511899334531563e+02
7.334505588002923560e+02
1.213651273653552153e+03
1.850363622748158832e+03
2.727020010473528146e+03
3.544831560334392179e+03
4.694895468145877203e+03
5.045198850157290508e+03
5.667972915249137259e+03
5.983993199593021018e+03
7.134226397520821592e+03
7.403976053402286198e+03
