7.318049495909858706e+03
6.909334094894848931e+03
8.902728906867434489e+03
8.240962177224791958e+03
7.665469675151939555e+03
8.152917797375454029e+03
6.229102842438520383e+03
5.847557459743718027e+03
5.569199553146023391e+03
3.080093839867550287e+03
2.515083048065035200e+03
1.805786198348961761e+03
1.263451001397776054e+03
9.794594382951279385e+02
6.975147657638068495e+02
5.182652551913826073e+02
5.480063774573149260e+01
5.878003491232200304e+02
5.183701649662882573e+02
7.818996214212472751e+02
3.970612162507931657e+02
3.280683302928859462e+02
2.689282066371770270e+02
4.078181221507593364e+02
-6.754215098757346425e+01
-2.944635097152219601e+02
-5.005159999142625793e+01
-1.527080045415029304e+02
-5.529059697160816000e+01
3.807556714046237403e+02
-3.724027094330095622e+01
1.874690963098371412e+02
6.862688742842551619e+02
4.643089186683487242e+02
3.517778373250770869e+02
6.449395158845723017e+02
1.105375986784681572e+03
1.738799450452213023e+03
2.469648955639362612e+03
1.736088279305129845e+03
2.317506655592637344e+03
4.219088058949646438e+03
4.877599978754296899e+03
5.541356186583909221e+03
5.921638961631579150e+03
6.966078866863846997e+03
7.471267079966519304e+03
7.796449027282018506e+03
