6.589647842736912935e+03
7.749633800619192698e+03
7.796098158581051393e+03
6.900790569411443357e+03
6.841110798898815119e+03
6.747302261767188611e+03
5.457940299526327181e+03
4.268495886199933011e+03
4.265605818676091076e+03
3.091434138840105334e+03
2.530474762276771344e+03
1.804628577058438623e+03
1.343383662521247516e+03
1.073915927250181994e+03
6.142733614200466263e+02
7.237356309680135382e+02
6.459681238163682337e+02
2.002272597707924149e+02
4.536658309746310351e+02
2.980191495621088507e+02
1.633857579897042740e+02
2.847223299430378916e+02
-8.329818187772862359e+01
3.569137545175717037e+02
1.940053330910661487e+02
1.235105001916006984e+01
-3.427811628730591309e+01
1.292546463686605307e+01
3.324098662928495287e+02
5.556491305651996981e+02
6.393160336990356996e+01
1.698139086827398501e+02
9.240326553708899837e+01
3.286968382172375414e+02
4.222480603285353027e+02
3.606463049157487148e+02
6.595704633150598966e+02
7.558439262896216633e+02
1.573418370332144377e+03
2.177971833059096753e+03
2.295253932458505005e+03
3.102713541339956464e+03
4.836278779733823285e+03
5.426705192104348498e+03
5.642418612353175376e+03
5.717557292153780509e+03
6.898721671348211203e+03
7.099549017426648788e+03
