6.763600403058101620e+03
7.614873944113155630e+03
7.710009625008487092e+03
7.392622943737588685e+03
6.957656450731237783e+03
6.475900592603894438e+03
5.199775275317876549e+03
4.728335078764282116e+03
3.466111476794255395e+03
3.168027056118021846e+03
2.168356292449893317e+03
1.612086314501547349e+03
1.294227258185213259e+03
1.267876947794060015e+03
5.064032195354934061e+02
3.615114805929821955e+02
4.516987566345760001e+02
1.984668787778029184e+02
3.650942219243491991e+02
3.182971585377968040e+02
2.845939015106949910e+02
5.778261605978572106e+02
2.116738610657349966e+02
2.100789989898430008e+02
-6.970244958377534772e+01
-7.808160067813912519e+01
1.548710516955609080e+02
1.576959062121708826e+02
4.597907342741452794e+02
2.414970509005367489e+02
3.408690474766373768e+02
2.882321502834957982e+02
-3.288744007712654849e+01
7.299301828316934007e+02
4.751465179889455612e+02
2.635686719874554456e+02
5.892278228247747620e+02
1.144104618332496329e+03
1.671397269435176668e+03
1.491104105953601675e+03
2.363751048403923505e+03
3.290042034640056045e+03
4.153010914437933025e+03
4.954145288938183512e+03
5.371760934147826447e+03
6.081715278285320892e+03
6.734511790070357165e+03
6.718839556655621891e+03
