6.160199098708822021e+03
7.096443667909728902e+03
7.736606871664444043e+03
8.082406334397329374e+03
7.150316227208051714e+03
6.871822570589420138e+03
6.170773866758039730e+03
4.776080434837278517e+03
3.825220618340978035e+03
2.920701435211979515e+03
1.936552681736186287e+03
1.400067028337753072e+03
1.406847359323458022e+03
1.006243486932723727e+03
6.868652279736118089e+02
3.412363411498963046e+02
5.691452829417701196e+02
1.298521488166417726e+02
4.935817075674567036e+02
5.376850239836742276e+02
1.065008321408933085e+02
4.763971910593177768e+02
-1.853926718508057832e+02
4.217854974154363390e+02
7.606949287480399846e+01
4.990121105357647480e+01
-3.154192003435056790e+02
-1.552407957726571226e+02
-1.921504042840486477e+02
1.315361111029286576e+02
5.444426037731798260e+02
1.901826880864695397e+02
2.155620850516862959e+02
3.159178680951741853e+02
8.034797846449491772e+02
7.112766470306022484e+02
9.490748652647826020e+02
9.105922604939711391e+02
1.138075029896325987e+03
1.878129712325755690e+03
2.383191063110585219e+03
3.313501753873212238e+03
4.208076877262496964e+03
4.920981122969165881e+03
5.765331869136242858e+03
6.671600513854284145e+03
6.720406221490942698e+03
7.013786677916860754e+03
