7.246919394526628821e+03
6.352758517994960130e+03
8.099911168984448523e+03
7.265802779708013986e+03
7.515037387960040178e+03
6.805380355533769034e+03
6.041046567466305532e+03
5.261773600535224432e+03
4.153515504364332628e+03
3.074037458438694557e+03
2.449960917046348186e+03
1.574702436650647087e+03
1.871879378900538768e+03
1.024193707006887053e+03
8.267836585313103797e+02
7.778945193458913536e+02
9.303935870736721370e+01
6.564082044054625840e+02
2.413410627460230842e+02
7.753190793300782957e+01
9.735494488711037775e+01
-9.208230704813860079e-01
4.346507756266223055e+02
1.393222623155809288e+02
3.025120458768130902e+02
-1.087712106870899760e+02
-1.883292796660525426e+02
1.276654740244308925e+02
4.894040531986135534e+01
2.490803588331326353e+02
5.129675378545041440e+02
3.720990279856209071e+01
2.328029661443621876e+02
7.010567608613292805e+02
7.021600160119321572e+02
7.805012582057080408e+02
5.182429166499180155e+02
1.107193534830483941e+03
1.263550222579879573e+03
2.384031732920840113e+03
2.705435614954108132e+03
3.092428729061426111e+03
4.565569930470225700e+03
5.345656805520913622e+03
5.564601523957926474e+03
6.021407955838280941e+03
6.714322280927143765e+03
7.411227634744637726e+03
