6.483696377505306373e+03
7.191072848313488976e+03
1.011471338003218989e+04
7.960788130422588438e+03
7.723894520569302585e+03
6.604306207462874227e+03
7.177643384375866844e+03
4.797012970551759281e+03
4.726582390766814569e+03
3.597612749813553819e+03
4.379333030285929453e+03
1.744659081031055848e+03
2.487296670690233896e+03
1.338484240507134928e+03
3.357049707366954863e+02
3.717587996858584916e+02
8.525116982039386357e+02
6.328629949313802854e+02
4.456854217193134673e+02
3.578828093026583588e+02
3.057671028386198486e+02
1.068365307255693040e+02
5.113151790625544777e+02
-7.191891648739725440e+01
-2.122481494270567026e+01
7.957681885240839303e-01
5.795910462774279495e+02
4.112531726202333857e+02
-1.063318653966558891e+01
1.419399003711376963e+02
3.475620529332504702e+02
1.181240857743646160e+02
-2.994643031893461682e+01
4.127543859882011930e+02
4.886472982940201746e+02
4.215950727171151016e+02
6.534666724607911874e+02
9.275319765719406178e+02
1.998945334279781719e+03
1.756379090028487781e+03
3.397457975058390275e+03
3.305330474675631194e+03
4.574385305154407433e+03
7.089028211227664542e+03
6.423215035614141925e+03
7.225486818533071528e+03
8.174411214779595866e+03
8.571146332284653909e+03
