5.873504504659532358e+03
6.585306521707209868e+03
6.913960762148642061e+03
6.673762415772434906e+03
6.488151323037637667e+03
6.050938005014872033e+03
5.417277959882585492e+03
4.734558716502601783e+03
3.674942875903479489e+03
2.920925280287465284e+03
2.302091879367329966e+03
1.371172902507700883e+03
1.055476040978519450e+03
8.897605553994313823e+02
4.596107373941643459e+02
3.607776444741616615e+02
6.434978765967475738e+02
7.910698666840001181e+01
3.778104713768987040e+02
1.034999522271579622e+02
8.129634721238112149e+00
-1.610415735599178504e+02
4.487420944483984186e+01
2.646459086591437426e+02
-3.854846904872913882e+01
1.618134701259046722e+02
-3.205549127981054767e+02
-2.862678723866548012e+02
5.299328479106669931e+01
1.993748173320950059e+02
-2.233886683696927378e+01
7.215371272096396638e+01
7.992906359364980062e+02
-2.492904283999494197e+01
3.873809795621418743e+02
1.498319309179598520e+02
4.376048710334781049e+02
7.693315649478854539e+02
1.200737273268394574e+03
2.067434504478855160e+03
2.183417393853938393e+03
3.343276196732940207e+03
4.055696165542147810e+03
5.026095915063234315e+03
5.644364349133214091e+03
5.886374896986305430e+03
6.245087638476032225e+03
6.326689996089129636e+03
