6.471038504017246851e+03
6.549746880615299233e+03
7.319635917571363279e+03
7.172148173845170277e+03
6.647909510608762503e+03
5.927637197422136524e+03
5.749744078726344014e+03
4.475334778467766228e+03
3.700839516068467674e+03
2.892502197599084411e+03
2.066312319728855528e+03
1.526878575936123752e+03
1.150611784378168750e+03
6.500941583115603635e+02
5.987272955122707572e+02
6.672007329183603588e+02
3.606722483632066769e+02
2.502724131579221023e+02
4.762835868528736682e+02
2.568445372773489908e+02
1.418224652405717734e+02
9.747390626963441207e+01
3.846775073778703131e+02
-1.705563467013679144e+02
-1.816692757738575992e+01
-2.183541960667232331e+02
2.834240021065706117e+01
2.107047772677090052e+02
6.755852212950753710e+02
9.700398721142589054e+00
-1.750652549902070803e+02
5.998563446185015664e+02
4.922494690399429942e+02
1.977139995599511622e+02
4.573065498759044658e+02
1.308294941171232892e+02
5.089111667878789831e+02
1.000424699276343290e+03
1.235974277091659133e+03
1.744260979568380662e+03
2.455627519661404222e+03
3.427685726224537575e+03
3.920807523457344359e+03
4.902501387913825965e+03
5.481356237852262893e+03
5.391482906324509713e+03
6.443131971216664169e+03
6.218102523336804552e+03
