5.202461552664390183e+02
-4.278134776596579627e+02
2.199551129889502761e+02
-2.148509281288967543e+02
-1.587679287948844831e+02
6.123106632804984883e+01
6.953541868100404599e+02
1.610544014444573577e+03
2.180015305794735468e+03
3.238019352466391410e+03
3.886765577604716782e+03
4.135033897369929036e+03
4.775819209248842526e+03
5.001221693617924757e+03
5.388748372870205458e+03
5.479416269744688179e+03
5.365204789069305662e+03
5.256501398699012498e+03
5.552451015580677449e+03
5.412369740651958637e+03
5.530060748865017558e+03
5.666071345191094224e+03
5.569294140388515189e+03
5.836043437560719212e+03
5.463203610869765726e+03
5.684657753185028014e+03
5.698076265401808087e+03
5.676129056794668031e+03
5.743166497143562083e+03
5.391782408824567028e+03
5.913799516170169227e+03
5.059844573875157948e+03
5.549675701286307230e+03
5.127637402024131006e+03
5.354669555800955095e+03
5.012951210064670704e+03
5.112901454404340257e+03
4.668597925786243650e+03
4.776793248677746305e+03
4.255219827207764865e+03
3.701339165664216125e+03
3.046355019642297066e+03
2.278832817314361819e+03
1.239430256210820289e+03
5.170431037826467673e+02
3.019563541710866730e+02
-2.294633687037309926e+02
-1.635365622263331886e+02
