6.026939458265048415e+03
7.159976521006778057e+03
6.665681664215362616e+03
7.481242645458622064e+03
7.038724212782948598e+03
6.639087009902676073e+03
5.516874645290859917e+03
4.702286878291215544e+03
3.777165254252225168e+03
3.160927804021050179e+03
2.228409520347753642e+03
1.742131586448181451e+03
1.069747225709455051e+03
7.942443047979115818e+02
5.505936563797314420e+02
7.238323479350326579e+02
5.562125212519608795e+02
5.184254395900496348e+01
2.226554804265225869e+02
1.976077031867528149e+02
3.568266988231432606e+02
3.774592758185029311e+02
3.535247157882123048e+01
2.559711641109169875e+02
4.869774583816973035e+01
-3.081876074597087722e+02
-9.492479085873597455e+01
1.403703145634417240e+02
8.424211258503731869e+01
1.890789367161889913e+02
3.251978662776727447e+02
1.527387995385352895e+02
4.469178917823419397e+02
6.424385239735319146e+02
5.249665155598590900e+02
2.381716891293018250e+02
9.704672154532028117e+02
7.637852637662410871e+02
1.071076968542826535e+03
1.874242909523243952e+03
2.272606575590983539e+03
2.974960570091092904e+03
3.901711844515235953e+03
4.496368933902816934e+03
5.811615237191016604e+03
6.271845335922402228e+03
6.334438333315940326e+03
6.659779099394029799e+03
