6.994812658936753905e+03
6.824714844805527719e+03
7.067844409740438095e+03
7.053869272462078698e+03
6.446250525656526406e+03
6.054169717956447130e+03
5.594014976040575675e+03
5.086672598304558960e+03
3.542984444870050083e+03
3.174739789972544713e+03
1.992646918526077116e+03
1.606745286087749491e+03
1.243494441259912492e+03
5.512749981806858841e+02
7.744484963451653812e+02
5.056796637865143111e+02
3.861705769974092277e+02
3.899304462863627805e+02
1.835384907944457495e+02
1.663301807201910094e+02
2.832669758143849208e+02
1.239928093370952809e+02
1.424371875498530926e+02
6.983614379316433940e+01
4.649864068460751128e+02
-1.883260672218918899e+02
3.288247818832055458e+01
-1.623484867470469908e+02
7.632864133353991747e+02
-4.080689872802246043e+01
1.947138267511223262e+02
3.910860338132564493e+02
3.663019688404829708e+02
5.296335871004467890e+02
2.653111080765711449e+02
6.419107505041640707e+02
3.173660979138198854e+02
6.641015311079856929e+02
9.196268528626226271e+02
1.843441978539048250e+03
2.420283319838074021e+03
3.553137710483100363e+03
4.099198200225389883e+03
4.912153435920517040e+03
5.577557200547703360e+03
6.070414364729603221e+03
6.542433111271097914e+03
6.539289340425389128e+03
