7.351587937045551371e+03
7.004939704853968578e+03
7.192350643959294757e+03
7.439377832101574313e+03
7.675277980642514194e+03
6.256830614012350452e+03
5.837915898638364524e+03
4.633006404397382539e+03
4.536231076824188676e+03
3.766437278903338665e+03
2.598654135883051822e+03
1.410892953330641603e+03
1.225456195671985597e+03
9.508847387347346967e+02
4.036259817308693414e+02
6.010196835593810647e+02
6.677016312104087774e+02
-2.462253427893340927e+02
1.915643156241165457e+02
4.426403840915509136e+02
1.746773861765551885e+02
2.995019729209485604e+02
3.323020596093846848e+02
-2.735895146389117372e+01
-2.576293195758971137e+02
1.329734984307603440e+01
9.485303760605125944e+01
6.926464988862899474e+01
2.725981349556157056e+02
3.272370595482091176e+02
3.936554373359457486e+02
9.170855170763699959e+01
6.504105296367407618e+02
3.500395732544131988e+02
-2.879493861214369232e+01
5.635367661820627063e+02
5.950257186761273260e+02
6.047590356022330980e+02
1.148042221275426755e+03
1.975673785841767540e+03
2.151131930722975994e+03
4.106165142856466446e+03
4.489419141843070975e+03
5.351450366201152065e+03
6.134859920166860320e+03
6.641642103866394791e+03
6.824176726555533605e+03
6.616873579296211574e+03
