6.294912746511257865e+03
7.277475608922265565e+03
7.409486604583744338e+03
8.041808459499599849e+03
7.133267476549838648e+03
6.672101108619384831e+03
6.378604971049843698e+03
5.092134003559929624e+03
4.157822121317446545e+03
3.261537454409878592e+03
2.500048684858376419e+03
1.589847444255278788e+03
9.500424601932841142e+02
8.359060536511971122e+02
2.734551445118505058e+02
4.806687880164488433e+02
6.646172772727403526e+02
4.833230803273397100e+02
5.611397979590291243e+02
3.032850917654879481e+02
7.582462345340036336e+02
-4.094802389129561959e+01
1.378149693828328566e+02
-9.787966175608242736e+01
1.113279489406551193e+02
2.622077506878836175e+02
1.629100130910714768e+02
-1.791248438813907740e+01
1.181020180837570166e+02
1.170003147568193356e+02
6.141199027430797486e+01
1.832194993603306727e+02
7.606645796392210741e+02
-4.110811073739614585e+01
2.122161173079859111e+02
4.380272108457897957e+02
9.665978316140057132e+02
1.371329691987564729e+03
1.487635136657188468e+03
1.545428256146226886e+03
3.013579103167348876e+03
3.611215286813618150e+03
4.042809626178485360e+03
4.665925617699542272e+03
5.754721488435462561e+03
6.807280882059058058e+03
6.139176040018212916e+03
6.939145979953038477e+03
