4.880954630820347262e+01
7.452435421246049074e+00
-1.473550158713317728e+02
-1.062621768583556587e+02
-1.682919183006050616e+02
3.656471293008453927e+02
1.626142531227950940e+03
2.197717902925510771e+03
2.913618790385492048e+03
4.258910521899556443e+03
4.531044220842747563e+03
5.538652725232012926e+03
6.111037514801377256e+03
5.456975423827017948e+03
6.701953818460209732e+03
6.234133996887926514e+03
6.463006463277743023e+03
6.254639746740346709e+03
5.933221430881988454e+03
6.337490916090402607e+03
6.488987372559448886e+03
6.399108565947019088e+03
6.404305511653105896e+03
6.676809924239875727e+03
6.595177045471162273e+03
6.703772527043684931e+03
6.486493184911911158e+03
6.982989514592164596e+03
6.693082339597192004e+03
6.532437812707735247e+03
6.476258092837153526e+03
6.542359620298225309e+03
6.279402060776427788e+03
6.371537391726606074e+03
6.103068251212691393e+03
6.674756401464329429e+03
6.356873604915133001e+03
5.827921840473896737e+03
5.325298170533996199e+03
4.810861502762836608e+03
5.077103059839953858e+03
3.962358517292711895e+03
2.845582591211626550e+03
2.099886342883114139e+03
1.174631913173996509e+03
4.668773208405482933e+02
4.031150682055062475e+02
-1.986481169723019775e+02
