4.039776823643140915e+02
-4.754411683469960508e+02
6.782364322129261325e+01
-2.577901502191847953e+02
-6.000622149492304658e+01
3.214362144754983319e+02
7.892744274100402890e+02
2.101945667732070433e+03
2.662858561232434113e+03
3.423878042138004730e+03
3.933450229036195196e+03
4.517484766680918256e+03
5.058166653177562694e+03
5.179482053632621501e+03
5.705950738931562228e+03
5.389241625815309817e+03
5.600380497758632373e+03
5.900794475964212324e+03
5.926828790273874802e+03
5.869970569654721658e+03
5.872824566292587406e+03
5.529159893368778285e+03
5.852590801871686381e+03
5.953103512872499778e+03
6.031498264358552660e+03
5.741964149406894649e+03
5.612336285720952219e+03
5.958507849789521970e+03
5.940596992473553655e+03
5.884869904969301388e+03
5.407089977763177558e+03
5.747046099416047582e+03
5.699042900952744276e+03
5.585309977300700666e+03
5.949713457558148548e+03
6.211398556575432849e+03
5.165130762388949734e+03
5.141084301514880281e+03
4.704367546305339602e+03
4.157273773991195412e+03
3.415490458431158004e+03
2.843198489302567395e+03
2.395381661509710739e+03
1.666156368263773857e+03
5.499503337174000990e+02
3.541152097266406145e+02
1.490600202780771326e+02
9.940445385934947353e+01
