6.327812529340995752e+03
6.660537756985086162e+03
6.636558560362534081e+03
7.235195361300930927e+03
6.872413593899088482e+03
6.442192965410342367e+03
5.142272271455797636e+03
4.924417364448137960e+03
4.142819675959362030e+03
2.825255669898875112e+03
2.092848658614161195e+03
1.962133972036515843e+03
1.224781501163482289e+03
6.499444056226382145e+02
5.032177552569808086e+02
3.747678828672248414e+02
7.029791253572179812e+02
5.300214999543659360e+02
1.268882026958148685e+02
2.815548034672009408e+02
3.368458921233044521e+02
3.286670795357488828e+02
7.782590569070357844e+01
-1.340992637579562654e+02
-2.248633289513000477e+01
-1.690715768353421993e+02
2.721281313472021566e+02
-2.527735584818848622e+02
-1.314976394705986422e+02
2.594529918685109919e+02
2.589362816157295129e+02
-1.706359824437667072e+01
5.855920090477992517e+02
2.326995956161131573e+02
4.195909742207126669e+02
6.109845164607135075e+02
4.419374491902853492e+02
8.837388254865377348e+02
1.688791717058360064e+03
1.678527260529751629e+03
2.283843758193082977e+03
3.400060051627125631e+03
4.203012871268500021e+03
4.979288768708270254e+03
5.471546939933235080e+03
6.448930392344510437e+03
6.843965135489104796e+03
6.487737198243336024e+03
