8.896326659883941829e+03
8.192449392660257217e+03
6.482029001125266404e+03
7.677046462817246720e+03
6.802948528910769710e+03
6.282690285571728964e+03
7.316423258009799611e+03
4.665005958736716821e+03
4.929669547615255397e+03
3.303222260272294079e+03
2.572636553112782167e+03
1.552429214785847535e+03
1.335118859084315773e+03
1.127622046958705596e+03
7.712026198624863582e+02
8.484011887742256022e+02
9.130890732777119183e+02
4.426547661553040598e+02
1.359870342968868613e+02
8.123032206111413700e+01
2.343133553962698272e+02
1.150225692655705245e+01
-3.106395920544164255e+02
2.083732869883465710e+01
1.477770703147617155e+02
-4.274933943528062628e+02
-8.288430668099130116e+01
-2.372014330955834680e+02
3.064680317045566653e+02
3.162754234951146373e+02
-3.033540126661113945e+01
2.211591524811910858e+01
2.129285316554887117e+02
5.938111220013294087e+02
6.381834114119209289e+02
6.041375308533728230e+02
5.709169565897932443e+02
1.027157476224761240e+03
1.333016108901445477e+03
1.442980250192501444e+03
4.257315400851842242e+03
3.438935620183649462e+03
4.526817623857136823e+03
6.137340202694716936e+03
6.195694118663862355e+03
7.673175184073789751e+03
7.159581060313165835e+03
8.209047181381238261e+03
