6.421004401747680276e+03
7.057818983550826488e+03
7.094630797959369374e+03
6.696865530499714623e+03
7.137443785114711318e+03
6.209800477442900046e+03
5.831623721026661769e+03
4.498695995692134602e+03
3.994713941038267876e+03
2.664082155222798519e+03
1.945374989649360032e+03
1.082773867658172321e+03
6.482622753191598122e+02
6.569009563314652951e+02
6.978709820572543094e+02
3.430307254569235624e+02
1.182972772899730671e+02
6.748495411019789572e+02
6.334380728506450851e+02
5.127170237820419061e+02
2.884592357343661888e+02
-6.090614608221574855e+01
-3.338981741683019067e+01
-2.003777787607698713e+02
-1.283848138504404801e+01
-3.887632972540409781e+01
1.910182030679317222e+02
-2.075752052904067568e+02
4.128204280819227279e+02
1.705390227437393094e+02
9.199942591551261728e+01
4.014275352095923495e+02
3.530871339498252155e+02
2.711867214229251317e+02
4.027479748024875903e+02
1.092166283005315819e+02
8.633285826573373924e+02
1.046841274800765177e+03
7.349862010196295614e+02
1.719765646512917101e+03
2.448995581081843284e+03
3.337533654681399639e+03
3.791665001826757816e+03
4.919827372104237838e+03
5.564920294922178073e+03
6.033118039173188663e+03
6.389661719019444718e+03
6.336045762257604110e+03
