2.290754194416798839e+02
3.537640463759268528e+02
-3.456009704346549825e+02
-8.861322481632038262e+01
-7.611499906208795210e+02
6.125247200542517021e+02
7.369668826301472109e+02
2.311058594186195023e+03
2.801795178900232258e+03
2.929621974315899024e+03
4.201510555531222963e+03
4.586168628150704535e+03
4.565027122748960210e+03
5.399776221901015560e+03
5.706371675256738854e+03
5.581131763718040929e+03
5.950085763826812581e+03
5.664312115812595039e+03
5.336827588371005731e+03
5.791928197115435978e+03
5.641699045797744475e+03
5.764444298054108913e+03
5.768203739471110566e+03
5.958184154458173907e+03
6.191793043740678513e+03
6.078992969419490692e+03
6.187782399819164311e+03
6.230935199399604244e+03
5.478868371985191516e+03
5.701619717657844376e+03
5.727528629627859118e+03
5.868221059055379556e+03
6.122734557220947863e+03
5.905655881878568835e+03
5.437796411929019996e+03
5.769460834654683822e+03
5.524800671939770837e+03
5.334991433500863423e+03
4.821747603532116955e+03
4.046167654175083044e+03
3.683312245557400729e+03
2.608808773435896910e+03
2.502696271654846441e+03
1.429232517057418363e+03
9.172532668680191819e+02
2.782319083179162362e+02
7.093696636172631997e+01
2.045291796213102771e+02
