2.961061353349302863e+02
-1.439419205476413879e+02
-1.753549546757875248e+02
-3.356787993400299683e+02
3.394517721825600631e+01
3.249243620102713521e+02
5.928932187341687268e+02
1.869320908256061330e+03
2.647708783394538386e+03
3.811222331946384656e+03
4.187605328782882680e+03
4.521199473154723819e+03
5.295414886852896416e+03
5.544381777715012504e+03
5.660186872567219325e+03
6.057049867825141519e+03
5.883837857097964843e+03
5.914059050095796010e+03
5.655123012044969983e+03
6.005353991494400361e+03
6.241225238758011074e+03
6.009753068467767662e+03
6.077415457584151227e+03
5.906788536096490134e+03
6.232848536431947650e+03
6.118649292765403516e+03
6.281953213026639787e+03
6.363762214294980367e+03
5.972086622300137606e+03
5.765459012870390325e+03
5.968891831110361636e+03
5.720555587253769772e+03
5.951794269437463299e+03
5.892191705635611470e+03
5.548579617333395618e+03
5.977808649904131016e+03
6.006408238361741496e+03
5.324878905528204996e+03
5.283131168241507112e+03
4.209332701801770781e+03
3.461559279397110458e+03
3.421286029886386132e+03
2.263454490459326735e+03
1.352926719193579174e+03
1.002022197818717132e+03
4.934243873745609932e+01
3.445307997475142088e+02
-2.113957999124955123e+01
