9.536527468234851312e+02
-4.612919219471313568e+02
8.405288188705551278e+00
-3.351171393606661013e+02
-2.667206343217146891e+00
-1.629817673611747750e+02
1.035630414039153038e+03
2.335820972768782667e+03
2.874757493253788198e+03
3.895946976580043156e+03
4.578904497534929760e+03
5.154676901909444496e+03
4.969309394623845037e+03
5.689899848606118212e+03
6.067851373916258126e+03
6.088126234164847119e+03
6.238373377768763021e+03
6.223781488524086853e+03
6.388254906711707918e+03
6.268656472015930376e+03
6.385775473411755229e+03
6.569513745816322626e+03
6.285837549066024621e+03
6.305426633186899380e+03
6.363474777952664226e+03
6.271632057103718580e+03
6.216474605795952812e+03
6.202385718617002567e+03
6.483415282192582708e+03
6.009668004886349991e+03
6.013657629315245686e+03
6.344217307124064973e+03
5.963737646923232205e+03
6.369289429981374269e+03
6.179178650523962460e+03
5.735981483845830553e+03
5.567813021591377947e+03
5.713357871709129540e+03
5.664973287766937574e+03
4.778643280554513694e+03
3.932478399382839143e+03
3.428221228367890490e+03
2.624812806241287035e+03
1.715428119296414025e+03
1.496969093539606774e+03
7.316778305562419291e+02
3.760062216982191217e+02
2.935360695266098787e+02
