6.134188284078712968e+03
6.665029832248226739e+03
7.272680479993792687e+03
7.182367372881596566e+03
6.777679000205031116e+03
6.364205091702280697e+03
5.754932184894237253e+03
4.849708724396055004e+03
4.259341928848564748e+03
2.720458927423873320e+03
2.211088784672230759e+03
1.576617907907353356e+03
9.542816870777892291e+02
1.196727501429330459e+03
3.679428767521417285e+02
7.688874387893930589e+02
3.306313197506316897e+02
1.660969481809555646e+02
6.598414980854879559e+02
9.937032662995241594e+01
4.164952722779721057e+02
9.823837658328184830e+01
5.518368961479511654e+02
1.265628864165732352e+02
1.727754412438674336e+01
1.099819308201320638e+02
-6.537111387936326068e+00
2.418768948566994084e+02
-5.084301566335089007e+01
2.400116630900953680e+02
1.357260289991851892e+02
5.511354746693382367e+02
5.296202482167775543e+02
6.776116897499767902e+02
4.588389859653456426e+01
6.881256801177888747e+02
6.113649244105469052e+02
9.242491241109366911e+02
1.466819389401970056e+03
2.096086255982034345e+03
2.835119705739596611e+03
3.109127327961953597e+03
3.959980232331623483e+03
4.466797448575382987e+03
5.352343932526001481e+03
6.252241398467512226e+03
6.480278642944328567e+03
6.485732440143525309e+03
