4.209632072147767303e+02
9.124095344014344278e+01
-4.673004203405511703e+02
-5.255740855022319380e+01
-8.194092743671129710e+02
8.270629426029707929e+02
1.211363163327148868e+03
2.216569669184201302e+03
3.223795863328507949e+03
3.608725666827820987e+03
4.389759676388686785e+03
5.113398332056076470e+03
5.418059499169561605e+03
5.822742259050836765e+03
6.149714566278903476e+03
6.124896828976649886e+03
6.226926837325620909e+03
6.301625593778837356e+03
6.451947300408041883e+03
6.423095816036396172e+03
6.442456105437149745e+03
6.800692331385000216e+03
6.548390150800471929e+03
6.480320317579236871e+03
6.802530114925823909e+03
6.812343524897291900e+03
6.838293181476054997e+03
6.223217282748330945e+03
6.569037952613929519e+03
6.696888822052877003e+03
5.997148187002216218e+03
6.138972923878686743e+03
6.184976530670928696e+03
6.640439726641847301e+03
6.381920546356184786e+03
6.180878793534175202e+03
5.881357381197566610e+03
5.894081409647121291e+03
5.208539072434431546e+03
4.684850391299037256e+03
4.440673681719883461e+03
3.360451407548811858e+03
2.577199882559273647e+03
1.971421655477579179e+03
1.545050585528490728e+03
9.844666058587188218e+02
6.093033481572797427e+02
8.050420667634986671e+01
