6.443438535057444824e+03
6.748316828501422606e+03
7.330268548019083937e+03
6.948027532940430319e+03
6.700171358346688066e+03
6.453202601639669410e+03
5.511940741834559958e+03
4.683637550034326523e+03
3.921981343013148944e+03
3.098712126639942198e+03
2.615966901469195363e+03
1.681404960621033069e+03
1.006124246709280783e+03
8.226590358736212920e+02
3.212722833729388299e+02
2.094474399183326057e+02
2.564588751083973079e+02
7.379610370913859185e+01
8.497660473473648608e+02
3.770036852092814001e+02
1.915435134644935999e+02
-1.555305549079607772e+02
-8.863236245606347552e+01
2.325837386477123800e+02
8.271241731558693289e+01
5.046990330279714385e+02
1.900985110851062529e+02
3.482783897385359069e+02
3.063101538458328150e+02
2.093937908642979551e+01
1.204905254471007510e+02
2.901040034046517349e+02
6.633534486168146032e+02
6.766447419240487307e+02
6.635237901077700826e+02
4.521187559539899894e+02
4.713655048144688635e+02
8.244442969510502053e+02
1.033360853336285345e+03
1.723679223897154088e+03
1.931232301010468063e+03
3.199328253966295961e+03
4.406495997115894170e+03
4.948698411292164565e+03
5.987335632546704801e+03
5.997540962732488879e+03
6.251712344804812346e+03
6.994495126204012195e+03
