6.732529432549258672e+03
6.588671413712914728e+03
7.547564726135120509e+03
7.478349710158092421e+03
7.297315580954284997e+03
6.291393543443125054e+03
5.624787336997176681e+03
4.544637277655928301e+03
3.993113061378190196e+03
2.992217209241001910e+03
2.577533218667335404e+03
1.812524898933301984e+03
1.457322586029871445e+03
9.027150469214508348e+02
5.335980481028907434e+02
6.190246276786571116e+02
3.060872464150564269e+02
4.443045818494052241e+02
2.826082434469706754e+02
6.214396015988083946e+02
4.236945300865916124e+02
1.615706306014736526e+02
9.694093633333802984e+01
2.958807820834662294e+01
1.298516665421743141e+02
-1.038037151900911397e+02
1.011500129851893348e+02
-4.197800955015014779e+01
5.346607586930380762e+01
2.459814259430588663e+02
3.989220886029207804e+02
1.483794171959870596e+02
1.834546083233000502e+02
1.613683954609269620e+02
8.083352712547938381e+02
6.309248389485685493e+02
6.586344114368631608e+02
4.524748661953541955e+02
1.504042553477023375e+03
2.047036810124392559e+03
2.616952093124020848e+03
3.085532947091526694e+03
4.257162940507590065e+03
4.896802789187515373e+03
5.659388981445402351e+03
6.650801647626150043e+03
6.869298019234875028e+03
6.645771257460731249e+03
