6.242962717461457032e+03
6.678617183637190465e+03
6.944786877188718790e+03
7.282938030622704900e+03
7.253362588843886442e+03
6.679302768614582419e+03
5.964182416744241891e+03
5.166296445603821667e+03
3.629766167837600733e+03
3.111492930453614917e+03
2.323513288930530052e+03
1.918998415145748140e+03
1.237324802633111403e+03
7.474905909592514490e+02
6.278224831402666268e+02
7.215724492079107222e+02
6.427559071911729234e+02
4.284780346960581028e+02
5.015244041244845903e+02
2.365280601768245390e+02
3.304049789150161018e+02
1.630832673742162626e+02
5.528000065552024722e+01
1.797264088847824723e+02
1.017363003296246688e+02
-6.834796833652494286e+01
9.023765765524679239e+01
-1.386129539680782443e+02
-2.863104431975699526e+01
-5.435313261345623914e+01
-2.294160544754726416e+01
6.477355593686440898e+02
4.900841373055739041e+02
8.757426298749471698e+02
4.172076612756830514e+02
3.378505425026488069e+02
3.902716684265795948e+02
1.118860127286993929e+03
9.684833559033673964e+02
1.791124571394051145e+03
2.708390480317711081e+03
3.127512151438865658e+03
3.973027119269018385e+03
4.902224439856501704e+03
5.644679947876287770e+03
6.111761260298757406e+03
6.562632731107340078e+03
6.656798886633141592e+03
