6.396209284069915157e+03
9.523215713346877237e+03
1.112384628011642235e+04
7.394250911990163331e+03
6.598190596213371464e+03
7.528976123072242444e+03
5.829350170992059248e+03
6.397746500475006542e+03
4.565220266283573437e+03
2.963578620636767482e+03
2.878462072547913976e+03
1.719939452291684802e+03
1.681621096110742201e+03
5.138610597765253942e+02
7.788520118211093859e+02
7.013508504252175726e+02
3.798218825787870401e+02
4.376292482977261784e+02
2.937602995182690506e+02
1.410570663438855377e+02
1.561402445815740805e+02
7.728722559960872331e+02
1.409364677548669817e+02
-8.034503558686495239e+01
2.234458867177463048e+02
-3.320552069506530923e+00
-9.516651618754206510e+00
-6.941527488529060008e+01
4.261792760305163483e+02
-3.854937316438343373e+02
4.783076756083291912e+02
4.565676914900892598e+02
4.284155397958475078e+02
3.829267201708394737e+02
7.760896557389261261e+02
3.146031578441076135e+02
1.305605334180416548e+03
1.918006449440207234e+03
1.352897781352945685e+03
1.692258673475596424e+03
2.326058696073589545e+03
3.630170998609836715e+03
4.378702786784249838e+03
5.123650165171868139e+03
6.277077534402320453e+03
7.051297092989000703e+03
7.809097656625088348e+03
6.102129428747213751e+03
