6.467806073631384606e+03
7.060812018083433941e+03
7.195103380022885176e+03
7.107759362243127725e+03
7.059272614037839048e+03
6.749476683776975733e+03
5.189148727126684207e+03
5.107439735516123619e+03
3.852621679367077832e+03
2.869374478969115444e+03
2.382960292373232733e+03
1.695029747862561635e+03
1.220084034947014970e+03
9.837380472917776615e+02
5.076072464331367655e+02
2.406471530794556202e+02
7.570866051178398948e+02
9.069900959608332869e+02
3.831095903193800609e+02
5.087687818366266583e+02
2.225901910198478788e+02
4.567680474819066490e+02
-2.092719308041158115e+02
-1.622704248249475256e+02
3.330572342562608696e+02
-4.656824294432443168e+01
7.595631359576279351e+01
-6.431088182920275642e+01
-1.386249926400684842e+02
3.173194802481382339e+02
4.563139690314115455e+02
2.230964933228002280e+02
5.934006414628809125e+02
3.304659843697174892e+01
5.415610795702064024e+02
2.790433367448397917e+02
1.237719375634974995e+03
9.210733877839958268e+02
1.403952143619169419e+03
2.091989587070287598e+03
2.781578433599329855e+03
3.664774833700443196e+03
4.345725530158028050e+03
4.952547680539886642e+03
5.619224025800845084e+03
6.881004011149821054e+03
6.597560322348675982e+03
6.637382742600211714e+03
