7.146895878717979940e+03
8.152859255944170400e+03
7.936222968755327202e+03
8.016909342901185482e+03
7.870086356712829911e+03
8.527896583133006061e+03
5.783474982274862668e+03
5.429754736849156870e+03
3.986740814913430313e+03
4.561451460433288048e+03
2.950231211554666970e+03
3.271939888421425621e+03
1.628300972244572904e+03
9.261490779694677258e+02
9.937494244102199445e+02
1.317037108521514881e+02
1.016239595787098011e+02
6.598038378261360322e+02
7.712674962404277039e+02
4.879070923904382653e+02
2.977806183535423656e+02
3.571349089878110590e+02
2.764415805056372619e+02
-7.335982849707127684e+01
-5.138639309595333771e+01
-2.155168540600307949e+02
6.178752859406190368e+01
1.145433530197175998e+02
-2.314253335491619055e+02
4.816701604417821727e+02
7.852750378875616661e+02
2.524916005621711577e+02
6.870653162568414700e+02
8.123540891958310795e+02
7.891750283218086679e+02
6.867682110761753620e+02
1.584064754930489926e+03
1.655692561541635314e+03
1.890438910190762499e+03
1.667645164453276493e+03
1.968538959276088690e+03
3.365701156340721354e+03
4.836926310274646312e+03
4.823655751423738366e+03
6.092776554331637271e+03
7.195887122336617722e+03
8.480344958153182233e+03
7.599834211597833928e+03
