6.040140248076454554e+03
6.745108007837529840e+03
7.073802796318718720e+03
6.914749166757939747e+03
6.914887825945729674e+03
6.798868592615509442e+03
5.580648751482034641e+03
4.516143774013485199e+03
3.907514722604359122e+03
2.839463482425047459e+03
1.799530282162427056e+03
1.324037408209660725e+03
1.090826982194673519e+03
8.654995950539772593e+02
5.809291305302195951e+02
4.081705685541903108e+02
6.158543946230129222e+02
6.045103966046983714e+02
4.423402034200459525e+02
5.117669445622260582e+02
7.589401976566285839e+02
1.011323217296539099e+02
6.213267756684961114e+02
1.336312205723591262e+02
4.463670988690704178e+01
-6.370202875243190022e+01
-2.834784078086113368e+02
5.171778050957065886e+01
-4.017670931631391795e+02
3.861895413020196344e+01
2.551584283357586287e+02
6.910281682379339827e+02
3.598252844229362495e+02
4.819435418644983429e+02
1.246259285334334379e+02
5.041146900296640183e+02
6.199645480465965193e+02
1.120494440510835830e+03
1.269655518453977493e+03
1.763299591936557590e+03
2.940303734717996576e+03
3.406563837816937848e+03
3.994317311456214156e+03
4.487886671053943246e+03
5.253462020403423594e+03
6.078566590942358744e+03
6.118735896034817415e+03
6.436311126565623454e+03
