6.393358932098465630e+03
6.534681316207880627e+03
6.960054342971277038e+03
6.749345610424130427e+03
6.560827945719714990e+03
6.181965699214765664e+03
5.341787868162114137e+03
4.492578948293815301e+03
3.950288040677332901e+03
3.011368392028939070e+03
2.022219981546418694e+03
1.454575830298509118e+03
1.159303554936890805e+03
1.217853681593829606e+03
6.644841336389570188e+02
5.845575302971727751e+02
4.759567229653795266e+02
2.060935462356827088e+02
2.974649299010137611e+02
4.654354220352146854e+02
4.768870807503575975e+02
3.439267170096001678e+02
-1.221750241034454092e+02
2.506509118010012855e+02
2.950850618982745033e+01
2.617537369569843122e+02
-3.794731588762080321e+01
2.372985824157342449e+02
2.016767705340898260e+02
-2.462076412225525246e+02
-3.107180819483462741e+01
2.952117811618677479e+02
1.141099909019428083e+02
4.277967901416483869e+02
4.439098232933954478e+02
3.202813869124175312e+02
4.023315094627855615e+02
9.651307404771083611e+02
1.158931618673104367e+03
1.877074960339437894e+03
2.241354418669346614e+03
3.580183773631229542e+03
4.193350978771688460e+03
4.571866436702260216e+03
5.438009483320387517e+03
6.112840379881361514e+03
6.321682920138215195e+03
6.338918158039662558e+03
