4.784096066464188652e+02
-6.044343090448415978e+01
-8.004973876430278779e+01
-7.934740719128110413e+02
-4.430245322655919438e+01
4.998600881617347795e+02
1.421179503681667029e+03
2.070283514901103899e+03
2.936684476956175786e+03
3.366514967964467360e+03
4.249946179001067321e+03
5.288737543516856931e+03
5.524540669140331374e+03
5.799539927268533575e+03
5.820836195161336946e+03
6.245038720303078662e+03
6.653512586358972840e+03
5.983285719477055864e+03
6.075288957849679718e+03
6.170062405521439359e+03
6.311302367548025359e+03
6.345693178359289959e+03
6.294345167853013663e+03
6.403314208930803943e+03
6.280671656374888698e+03
6.450299994661889286e+03
6.301700920328980828e+03
6.447398914482791952e+03
6.149761706417380083e+03
6.253308857046569756e+03
6.253490535784326312e+03
6.138723718913906851e+03
5.856640262118506143e+03
6.422153445637663935e+03
6.243316424831860786e+03
6.265619814192697049e+03
5.869882912144753391e+03
5.545326173498735443e+03
5.273755103776814394e+03
4.509161318483381365e+03
3.672001345697713987e+03
3.375951365045432340e+03
2.465632635468807621e+03
1.522761067280091311e+03
9.947206680303345365e+02
3.658256925326538749e+02
5.101255535432576949e+02
-2.446890299808212603e+02
