6.438882220681012768e+03
6.558687313241302036e+03
7.515289462538180487e+03
8.957114521192615939e+03
7.276966703660054009e+03
6.538686201943608467e+03
5.799314917919188701e+03
6.435113588741336571e+03
4.552110798438528036e+03
2.979624295788799827e+03
2.121154864680745504e+03
1.487288452485610605e+03
9.518440632554038530e+02
9.548771097320610579e+02
7.134790018539501943e+02
8.604932252644805430e+02
2.484915033683518004e+02
3.768406818233463014e+02
7.065718008356502651e+02
4.416252826823128430e+02
2.453555548696172082e+02
1.470630246545051705e+02
9.900961117097097031e+01
3.438967456426748299e+02
1.119690867791334767e+02
-1.837545011865758795e+02
-3.075010669312821960e+02
-3.191163348198341865e+01
7.974639460113175460e+01
3.545833326180658673e+02
-2.126956467279594065e+01
1.172459614952344396e+02
4.898970074067490259e+02
1.766036962015680558e+02
1.916228317635270741e+02
3.996161540168444617e+02
1.061144862212087219e+03
1.116830120695529786e+03
1.643967113589920018e+03
2.760454024300220226e+03
3.104060282058026587e+03
3.690747633431011309e+03
4.837106265701218945e+03
5.192484878294349073e+03
7.086865611920490664e+03
6.715722559738004747e+03
6.087329604336317971e+03
9.371068807107414614e+03
