5.471463050374676413e+02
-2.196326179165803580e+02
-4.883971966199070494e+02
-4.652766069319740154e+02
1.730556636098966976e+02
4.531044528210993576e+02
1.212119049442641199e+03
1.974244724200189012e+03
2.722679035503313571e+03
3.425975273910080887e+03
4.025268354103868205e+03
4.566919943394878828e+03
5.063204655886339424e+03
5.103621106403465092e+03
5.559400764004044504e+03
5.749059103712510478e+03
5.962913339232049111e+03
5.589536079381142372e+03
6.256201273422668237e+03
5.517322672422938012e+03
5.839414804752995224e+03
5.897349209266023536e+03
6.099429950094999185e+03
6.048476688677257698e+03
6.275333409321565341e+03
6.380997363418039640e+03
5.935814038098867059e+03
6.122590096809095485e+03
5.874343034881078893e+03
5.889256972660647079e+03
5.967535008528424441e+03
6.009177502229318634e+03
5.823738241672993354e+03
5.683121391230528388e+03
5.833916162254367009e+03
5.627396487023930604e+03
5.612767715303590194e+03
5.053600927780320490e+03
4.883450243600288559e+03
4.333954214358320314e+03
4.005267473667833201e+03
3.334639239427473967e+03
2.279238450393168932e+03
1.519123183581472631e+03
8.982897848800098473e+02
3.131407958715806217e+02
2.999409226536776600e+02
-1.231030438027532625e+02
