6.425826802629844678e+03
1.012069381484746191e+04
7.591140459003661817e+03
8.621752335115619644e+03
9.426412609114629959e+03
6.278176118756818141e+03
7.492524425473025076e+03
5.173785719080930903e+03
4.267797935098106791e+03
3.301992419281604271e+03
2.645760709308544847e+03
2.291712058903030083e+03
1.049289947907623173e+03
1.100473013875756124e+03
4.428821989112270217e+02
7.587998922743586263e+02
1.039333180412331330e+03
5.642999689007550614e+02
1.835638166354429757e+02
6.107120789790434401e+02
5.425247065083821099e+02
5.090054510064115334e+02
2.923832630784729645e+02
3.029863563572042153e+02
1.434290339447460951e+02
-1.662935012904969412e+01
5.009470995899939112e+02
4.029419271886776528e+02
2.978443215712892425e+02
1.924567088503391687e+02
2.189704134730230862e+02
6.148993806170237804e+02
4.782715315476124829e+02
5.709762280002955777e+02
4.224349688130454865e+02
1.669351550823947036e+03
4.163583251243658196e+02
2.206875623475021712e+03
1.530077192994637244e+03
2.156862153250915981e+03
3.219365145805126758e+03
4.184438063488839362e+03
4.600281410303670782e+03
5.233093250780194467e+03
7.497110326541479481e+03
6.891181515059146477e+03
6.766020931670766913e+03
6.524615097651428187e+03
