9.960674638290678558e+03
8.357034964271060744e+03
7.162300191025528875e+03
8.888954635561103714e+03
7.903199196909036800e+03
7.374004064210859724e+03
6.058328588537502583e+03
5.795577603035112588e+03
4.010157708122612803e+03
2.813514358997768340e+03
2.204518200741672899e+03
1.625832172926553994e+03
1.367897291630966038e+03
1.807553391731612919e+03
7.959391328356040276e+02
3.372602761086483270e+02
5.181484905091972450e+02
5.955432176258794925e+02
4.267928960063478598e+02
6.800492305357194027e+02
6.336259823839922092e+02
1.105239146352605246e+02
2.735434802134911934e+02
-1.201713121137082254e+02
2.046437343119792729e+02
-2.490382759015393788e+02
-1.313420486211737881e+01
5.047227152572441611e+01
2.396656531229266989e+02
2.465684121056098377e+02
2.234263137086871609e+02
5.680286254807673458e+02
4.189701839412173285e+02
6.993494652428952350e+02
5.543014226390581598e+02
7.045805028708396094e+02
6.368107036196178115e+02
9.718591556635419693e+02
1.670434254696874405e+03
1.363838950412040958e+03
2.537978685963658336e+03
4.371456264262629702e+03
3.852916687205845847e+03
5.565455545373546556e+03
6.201926289736734361e+03
5.711544242874445445e+03
6.748616877456673137e+03
8.147117240298540310e+03
