5.456718747689628799e+02
-1.914603352213810012e+02
1.680397662055262629e+02
-3.721358960672549756e+02
-6.165874366149873822e+02
4.664720269291342447e+02
9.155708582554163968e+02
1.695631280686176297e+03
2.474560553461890322e+03
3.072838894756299851e+03
3.467040558310948654e+03
4.448507728143918939e+03
5.109401655299859158e+03
4.753858714395832976e+03
5.316414824975877309e+03
4.972550931615740410e+03
5.323972995132960932e+03
5.352668725157500376e+03
5.272068248118436713e+03
5.475998900623641021e+03
5.549757834909463782e+03
5.605413982983053756e+03
5.734973720013055754e+03
5.869740952740316061e+03
5.453083953301636939e+03
5.517909102920821169e+03
5.840639863904898448e+03
5.944365429274990674e+03
5.555894715876156624e+03
5.877021229482084891e+03
5.509681121911012269e+03
5.537456620057129840e+03
5.711007830268119505e+03
5.441473691662919919e+03
5.399400478475951786e+03
5.407455711201256236e+03
5.384592133381475833e+03
4.685773835317982957e+03
4.665489693170366991e+03
3.959036046902467206e+03
3.442060543450838850e+03
2.804220363265178094e+03
1.909274928199283295e+03
8.856677943130461017e+02
6.057312792745759680e+02
-1.725247946789255025e+02
-1.621704051775799087e+02
-5.569521424949253969e+02
