7.827931227751690130e+03
6.517590979125590820e+03
7.187717941780996625e+03
8.724334884589210560e+03
6.698346966893953322e+03
6.513221595338712177e+03
6.155572425492511684e+03
4.881319705093621451e+03
4.227262086210561392e+03
3.557254900344786165e+03
2.305046925410468702e+03
2.373601071590072479e+03
1.283882285650531230e+03
1.176034690302324407e+03
1.208188920843277856e+03
4.907480695145659411e+02
4.386327182059020515e+02
4.095820999961789539e+02
-3.710793165253163295e+01
2.445714462598122623e+02
3.954563613385759027e+02
4.090952974222396961e+02
-6.421237340472109167e+01
-9.355390917043339982e+01
-7.493924396899518570e+01
1.531296587256494774e+02
6.153889618130404671e+01
-1.968857439960624163e+02
1.800993488020922086e+02
6.249143117884558478e+02
1.121037943156734862e+01
3.878610126376946141e+02
5.908107018487140749e+02
4.664743269912057144e+01
1.540535362220260822e+02
9.540766277757631997e+02
7.323089476019584936e+02
7.179397447266815107e+02
1.513243014114082371e+03
1.323869755291444335e+03
2.565401572716091778e+03
3.842886429935897013e+03
4.923171714572966266e+03
6.610219348752239966e+03
5.553915689785451832e+03
6.754430444847821491e+03
7.721888917373271397e+03
6.741867968001365625e+03
