8.147528917475687194e+03
8.681378835415238427e+03
7.856964569517915152e+03
8.125396666879290933e+03
7.175262535818840661e+03
7.129212271879609943e+03
5.521583568132842629e+03
4.894430134823368462e+03
4.106293468513728840e+03
3.777023447337734524e+03
2.105211951966639390e+03
1.702577607435283653e+03
1.280023420183546023e+03
9.239927582342756978e+02
6.641841770690394924e+02
7.075680980337346000e+02
4.012518362210871032e+02
6.012307802143395747e+02
7.146139279882637538e+02
5.975423950387829564e+02
6.186497113851601171e+02
1.388647482685580314e+02
4.213539370578935745e+02
-1.597087373745011618e+01
1.363683524041553312e+02
-2.120080137554710404e+02
1.232150393903818468e+02
-9.796270266006133909e+01
8.005960135068177408e+01
4.828854942848508927e+02
2.579204866552107092e+02
1.582153636671565380e+02
2.549648425184958001e+02
3.754076092453656770e+02
3.441472881961098551e+02
2.659075533410519938e+02
6.407697458587426809e+02
7.951585640976036302e+02
1.443691776673207187e+03
2.423339252678010780e+03
2.453818207937087209e+03
3.091840541883735114e+03
4.933562041462493653e+03
4.854803392367335618e+03
6.093301042264137322e+03
6.389056441919874487e+03
6.612904588555250484e+03
6.232957499049893158e+03
