6.737298542883986556e+02
-1.364048242026626951e+02
-5.300380222223418514e+02
1.023237819306863514e+02
-3.077554258425265630e+02
1.981446360484424929e+02
1.126850529185440337e+03
1.525995907570278177e+03
2.881551554520149239e+03
4.119495317105292088e+03
4.109902646340232423e+03
5.136175234697480846e+03
5.203502832714018950e+03
5.682586676337729841e+03
6.522855950782639411e+03
6.138843846396297522e+03
6.090815872299957846e+03
6.224717278574974443e+03
6.068916901030436748e+03
6.355497901082570934e+03
6.156434927903575954e+03
5.978444449856615392e+03
6.437243498708242441e+03
6.504603480734432196e+03
6.749187982693631056e+03
6.678697304810387323e+03
6.163493901155581625e+03
6.514328742763337686e+03
6.222469633133146999e+03
6.417462397968182813e+03
6.173784448141700523e+03
5.815688035506848792e+03
6.088030679012975270e+03
5.891898417677114594e+03
6.278082210017499165e+03
6.094746824338021725e+03
5.974482958444524229e+03
5.720356182056021680e+03
5.031743523377980637e+03
4.569801111977861183e+03
3.883711644056467321e+03
2.765560422096412367e+03
2.846012675099581884e+03
1.612041801931825830e+03
1.225732005743932859e+03
2.502998469182340102e+02
1.668048232986910051e+01
4.103102049457114049e+02
