6.083757012605196905e+03
6.758967609883128716e+03
7.174054654786382343e+03
6.848737347814556415e+03
6.619089735080851824e+03
6.069538488360213705e+03
5.410627670131519153e+03
4.828708043159036606e+03
3.584380232208229245e+03
3.114941382972986958e+03
2.251516843465250076e+03
1.492258633222978915e+03
1.185897128586532745e+03
1.063879356779698810e+03
9.228196494903031635e+02
6.768975044663446852e+02
5.265824131296435553e+02
1.817331827267259428e+02
4.206440272935025178e+02
4.051853908263736912e+02
1.675092664942820875e+02
-1.126071401581109086e+02
2.189506353460473633e+02
-2.985375726498697091e+01
-1.793210590889750833e+01
-2.581349282252115813e+02
6.137169457999379318e+01
5.712671500085831156e+01
9.925619662663508791e+01
2.483370193073415351e+02
9.017691757196885760e+01
9.517947623298992710e+01
3.437422249513985548e+02
4.003437213106114427e+02
1.941648575982216585e+02
4.148958694686384661e+02
3.733503805110975691e+02
9.495868370764255815e+02
1.305636978486827047e+03
2.088664167127225028e+03
2.140197046267506721e+03
2.750461583544566111e+03
3.482108926803380655e+03
4.990895473188311371e+03
5.368995720332070960e+03
6.035577608838423657e+03
6.385295135966217458e+03
6.218233083811202050e+03
