6.149755544694252421e+03
6.651006167155743242e+03
7.224322140364720326e+03
7.269225822120702105e+03
6.640711987628872521e+03
6.301479310277690274e+03
5.629824423522718462e+03
4.625934726837779635e+03
3.929100169085227208e+03
2.981442168344897254e+03
2.718148771866817242e+03
1.688520719272450151e+03
1.188668103923664376e+03
5.445276305053208716e+02
8.316674125344620734e+02
7.286262630242800924e+02
4.971176427231981734e+02
5.480949021735017368e+02
4.291540539189452943e+02
4.716395074784606436e+02
5.565312908378648444e+02
2.987310068098720421e+02
-2.038692189248698696e+02
-9.314281883413158880e+00
2.519395895232658589e+01
-2.609960001933444573e+02
1.984339457708704515e+02
1.492240051453349565e+02
-1.373666301724024663e+02
2.607644412714140714e+01
-1.866008409671506456e+02
5.132189976071518913e+02
-3.877910830872252745e+01
3.868052514154882715e+02
4.264786623586629162e+02
7.691534311917606601e+02
5.031355787362857654e+02
9.183775032914486474e+02
1.200870255244672080e+03
1.679986236467053004e+03
2.621114133305715768e+03
3.487682812631545858e+03
4.217034536976133495e+03
4.937061609412987309e+03
6.103994821331330058e+03
6.352220200212366763e+03
6.113450827767022929e+03
6.763083000120027464e+03
