5.968379822511123166e+03
6.613704540353168341e+03
6.942554210013090596e+03
6.779092156440142389e+03
6.807443543432160368e+03
5.895826862829714628e+03
5.931806413380033518e+03
4.893325592535355099e+03
4.060504250075265190e+03
2.787928877265216670e+03
1.985324579524348337e+03
1.640215094710480798e+03
1.075803947287708979e+03
4.682007828292811951e+02
2.674834273309443233e+02
3.906991760531807358e+02
-1.799067230971339981e+01
1.476120798687163358e+02
6.917068928128636571e+02
4.941765527176601154e+02
2.583149371284022209e+02
3.457593835637384814e+02
3.004768750952738969e+02
-1.544561420509210059e+01
3.134251336547714004e+02
-4.925681335579273679e+01
2.326158764313627501e+02
-1.173541779248514842e+02
-1.011172116308053432e+02
5.888979436284104167e+02
4.817005289014488056e+01
3.581453230347910903e+02
2.257289285742225218e+02
3.322696856108948964e+02
5.022370249575083676e+02
7.823548873559710728e+02
7.057945954891486053e+02
8.707868856956108630e+02
9.341132180756704884e+02
2.077376492627016432e+03
2.556532321441543900e+03
2.934175412608925399e+03
3.958085470320812419e+03
4.693162780645228850e+03
5.506505383237444221e+03
5.967517116220358730e+03
6.554990457084832997e+03
6.133894432681504441e+03
