6.205182946841235207e+03
7.367717079160645881e+03
7.326660118006754601e+03
7.060134788963748179e+03
7.145462173098019775e+03
6.165512553895538986e+03
5.626038176139578354e+03
4.766871208362532343e+03
4.020896379195016380e+03
2.901127049713520137e+03
2.315627159990386644e+03
1.536277039461938102e+03
1.302260418662806160e+03
5.693146985568795344e+02
8.448089983486942174e+02
5.638274441087903455e+01
-4.282573011662807261e+01
4.131873353042390136e+02
2.632861029190326576e+02
3.635155259014642297e+02
3.065482881990857891e+02
1.949902369573218834e+02
9.920708386175734361e+00
3.878419990635694035e+02
-4.830608449396618198e+01
-1.566326537152885123e+02
-3.241284353026816802e+02
1.969443964835684540e+02
-1.858969222867157782e+02
3.027307680345533925e+01
1.647990205278098870e+02
2.923770888459666253e+02
5.091729719371820693e+02
3.596381549140268703e+02
3.403030654951789415e+02
1.854881958030267697e+02
8.765457989414712756e+02
8.009156120648098067e+02
1.222621932391795099e+03
1.507900393933572332e+03
2.743681957381018492e+03
3.155054187555188491e+03
3.910423000971946749e+03
4.927278509215205304e+03
5.454845502873087753e+03
6.297506049780944522e+03
6.533609211030832739e+03
6.524706982399756271e+03
