6.185512500628833550e+03
6.817995784016442485e+03
7.480766538260412744e+03
6.967380335422888493e+03
6.702877949256628199e+03
6.274455644528641642e+03
5.430315504922427863e+03
4.388988386324239400e+03
3.499530579981963456e+03
2.707568854034648666e+03
2.373527320389533088e+03
1.502527202121311575e+03
8.983032367640144003e+02
4.679963579850581255e+02
4.027666081895808361e+02
3.730685636378589152e+02
2.222019051926343707e+02
6.946535353973335987e+02
8.129890266325529069e+01
3.254031858089497860e+02
2.487584275213885974e+02
3.067389621055524458e+02
1.447411956311140280e+01
2.522079692367934740e+02
-4.715859005035856626e+02
5.137793725632753876e+02
6.566643039592955233e+01
-5.548092100946166738e+01
3.219147477915164473e+02
-8.080841749644960714e+01
5.076237467007612167e+02
4.537743413989758210e+02
3.217844225592374983e+02
4.567245829367244028e+02
6.295430537836804206e+02
3.806156796093278558e+02
7.863278870827467699e+02
8.688355338445568350e+02
1.298944188811396998e+03
1.351953618523809837e+03
2.550285344697223081e+03
3.487056036811274225e+03
4.200558705028361146e+03
4.888154910385519543e+03
5.550039959451079994e+03
6.098080934013391925e+03
6.709829012620013600e+03
6.132395719995722175e+03
