6.160991987294528371e+03
6.833958718045664682e+03
7.241449013107363498e+03
7.461591472619785236e+03
6.661003075707976677e+03
6.291196272765576396e+03
5.363068455533220913e+03
4.529536190494405673e+03
3.851545111629090570e+03
3.138423271586219926e+03
1.698352783389669639e+03
1.614146571153534524e+03
1.099146822607432114e+03
5.904243560158250830e+02
5.409601885417540643e+02
2.032089844681601676e+02
2.388862105789441159e+02
5.691857563344043456e+02
3.952856106162648757e+02
1.608694403258275827e+02
1.710389847974280997e+02
2.347381747501628411e+02
1.223977654388980483e+02
-2.110231899556590633e+02
2.541866291014640638e+02
1.959481447668741509e+02
1.402368551061178152e+02
-2.357818310329624296e+02
2.436367079826341069e+02
2.799771271241697335e+01
2.437140850306554114e+02
5.256508264654122513e+02
-5.436074247979299656e+01
2.111380878147350586e+02
-4.318659049832908181e+01
4.057967007376793731e+02
2.386406221047612064e+02
5.205459021023003743e+02
8.991981705289556430e+02
1.433994113810906128e+03
2.725671449377120098e+03
3.133239819941497444e+03
3.764717126735639795e+03
4.998361629159805489e+03
5.771757762875391563e+03
6.366144358235743312e+03
6.233848452228084170e+03
6.613702973895654395e+03
