7.316853052847033723e+03
8.557056835150269762e+03
8.346241093253640429e+03
7.644569371286587739e+03
7.162406847920527071e+03
8.229084629923858301e+03
6.353820711330403356e+03
4.928221855461800260e+03
4.563272033748815375e+03
3.230697936583422688e+03
2.367714941897583685e+03
2.135577177721236239e+03
1.413287564508011883e+03
1.095075685149287892e+03
1.032010139144870891e+03
8.627861041048209927e+02
6.593668603518794953e+02
4.263694133728805014e+02
3.259237843547386433e+02
4.075783978899931412e+02
1.791393638777341835e+01
4.755639247230543560e+02
2.846484535249197165e+02
1.465414394469859758e+02
1.019316526485728076e+02
2.222722944105309750e+02
-2.699773206220953057e+02
-3.098003623442983212e+02
3.379898899607543967e+02
-1.830910043211958964e+02
2.461170408514951191e+02
-3.853844237387841787e+01
2.293052175581386507e+02
2.251570952372993020e+02
4.877240181606939018e+02
6.616527761733344732e+02
8.071638146913188621e+02
1.123072734247944254e+03
1.635499022650607003e+03
1.925997033673615078e+03
2.876546058092644671e+03
3.408181314441433642e+03
4.197464821034721353e+03
5.164650540092991832e+03
5.880384192273638291e+03
6.081196752829659999e+03
7.690439695202251642e+03
7.507162997739986167e+03
