6.627724309465374063e+03
7.162296136260680214e+03
7.179779986194987941e+03
6.953303582246338920e+03
7.101405167446314408e+03
6.533795268668130120e+03
5.847821587349030779e+03
4.564460582676320882e+03
3.535211017114135302e+03
3.239725729962398873e+03
2.711097831407343165e+03
1.545159682273056887e+03
1.257938998352633917e+03
5.801085378447767198e+02
7.824456670186477822e+02
8.622601828022652626e+02
6.162218591306069584e+02
2.853016564071273820e+02
1.424112336251141642e+02
6.085629012626463918e+02
3.261026345979275902e+02
1.210554674117954335e+02
5.173283829106322429e+01
-3.675989599377300578e+02
2.684860087057202449e+01
-1.413968083339314319e+02
-3.228801884343478434e+01
7.128350601969398781e+01
2.201783154433099412e+02
1.903878332386330996e+01
3.138840725427155576e+02
1.014389570866020307e+02
3.205618985380273784e+02
2.502202763778050496e+02
3.149551109351666582e+02
6.521544175374551742e+02
5.002391343804345070e+02
9.741000427366749364e+02
1.309658979579494371e+03
1.979660312828064889e+03
2.575436412684480729e+03
3.005672567719716881e+03
4.026551418518835817e+03
4.859681765140184325e+03
5.672999982764688866e+03
5.932118763949830281e+03
6.750990926146120728e+03
6.837776645398917935e+03
