5.970007681612322813e+03
6.823737205650293618e+03
7.253121353270224972e+03
7.664240556198567901e+03
6.788003278266235611e+03
5.924483060392796688e+03
5.687770084273349312e+03
5.051063589460222829e+03
4.347798714624835156e+03
3.265457540122793489e+03
2.846373862087690668e+03
1.533471114442854059e+03
1.114229511335053303e+03
9.686913922471111391e+02
8.469424284638946574e+02
5.814644546857088017e+02
3.475001130535438278e+02
1.185519581948038308e+02
6.134090528728058871e+02
4.427803643925724373e+02
4.681737097956187768e+02
4.321592095598377909e+02
4.764833051827693566e+01
2.074121349223936477e+02
-2.441840868012698422e+02
4.898499523562362157e+01
3.527701009657810971e+01
1.936577703514203108e+02
3.925033842211883695e+01
8.427193009017314296e+01
1.283562197534390066e+02
6.344829458105920850e+01
1.743360169765457783e+02
6.831879980057850617e+02
1.196725531727066141e+02
6.275661133557629228e+02
6.014006143165438516e+02
1.369081347702594940e+03
1.170962907539116031e+03
2.124638084453879856e+03
2.732747180367991859e+03
3.523289127339377501e+03
4.770931678136420487e+03
4.803613501750852265e+03
5.648357806329316190e+03
5.846171812766589937e+03
6.648345764598139795e+03
6.601380077749498014e+03
