7.315818901524509783e+03
9.120581386797530286e+03
7.328384309162784120e+03
1.015925812105777550e+04
7.091314498491738050e+03
8.548642315162012892e+03
5.547861787826646832e+03
6.437680914423810464e+03
3.968139468282009148e+03
2.780513194722748722e+03
2.063808110970882353e+03
1.973791146855058741e+03
1.525468093703562317e+03
1.127828284849149441e+03
7.727223245911997083e+02
7.874055642023457722e+02
6.439682395483393975e+02
6.533978246206828544e+02
3.662359790994051423e+02
3.725510116921325334e+02
4.573598251630167510e+02
1.638696265999512320e+02
4.188423943169699015e+01
-2.191202054420356262e+02
4.924851512465047421e+01
-9.249443686753851068e+01
-1.671781690318034350e+02
1.529557837209119668e+02
1.497443673983758003e+02
-1.178226912970129270e+01
5.104379680435888531e+02
3.281723115811409457e+02
5.171521561112880363e+02
5.313713425160003681e+02
3.641898733828094237e+01
6.709438683931515470e+02
6.717482853530252669e+02
1.024648047540630159e+03
1.597016714015137495e+03
2.036552610188394738e+03
2.243498735893854700e+03
3.642231543729650639e+03
4.204422773754513400e+03
4.934079478179615762e+03
5.691538507771657351e+03
7.923898488930707572e+03
6.759336835729464838e+03
6.613007319433319026e+03
