4.443761256664226948e+02
-5.206067150956120031e+02
2.598918819416434900e+01
-6.296398328569077876e+02
9.750772171503237473e+01
5.823735123769002939e+02
8.253955794509134876e+02
1.737018057320549588e+03
2.920390439670079104e+03
3.483927553106814685e+03
4.795185385909416254e+03
4.982841222600064611e+03
5.326003083921235884e+03
5.450263067206013147e+03
5.902351388035887794e+03
6.118968056290861568e+03
5.948450272887653227e+03
5.914137960046270564e+03
6.007224545668743303e+03
6.176295362026362454e+03
6.153000916082510230e+03
6.026624295339781384e+03
6.124640483299333027e+03
6.167410705992132534e+03
6.396748601519896511e+03
6.255929288897815240e+03
6.578159098009342415e+03
6.456164622424150366e+03
6.663865717093854983e+03
6.135642258787543142e+03
6.076670467451570403e+03
6.021529961625700707e+03
6.410353463684706185e+03
5.651211756191395580e+03
5.761105067625100673e+03
5.902014043621087694e+03
5.927088189734828120e+03
5.261507566713803499e+03
4.873128178580107488e+03
4.479134809045608563e+03
4.068424373659726825e+03
3.291773163586565261e+03
2.374498073691748232e+03
1.864547328039659305e+03
1.175471472100387928e+03
6.580670950707037719e+02
2.698218744786974526e+02
4.384768054426140083e+01
