6.075975066169049796e+02
-1.006675259453684532e+02
-2.991958087446056993e+02
-5.749781092745354272e+02
-7.475697745030353758e+01
4.420009147979092745e+02
1.234564439803968298e+03
1.547971092378673575e+03
2.779436265553875728e+03
3.438307804849628610e+03
4.239356605101890636e+03
5.327024427728528281e+03
5.426126382628217470e+03
5.496350433574449198e+03
5.653237472437402175e+03
5.689286607080615795e+03
6.313793514354503714e+03
5.790604561748100423e+03
6.067696747505317035e+03
6.195799246375102484e+03
6.010898882380202849e+03
6.207108887299154958e+03
6.595482978744483262e+03
6.479304458929674183e+03
6.603979907801938680e+03
6.344712806613511930e+03
6.572348645745571957e+03
6.700832566684835911e+03
6.260729285052099840e+03
6.323581919556092544e+03
6.213524683083233867e+03
6.285752442791388603e+03
6.260353316587731570e+03
6.340950738250890026e+03
5.813678189134304375e+03
6.149796678544698807e+03
5.745677566923167433e+03
5.589880663330255629e+03
5.533967208154246691e+03
5.028145151152933067e+03
4.143464011910393310e+03
3.405684562626440766e+03
2.224765883701774783e+03
2.265307149636795657e+03
9.266354990688269027e+02
7.068616099525522714e+02
-1.046983194232550005e+02
3.862460345063836797e+01
