4.348169083141656870e+02
1.247134099815363868e+02
-3.472542808900830096e+02
-5.641046855439507226e+02
-2.875492577019961686e+02
6.393779058403242743e+02
9.814657966769937048e+02
1.794348092725366541e+03
2.583778344715975891e+03
3.800044383156267486e+03
4.511268268622202413e+03
5.012366323099644433e+03
5.584130227618805293e+03
5.731291420533347264e+03
6.250701886096714588e+03
6.044006149707918667e+03
6.179959201754516471e+03
5.992613980297278431e+03
6.036532543615156101e+03
6.064492355429720192e+03
5.884578504914226869e+03
6.339631453792855609e+03
6.462385165942429012e+03
6.476584467307681734e+03
6.308329871272300807e+03
6.544418762103080553e+03
6.576126464743182623e+03
6.648172921555003086e+03
6.316554740984034652e+03
6.187872122034317727e+03
5.994391636560491861e+03
5.902924500493217238e+03
6.005899760234049609e+03
6.331113418067560815e+03
6.049922032146378115e+03
6.125256494062277852e+03
6.019314129632426557e+03
5.736595476732455609e+03
5.029845597587822340e+03
4.673300041261648403e+03
4.153825362145189501e+03
3.145466664264905376e+03
3.009442936322874630e+03
2.005057480622601815e+03
1.569483515783666917e+03
5.377935469354373481e+02
3.523619026786595896e+02
5.480759252174148060e+02
