6.829461571282756267e+03
7.164769540826372577e+03
6.996163298419943203e+03
7.350792947872674631e+03
9.174297857635825494e+03
6.328947813489425243e+03
5.990758771988310400e+03
5.215642375184951561e+03
4.306500500965075844e+03
3.321960908435354213e+03
3.002058584489447639e+03
1.715953045267072184e+03
1.277158223186539090e+03
1.011223337740845523e+03
1.205051898003832093e+03
7.180585970501525708e+02
5.876907250146718980e+02
4.074362994402500249e+02
3.817338086955857079e+02
1.273743465172295197e+00
7.731872105446961996e+02
-8.203814338798687800e+01
-1.556608030990342684e+02
2.469095383216283608e+02
-1.729588381453653767e+02
2.320915431702431420e+02
1.057333669729222549e+02
-1.860617455680807666e+02
-4.435411486006597670e+01
2.307184164198114331e+02
-7.973701294727435140e+01
3.869776174245346283e+02
4.069963967451717508e+02
6.472399393059173462e+02
5.173401883771457506e+02
8.897047560501461021e+02
7.559613219325841555e+02
8.778774253167678125e+02
1.598739062426233204e+03
2.108296212456734338e+03
2.727866278968508595e+03
3.538152221237611229e+03
5.019301408895167697e+03
6.037866302191266186e+03
5.818272847902911963e+03
6.073355971850947753e+03
6.936802998083101556e+03
6.605810944035556531e+03
