5.298197496336732684e+02
1.614146251244334564e+02
-1.986290492674761765e+02
-6.054379072992802548e+02
1.144401808375660051e-01
1.127181416278167205e+02
1.278694426725993935e+03
1.609071115892965281e+03
2.705784172465153915e+03
3.500417444191842151e+03
4.046351493838070382e+03
4.857337389177145269e+03
5.281934099723630425e+03
5.555457464915724813e+03
6.095752268437828207e+03
5.613497124944920870e+03
5.847872347499606803e+03
5.865095436815084213e+03
5.700839823201360559e+03
5.886303187098469607e+03
5.794611381387021538e+03
6.018398472937248698e+03
5.891087405671833949e+03
5.932652556850496694e+03
6.228497661500506183e+03
6.112637885562014162e+03
6.101447588558437019e+03
5.912851953463092286e+03
6.037220351237508112e+03
6.022449542409340211e+03
6.002011005547004970e+03
5.912215791206711401e+03
5.896851001729258314e+03
5.997654623375331539e+03
5.450628444016951107e+03
5.721506196027937222e+03
5.610092448123917166e+03
5.314719388354340481e+03
5.120144208758472814e+03
4.241486221283110353e+03
3.838226556852386693e+03
3.495871176119137544e+03
2.380086501471905194e+03
1.518398554321438723e+03
9.202815515153532715e+02
6.521168581681430396e+02
2.912943367016829939e+02
6.690417848065603721e+02
