7.329938850846008336e+02
-1.432170465229256138e+02
-2.188519786491565355e+02
-3.342194852129414926e+02
-1.279197729988261898e+02
9.121439829924676701e+01
9.549499888241941790e+02
1.647453577090944009e+03
2.662760082232370223e+03
3.262110941842572629e+03
4.101331554568425418e+03
4.238466859212697273e+03
4.854780216064998967e+03
5.542814546182363301e+03
5.197258584923728449e+03
5.723194962571972610e+03
5.841489285420356282e+03
5.588010527102345804e+03
5.312205562148917124e+03
5.814439972063404639e+03
5.728797148769065643e+03
5.772202759486697687e+03
5.732639782814185310e+03
6.373606551660121113e+03
5.898866254310493787e+03
5.989423118681570486e+03
6.135193144056977872e+03
5.637013046427562585e+03
5.804488974007275829e+03
6.035001466125986553e+03
5.748546447322753920e+03
5.814940870801689016e+03
6.028484231598842598e+03
5.717918603564537989e+03
5.485312325886551662e+03
5.537691843437775788e+03
5.439561677640611379e+03
5.043644010598109162e+03
4.409368764998573170e+03
4.770874733886985268e+03
3.527353788040883501e+03
2.969124353980962042e+03
2.505276249071256643e+03
1.643643779467875447e+03
1.172444599937318117e+03
1.098816423712445811e+02
-2.193478441338670564e+02
1.020734684739179272e+02
