4.639449519592129150e+02
2.059138292753001664e+01
-4.959326266699284247e+02
-3.525546856676893981e+02
-1.619751627298034293e+02
5.259261401806749063e+02
1.033490693741017594e+03
1.879348521085543098e+03
2.457236906174129672e+03
3.702374394669557205e+03
4.179016465256478114e+03
4.481344932521279588e+03
4.804735278079459931e+03
5.445103873143663805e+03
5.467612529877094858e+03
5.954346533666905998e+03
5.581442620027073644e+03
5.897819319239437391e+03
5.853797931603862708e+03
5.752835080318463042e+03
6.125404611840124744e+03
5.870514436359630054e+03
6.104430093641987696e+03
6.041952515325671811e+03
6.396976379591010300e+03
6.150632866716626268e+03
5.951413024390482860e+03
6.233238485573479011e+03
5.988284495783685088e+03
5.779001062116534740e+03
5.900209859072079780e+03
5.699228527786167433e+03
5.544064867161761867e+03
5.982896250485416203e+03
5.656421234931946856e+03
5.639376181072646432e+03
5.833687419830787803e+03
5.184846476122253080e+03
4.979478364496564609e+03
4.162164859265019913e+03
3.871391228461344781e+03
3.268590792473799866e+03
2.412274313236146554e+03
1.978544234135108127e+03
1.120423284523197935e+03
4.100658023353297494e+02
5.285525649040853295e+02
-4.726012535737657316e+01
