6.377547947716212548e+03
7.163925845624014983e+03
7.060581830016653839e+03
6.994455709217218100e+03
7.365883119473875013e+03
6.603445499139704225e+03
5.527109060283942199e+03
4.837810152086140988e+03
4.138871690987008151e+03
2.967007996379248652e+03
2.380422928730717558e+03
1.893994539587762802e+03
1.322107755062838351e+03
5.867710167669947623e+02
6.580058107889130952e+02
2.755388280357235544e+02
7.165634375577164974e+02
4.679758120196901245e+02
6.387468311117038411e+02
2.092501657486087936e+02
2.878807230720821622e+02
1.891683134065944785e+02
3.420100794113794791e+02
7.020606717452706391e+01
-3.458925176744082819e+02
-5.991105431246894852e+01
7.938833887810996259e+01
-4.040630567325759444e+02
2.874821632632149999e+02
1.822163155852622296e+01
-3.585851453117527967e+02
2.773311806488456455e+02
-2.772912613703918794e+01
4.466547985264104454e+02
4.147130423831987969e+02
1.796190314754100257e+02
7.657452890137819850e+02
7.911779668029095092e+02
1.352232209070565432e+03
2.058519276376520793e+03
2.286811010239591269e+03
3.182337547779465694e+03
3.987405787728930136e+03
4.925916369226891220e+03
5.582342760372612247e+03
6.337246928590396237e+03
6.572125763134447880e+03
6.559080914997841319e+03
