5.840664781654493254e+02
-1.008922480324701780e+02
-1.503466223314908063e+02
-5.273377398943695198e+02
-7.821102686143082394e+01
2.727211589543131254e+02
7.934628811501264636e+02
1.804006208390707570e+03
2.361610572223085001e+03
3.132054689598733148e+03
3.877921808284482267e+03
4.797481970444599028e+03
5.187797449633922042e+03
5.539191261928561289e+03
5.447890531566226855e+03
5.300124066570378091e+03
5.679303641688812604e+03
5.899479950576018382e+03
5.532198252810497252e+03
5.832739360482011762e+03
5.651540823863507285e+03
5.951243739429422931e+03
6.062237853504699160e+03
5.755474617705490346e+03
6.017092714522476854e+03
5.863625144320094478e+03
6.064196896035514328e+03
5.753748553170701598e+03
5.670733968957261823e+03
6.085237961819215343e+03
6.104719902810453277e+03
5.855154988438560395e+03
5.540676578415242147e+03
5.840279028750402176e+03
5.782041756403418731e+03
5.518289061045439666e+03
5.220718332688869850e+03
5.240814550705068541e+03
4.752865058937468348e+03
4.682357012660259898e+03
3.611445018818410063e+03
3.055489658349772071e+03
2.475905560136542135e+03
1.495562594152937663e+03
6.353797313418081103e+02
7.767739757924625792e+02
5.597484531741349656e+02
6.138763140114756425e+02
