1.037710013872631407e+03
-3.029323995676091954e+02
-3.718978730803361259e+02
-4.009142139735142791e+02
-1.330188746818654408e+02
1.710533474306977553e+02
9.379413897528557982e+02
1.985711727562190845e+03
2.583625167554957898e+03
3.742069496606005032e+03
4.468209957022230810e+03
4.489259635477761549e+03
5.762377043834017059e+03
5.766138572576196566e+03
5.708587232132059398e+03
6.204666340730846969e+03
6.094075083894454110e+03
6.167187997863033161e+03
6.008953338622261981e+03
6.067407651612093105e+03
6.171772338909457176e+03
6.296428161740805081e+03
6.137122490304255734e+03
6.499471746783387061e+03
6.253850360993591494e+03
6.481097793580330290e+03
6.255847885702013627e+03
6.328153366638035550e+03
6.096008618347813353e+03
6.226677210485804608e+03
6.026073998074046358e+03
5.945708191346639978e+03
6.049626795534781195e+03
5.923174905353046597e+03
5.974126492170973506e+03
5.791646822640189384e+03
5.778697252485473655e+03
5.501920919602290269e+03
5.050093497338683846e+03
4.823684486600573109e+03
4.042754549894182219e+03
2.806752717259314977e+03
2.326655740141298338e+03
1.556427660810568341e+03
9.967612423127209240e+02
5.758743887597431694e+02
2.733312466925513604e+02
6.655825174687686285e+02
