8.444829619029038440e+03
8.693966037217565827e+03
9.315453638473038154e+03
7.892151239054857797e+03
8.128302854905829918e+03
7.551157318939800462e+03
6.231795783097260028e+03
4.374268151128239879e+03
4.091213763064430623e+03
4.593421732448759030e+03
2.181570105798000441e+03
2.799780181776950940e+03
1.219320713965531013e+03
9.871630349592103357e+02
8.199496870390921686e+02
8.923340400941746111e+02
6.815492794668111856e+02
5.954629152134810965e+02
5.714365847971182575e+02
4.448515417090230812e+02
4.821988583873915104e+02
1.438599431667836086e+02
8.150053667894100329e+01
2.358414768951834901e+02
2.961412563819525090e+01
3.871076536990125305e+02
2.872752240621609303e+02
-1.353045071668337016e+02
7.433639547612618799e+02
2.903994623785258682e+02
1.702151705792963128e+02
5.418803546916042251e+02
3.255262870652895231e+02
7.912771408002579392e+02
6.860992659626446084e+02
4.493251305387434513e+02
8.023775051700519043e+02
1.830123816228624037e+03
1.842088328631063177e+03
1.974738723315488642e+03
3.873539691665543614e+03
3.044449319278979146e+03
4.298433039894935064e+03
4.550754911175001325e+03
5.548423592988812743e+03
6.240966067915206622e+03
8.130413456621986370e+03
7.005766847556972607e+03
