5.997704460063620900e+03
6.627842090701904453e+03
6.812252030339723206e+03
7.239499897135850915e+03
6.897795828982880266e+03
6.278782384495180850e+03
5.409239604463454270e+03
4.623480210388370324e+03
3.803273407763427258e+03
3.042097441656092542e+03
2.197458179712949459e+03
1.087340429437721241e+03
1.055234168322048617e+03
8.056992702336731327e+02
5.107414324117280557e+02
3.142808862724031087e+02
3.403448891261900826e+02
4.386374499837334042e+02
6.451039624575834068e+02
3.607266538063583994e+02
2.757567672750957399e+02
2.903357576197614094e+02
2.781157067497191520e+02
3.610596606445114389e+02
1.124196063102986187e+02
9.133805939106117933e+01
-2.412136327485423806e+02
1.823829638332258867e+02
2.705542305167591053e+02
-5.511907282050614185e+02
1.189839994157291301e+02
-1.173936775910930521e+02
1.150137020653687614e+02
2.770238167412535972e+02
1.970612414668430290e+02
7.439042284496407547e+02
4.509869295404217837e+02
1.112411769252791601e+03
1.330266350210912151e+03
2.071869067711782918e+03
2.777529324805114811e+03
2.983902207157937937e+03
4.233553667937887440e+03
4.882723055058319915e+03
5.695170494417684495e+03
6.473463694033285719e+03
6.269416580772062844e+03
6.443979553326041241e+03
