6.688412164474678320e+03
6.696260505450210985e+03
7.428078465903265169e+03
6.954043088708251162e+03
7.046120372646878423e+03
6.460850005066625272e+03
5.581722509584621548e+03
4.909507098731901351e+03
3.837521483289036041e+03
3.000140425891245741e+03
2.245815872070151272e+03
1.935187847469418784e+03
1.333334466266314848e+03
8.060878356705012493e+02
6.013660210052538559e+02
6.279748659831039959e+02
2.500723327390270470e+02
4.019337450094697033e+02
2.363332912288287559e+02
5.585645615600265046e+02
5.385544707887491995e+02
3.543607826886351404e+02
8.445872095504985566e+01
-1.010647115403703680e+02
-1.419832748306114638e+02
-1.790195529030084458e+02
1.736142353020003100e+02
1.872168072803872008e+02
2.124570145260690310e+02
1.678808165099284224e+02
4.892710295162415264e+02
2.456292755466790823e+01
1.890551001340721768e+02
2.676588613304569435e+02
5.707556590956793343e+02
3.883871358924872652e+02
8.039211248079986945e+02
7.731637828907493031e+02
1.233507979387342175e+03
1.812620232371897828e+03
2.772365367915614570e+03
3.229387894516713004e+03
3.875530083489640674e+03
4.598540003917014474e+03
5.601591546582923002e+03
6.010969378012297057e+03
6.811774108890288517e+03
6.470445293376542395e+03
