6.920040204212868048e+03
7.494529908797072494e+03
7.793238358921555118e+03
7.353814829344698410e+03
7.120294871906242406e+03
6.935406711867901322e+03
6.446347716921911342e+03
5.321989543773212972e+03
3.996216447399627668e+03
2.844724053730191827e+03
2.534386976087726907e+03
1.582374006935629268e+03
1.431234478834729771e+03
5.384021940196445257e+02
9.267738527509527557e+02
6.886997490358314735e+02
2.246852041897566323e+02
4.401580492492457779e+02
2.973343739342292338e+02
4.155905544090076660e+02
2.954118989261826869e+02
4.797590178291720804e+02
-4.946851942406721747e+01
3.388240295792045913e+02
6.417261717032096691e+00
1.464390356859152007e+02
-3.199044689554804677e+02
3.529680213747438415e+02
-3.776795278986487858e+01
-5.262107400748232067e+01
2.039420112271108678e+02
7.006398546097567248e+01
1.713325338832692069e+02
7.421286624322694081e+01
2.392431263081381587e+02
6.828648894766042758e+02
8.273595440420685918e+02
7.851235756989999572e+02
1.453210105727018345e+03
1.759845289056845104e+03
2.539113885525910518e+03
3.635310071243950006e+03
4.181099504608629104e+03
5.387363740366779894e+03
6.213325087682771482e+03
5.879027238425982432e+03
7.055511340086336531e+03
6.959585951495128029e+03
