6.388643337764980060e+03
6.898573062262999883e+03
7.070641068759588961e+03
6.661017161662441140e+03
6.449508680332982294e+03
6.562420545846894129e+03
5.176333521801242568e+03
4.561205982421616682e+03
3.939388949586497347e+03
2.671725281182263188e+03
2.164863245221590205e+03
1.381693245782716531e+03
1.095741045130680050e+03
4.679911835924635284e+02
8.219929501300503034e+02
2.845377499544559328e+02
3.052973619619244232e+02
2.292993435700093983e+02
1.722041539470257021e+02
4.468922043434924944e+02
4.149208350718257066e+02
3.549376048868185762e+02
1.032399030182787811e+02
9.531726007422430769e+01
5.380687733530708527e+01
4.141599734794464780e+02
1.135278531517115539e+02
-1.207064607753813590e+01
2.038611633168243600e+02
-4.074383374906095412e+01
4.018555017585089786e+02
4.642234316914530154e+02
1.905924069998307573e+02
6.789476618346321857e+02
3.415563408193572741e+02
4.302292977832958059e+02
7.644059372440261768e+02
4.246288315819364243e+02
1.459566209045183768e+03
1.743202693021417417e+03
2.653820866744551495e+03
3.350687187649464704e+03
3.497500719299691809e+03
4.776843422455269319e+03
5.277538225129561397e+03
5.680723078145855652e+03
6.051198127787433805e+03
6.450463259998255126e+03
