7.165825692577564041e+03
7.083563039835416930e+03
7.462430399578717697e+03
7.292671162323506906e+03
7.549729140690258646e+03
6.866693044803064367e+03
5.699286932631872332e+03
5.507389031798013093e+03
3.965514014508535638e+03
3.469523586839780819e+03
2.844281494043834300e+03
1.920129633784934185e+03
1.097303927117930471e+03
7.343612489605363862e+02
1.110972250066917695e+03
8.338939285674528037e+02
3.369210758884321990e+02
5.623536072180959309e+02
5.492700239699037184e+02
2.630052053301404840e+02
3.197680004423762057e+02
3.476162543137334637e+02
5.249358556723585423e+01
2.781442547888282775e+02
1.102617995058662075e+02
-3.638660055134516256e+02
9.348692831011213400e+01
-3.586975387532069135e+02
3.435291674179644019e+02
4.548229498546554055e+02
2.842673056799434903e+02
6.970991966956611350e+02
1.571576624805109645e+01
2.581426863702773176e+02
5.954137036219376569e+02
4.004055411576180177e+02
9.079500705672061258e+02
1.334749282568317994e+03
1.976207175651258467e+03
1.990055364070354244e+03
2.539654199118086581e+03
3.954008249378085566e+03
3.808477024211835214e+03
5.297410904640863919e+03
6.474312708554454730e+03
6.586403120388467869e+03
7.752009175518792290e+03
7.186075679487664274e+03
