8.047618113576424548e+03
7.313098875246554599e+03
7.337653589863997695e+03
8.673528045785558788e+03
8.409104575144483533e+03
6.825393813530432453e+03
6.055743137065498559e+03
5.365589441864783112e+03
4.456679705781770281e+03
2.888655864758859025e+03
1.820902191512468335e+03
1.855130876096109660e+03
1.089250410824779465e+03
1.567294174870892675e+03
7.683012822099781260e+02
5.997767149225410321e+02
8.103684546263174298e+02
2.624967220118301157e+02
6.541928988103180700e+02
6.104624731594211653e+02
1.779039748491834132e+02
1.121776234538050829e+02
3.505575471390588973e+02
-1.508539596116111170e+02
1.328308558766448471e+02
-5.473521596189518590e+01
7.543563851445243529e+01
7.497349254972438359e+01
1.676103434953584213e+02
1.933735595072744502e+02
1.256195170516378710e+02
4.985498226904826993e+02
6.381998691140559004e+02
3.759059347904119477e+02
1.827388155472477251e+02
2.589255832359812644e+02
8.548139441854727920e+02
9.614755757257131563e+02
1.619236374339298891e+03
1.851732133530579858e+03
2.926130680560026121e+03
4.085695846550847364e+03
4.412139376956593878e+03
4.857500662883560835e+03
5.846971956323544873e+03
6.908041380939738701e+03
7.308877383423645369e+03
7.984495456712813393e+03
