6.408350949726846011e+03
7.044895548851631247e+03
7.027415449329443618e+03
7.602953293811952790e+03
6.545831092122722112e+03
6.270504372781109851e+03
5.554076809780143776e+03
5.227085879382489111e+03
3.811632552112850135e+03
3.238870156360138481e+03
2.234707520065358494e+03
1.691704924775737481e+03
1.304810879622946004e+03
7.104128636172945335e+02
4.562288026404036145e+02
4.175223705701513950e+02
4.099129013747262889e+02
9.028659872036128036e+02
1.614847887198502576e+02
3.645246872682976687e+02
4.605903923610580932e+02
6.437497790388383123e+01
3.064385394504607234e+02
-8.976386591574397755e+01
-3.160466385431005776e+01
-4.543695550281565687e+01
1.649356636757302397e+02
2.447555176477184204e+02
-1.354895160927648590e+02
1.479849394864388330e+02
1.346196299198182089e+02
2.660553926136661858e+02
-1.785549391011155365e+02
3.393243824541941080e+02
5.478674466002593135e+02
5.667279325378467547e+02
5.489716571201958004e+02
6.293545926287004022e+02
1.913046297158130756e+03
1.932792762688308130e+03
2.664535149754233316e+03
3.351564319083850933e+03
4.378953576690854788e+03
5.642825170487398282e+03
5.856369308266802364e+03
5.897934955085795082e+03
6.713924120029792903e+03
6.990377230003477052e+03
