6.522718789551460077e+02
-1.406946879653953708e+01
-3.404830757724538444e+02
-3.460790890069786769e+02
-2.605329703957821721e+02
3.088927250166127578e+02
8.264815625253177132e+02
1.983285248584743613e+03
2.423313539097212924e+03
3.309387872413049536e+03
4.209964974702228574e+03
4.901719877913615164e+03
5.417742916561515813e+03
5.468383324558674758e+03
5.763863347490517299e+03
5.692055309331232820e+03
5.870565037949343605e+03
5.716537122933953469e+03
5.646809581965577308e+03
5.804937601292290310e+03
5.516591542123137515e+03
5.805236186652228753e+03
6.274638831932551511e+03
5.928678630431675629e+03
5.904566713852091198e+03
5.863961318970506909e+03
6.220245865817983940e+03
6.118091011042311948e+03
5.975472375490077866e+03
6.234207912212889823e+03
5.879563313303536233e+03
6.103015887548765022e+03
5.890506004796798152e+03
5.917530068080249293e+03
6.098875888297285201e+03
5.718896534630372116e+03
5.445069952130553247e+03
5.737422515889570604e+03
4.958057221190085329e+03
4.328944055442100762e+03
3.782781984293432288e+03
3.160168421284873148e+03
2.382577507202633569e+03
1.560521553648042072e+03
9.619292323766089794e+02
6.855676598835661935e+02
-3.415183768968114464e+01
7.988951433955296721e+00
