8.818119241847921330e+02
-1.341745821649248285e+02
-2.681516192483432519e+02
-6.753915518018786770e+02
-2.485753619748896313e+02
4.444811910052409303e+02
9.287814110099802747e+02
1.807495305198688357e+03
2.493120011036306096e+03
3.422383734254768569e+03
4.246983173997675294e+03
4.746285707155452656e+03
5.146510622120483276e+03
5.524289085507684831e+03
5.857333959345796757e+03
5.671883798340525573e+03
5.873535677774053511e+03
5.472311789185810994e+03
5.627654615661508615e+03
5.616158279459770711e+03
5.916473052502344217e+03
5.925870255996910601e+03
6.329257192416673206e+03
6.284884149671976047e+03
6.078624433560436955e+03
5.895899261318031677e+03
5.912844381150546724e+03
5.616225623585924041e+03
5.732486893316126043e+03
5.993674202025299564e+03
6.058269909826462936e+03
5.711536811283973293e+03
5.608939272268351488e+03
5.714284862908331888e+03
5.733928103023130461e+03
5.793576478781299556e+03
5.577002500301347936e+03
5.184382232186198053e+03
5.098283647104503871e+03
4.706371004437955889e+03
3.597053679226609802e+03
3.132856858595477661e+03
2.593249132368336632e+03
1.696692234592818522e+03
1.138211789259264378e+03
6.432240321247705879e+02
4.601505142229016201e+02
1.715353630620279830e+02
