6.161004669314332205e+03
6.524949040846696334e+03
6.863452960181361050e+03
6.625315756508734012e+03
6.596780488828952912e+03
6.235647044388759241e+03
5.385295550741388070e+03
4.827366403113498563e+03
3.894978938185699008e+03
2.719698042749283559e+03
1.966372476779398085e+03
1.361240635013421752e+03
8.807202514788267536e+02
8.043334281687647263e+02
2.566147469698246937e+02
1.837266520165706538e+02
3.488959747070060189e+02
7.148521101538098037e+02
1.671258922566398439e+02
4.368735246140004165e+02
2.996582600960009017e+02
2.538063121515867238e+02
4.027819500165782642e+02
3.469132660670189807e+02
1.142441713523463989e+02
9.091200586445430076e+01
-9.278537999945717374e+00
3.019172385666486775e+02
5.050354668630266133e+02
-1.310380288966634232e+01
2.535359471883641334e+02
-4.453229476706123364e+02
2.467464675526242104e+02
3.993125793974200519e+02
2.765548637227532254e+02
4.380991206951381400e+02
3.749915123802947505e+02
8.360273374509408768e+02
1.444403690057246422e+03
1.692129443427976639e+03
2.711067019306487509e+03
3.143091481471016323e+03
3.900962197999599084e+03
4.916001942631227394e+03
5.587180747164508830e+03
6.120936091434386071e+03
6.314051538524590796e+03
6.309603690202388862e+03
