6.215840739893943464e+03
6.722252101987543028e+03
6.507606058819930695e+03
7.008754091765007615e+03
6.861008578131804825e+03
6.623440011528016839e+03
5.293755727687211220e+03
4.520479189816741382e+03
3.909580452056738977e+03
3.015752192913516865e+03
2.147486294873109273e+03
1.328664432991188505e+03
8.256394660455101757e+02
7.363052893290816883e+02
8.477837576020029928e+02
3.779968983598832892e+02
6.733624988523738466e+02
3.442170595734026506e+02
7.882435964300852049e+01
5.226613874600171812e+02
2.881438068765445450e+02
-3.924931645559571081e+01
4.684782592648131185e+02
1.939780396961365625e+02
2.761870451614911559e+01
-1.454440960298474579e+02
9.723625957120590613e+01
-5.910598831113853890e+01
-1.738590608292183219e+02
-1.690522094406381370e+02
2.018278966897659927e+02
6.432908461494790799e+02
2.754246084693433545e+02
3.491744499911580988e+02
2.435410412111784950e+01
2.998952714544021205e+02
4.283705071693615878e+02
7.655096203606739209e+02
1.241144735166012651e+03
1.627388441593371681e+03
2.679093161050814615e+03
3.243610744933277147e+03
4.038130392940238835e+03
4.975986025723502280e+03
5.428669416920798540e+03
5.898524846853575582e+03
6.371111318781244336e+03
6.918363661807481549e+03
