6.158579099347809461e+03
6.734974206168157252e+03
6.900648187169718767e+03
7.355913793980870651e+03
6.873245184624725880e+03
6.384314108911669791e+03
5.437032203865198426e+03
4.806459873395460818e+03
3.811394177977083473e+03
2.974771743915937805e+03
2.349965776584532250e+03
1.789710468669716875e+03
7.864667622619964504e+02
4.792037461519391286e+02
8.559021510260525929e+02
9.217735696187969552e+02
4.010612926117719326e+02
3.871119387689498694e+02
4.512707728368593507e+02
5.913438289032852708e+02
6.117810762412965460e+02
-5.089516392945090217e+01
-1.033432134136955227e+02
8.475845015859407283e+01
9.854773112862067919e+00
-5.791606795086249093e+01
2.015709543858158384e+02
6.792972773608333625e+01
7.114767245592378231e+01
1.107002003331341626e+02
6.515738586165007007e+01
4.329370039634860063e+02
4.272157366464192023e+02
-8.310786051201493763e+01
1.980743079849978301e+02
4.768060290980955642e+02
9.227482016874840838e+02
7.126291107314352757e+02
1.187385489819321492e+03
2.337262758909811964e+03
2.090322615512650827e+03
3.422843247195710319e+03
4.141761370328749763e+03
5.327564449002492438e+03
5.517254339242435890e+03
6.255793903834442972e+03
6.482306496137464819e+03
6.718296234346292295e+03
