6.333941882429449834e+03
6.940692287174606463e+03
6.879290369346438638e+03
7.200408975711416133e+03
6.591360166423629380e+03
6.403489004267854398e+03
4.948539811127192479e+03
4.642006879945153742e+03
3.807904292643081135e+03
2.787355123904150332e+03
2.093699753186485850e+03
1.982409091167929546e+03
8.226953595398661037e+02
6.105495968397129900e+02
3.407311180586056025e+02
5.370958323560934105e+02
4.370244340992603611e+02
7.087486583268394043e+02
4.679547565493294314e+02
2.953538700704044686e+02
8.012297811262740197e+02
-3.922539023919954104e+01
1.165055969232589490e+02
1.663041387946113758e+01
8.463597800680357608e+00
-1.988180317896539577e+02
5.438013055091906978e+01
1.938274427989177298e+02
2.048003259863274934e+02
-1.631143705684487202e+02
2.383805916783417160e+02
1.603768941811781303e+02
3.281139868755219595e+02
2.920512954274561821e+02
1.729774997673911798e+02
2.130264463876880257e+02
3.833891694746603775e+02
8.187430355608656782e+02
1.524836560623278274e+03
2.065842297507619605e+03
2.469856695244028742e+03
2.870158439624598941e+03
4.260089300423524946e+03
4.489068642822211586e+03
5.587487223492252269e+03
6.648506423307984733e+03
6.658378718961419509e+03
6.728662920014961855e+03
