6.308531655908212997e+03
7.194339197247065385e+03
7.111147949895699639e+03
7.588311251604181052e+03
6.730192574708458778e+03
6.297883327324687343e+03
5.700050828244973673e+03
4.229779455628595315e+03
3.673592009226915252e+03
2.838566924183051015e+03
2.349538383208605410e+03
1.712398594487261562e+03
9.311346597936243370e+02
5.141840279040163750e+02
7.545506473750529040e+02
8.928525708399364476e+02
5.646090315542712688e+02
6.142779513995496927e+02
2.459372258303389742e+02
5.886033885219887907e+02
1.592171639524701447e+02
4.675121028602035267e+02
2.748782610915197893e+02
4.146500150406073431e+02
3.719415539348589732e+02
4.959853529500148284e+01
-4.172014776026813934e+02
-5.187874687875044799e+01
1.918653681002271298e+02
5.248185076434401708e+02
3.853606463729074676e+02
4.114101175140767737e+02
9.240135360361179551e+01
2.102972842103093001e+02
3.885261170761402241e+02
6.198467173904697347e+02
6.901815174635089534e+02
1.105581180471896687e+03
1.184880144908554939e+03
2.189088406514424605e+03
2.502896487903447905e+03
2.818361012496679905e+03
4.005659682374030126e+03
5.012877695110685636e+03
5.495753556733240657e+03
5.932964595922800981e+03
6.910188499276766379e+03
6.565109722619768945e+03
