4.206579105802058507e+02
-2.031492867408423990e+02
-2.660321960691388767e+02
-1.583658444679747959e+02
-1.006049871203418888e+02
3.074944038180920529e+02
6.772583723742052371e+02
1.857856316659435379e+03
2.704016163804432381e+03
3.182507822190487332e+03
4.196186129737789997e+03
4.829713717006373372e+03
5.365959382557468416e+03
5.575334254063801382e+03
5.969582811282717557e+03
5.626299921398274819e+03
6.119353791316703791e+03
5.553348044954177567e+03
6.004689830411230105e+03
5.926835050839791620e+03
5.761553337412830842e+03
6.022330404735092088e+03
5.682106365992636711e+03
6.129195074859531815e+03
6.255032031343387644e+03
6.340982335929274996e+03
6.160184148287480639e+03
6.137127344661754250e+03
6.055801793668468235e+03
6.116769296951474644e+03
6.362780888667898580e+03
5.863540194749652073e+03
5.837960505493579149e+03
5.762761489543696371e+03
5.794796381465250306e+03
5.565536998129712629e+03
6.146403317256567789e+03
5.621186190012471343e+03
5.004433228924389368e+03
4.260041984006251369e+03
4.105914491392134551e+03
3.268097576945791388e+03
2.624762893119025648e+03
1.815355153824367562e+03
7.361951707511908580e+02
7.879760982674210936e+02
8.487832374389958545e+01
1.707319054012210131e+02
