6.218541117124209450e+03
6.868649531508939617e+03
7.006301892953099923e+03
6.861040507531020921e+03
6.830647979707677223e+03
6.229485678764886870e+03
5.678975444306859572e+03
4.740747959338168585e+03
3.733353562850677918e+03
3.051742039024434234e+03
2.356135068430983665e+03
1.701064621338170582e+03
7.730893009982281683e+02
6.146526571406344601e+02
6.243447727769736275e+02
6.871412536796257200e+02
1.520348458472810478e+02
2.804257208987317540e+02
5.500814966143332185e+02
4.917064826718848281e+02
4.145931461526978410e+02
3.030544784267173100e+02
1.389583108042664605e+02
-8.865420194827205336e+00
-3.293153617947477301e+02
3.339940643955835071e+02
1.653254216560698708e+01
-3.585490465559918505e+01
-9.636651418620704135e+01
2.689354789582589547e+02
3.015134935072705957e+02
4.914171796836242834e+02
2.238818668355082764e+02
3.450078484644571972e+02
5.361221157949681810e+02
4.388217859845586872e+02
6.205294339907815129e+02
6.944947981670218269e+02
1.097806635714380036e+03
2.029074502332832935e+03
2.445235511030564339e+03
3.460946451688446359e+03
4.246958521043762630e+03
4.925492446663139162e+03
5.260312885332204132e+03
6.081916567725581444e+03
6.280601043437020962e+03
7.095121795217454746e+03
