4.106268905581771378e+02
1.092422521865005791e+02
-2.220957204322262442e+02
-5.683487169285468781e+02
5.928861755440589576e+00
2.646464328606536469e+02
1.400576416245686232e+03
1.596585262152407722e+03
2.623544202946606219e+03
3.781201222591182159e+03
3.918578313249961866e+03
4.538541136628189633e+03
5.497318995743596133e+03
5.729137416413052051e+03
5.686701049245539252e+03
5.832676717266233027e+03
5.905766975479903522e+03
5.807757220433838484e+03
5.797617306789550639e+03
5.723597162356213630e+03
5.828825463421082532e+03
6.428994679144762813e+03
6.474083071074866893e+03
6.122772194891530489e+03
6.532969853764614527e+03
6.388576069313759035e+03
6.241558828422096667e+03
6.180666651701603769e+03
6.291946566831116797e+03
6.003245367971800079e+03
6.248972664499799976e+03
6.205722836481349987e+03
6.236444698000104836e+03
5.960280850380725497e+03
6.208534072982425641e+03
6.026426208762764873e+03
5.746894729711393666e+03
5.979392427030617000e+03
5.386992154471818139e+03
4.552969796248778948e+03
3.991780884708288340e+03
3.480517856281794593e+03
2.594321423913799663e+03
1.846642940681009350e+03
1.016506867854343000e+03
4.127724432890019557e+02
-7.267074401894807067e+01
2.951055765070647112e+02
