6.053770354643778774e+03
6.709068424052145929e+03
6.734174943099415941e+03
6.999085855536728559e+03
6.437445216990341578e+03
6.266563483751456261e+03
5.296982704962697426e+03
4.850597251875642542e+03
3.780036303184858298e+03
2.819760464124504324e+03
2.191585499429724678e+03
1.864865606892535425e+03
1.076782187218157333e+03
8.059364445788905869e+02
4.299514782093911549e+02
3.385186325450828804e+02
5.406594135493026698e+01
4.699255717517032735e+02
2.254200843532068177e+02
5.171262615622584917e+02
3.506207065818051660e+02
1.093420856841260189e+02
4.288835974673474425e+02
-3.070548993684163293e+02
-5.706372593724843512e+01
-4.258538904734821529e+01
2.620673614147931474e+01
1.685426782708644851e+02
-1.034957448911551978e+02
4.172145598700957976e+02
-1.811270068483822016e+01
2.063664391911103380e+01
2.089097125147247596e+02
1.799148344372057124e+02
3.945913970169003164e+02
1.124516658729742176e+03
9.366135329510856309e+02
1.134729421171552985e+03
1.396148968182388444e+03
1.679385816641323345e+03
2.286188580241934687e+03
2.945995299012276064e+03
3.627647307113169973e+03
4.869515493771345064e+03
5.394042900072642624e+03
5.933418881690083253e+03
6.048287474741464393e+03
6.648792931973620398e+03
