2.437240747189212016e+02
2.458054584014877548e+02
-1.666451461444571294e+02
1.171661475659516327e+02
-5.503782640038612044e+02
1.103277294619529840e+02
1.627292486967977538e+03
1.730165992459103336e+03
3.008463425556466518e+03
3.649056278933263002e+03
4.355400449096321609e+03
4.869672400184078469e+03
5.374261614584836934e+03
5.796392912836405230e+03
5.988102815183971870e+03
6.551674605830763539e+03
6.232363886266796726e+03
6.020468945960558813e+03
6.240262738916362650e+03
5.779842968359547740e+03
6.104075792398861267e+03
6.257146060311492874e+03
6.402947470243479984e+03
6.442190005446680516e+03
6.506660819963307404e+03
6.836952567620828631e+03
6.454758879063705535e+03
6.312139955386991460e+03
6.625246108111670765e+03
6.450010001184202338e+03
6.325249006169753557e+03
6.393584746410150728e+03
6.022980989819109709e+03
6.323961114542522409e+03
6.297243859947826422e+03
6.101972955868151075e+03
6.086949561071227436e+03
5.505117276300466983e+03
5.323030567723337299e+03
4.912787836536281247e+03
4.217087167641865562e+03
3.626198462614978780e+03
3.133099645718994907e+03
1.887853165844196383e+03
9.780045435250493711e+02
6.378374803940611173e+02
4.684094593933796773e+02
-2.370348105208719502e+01
