6.107272096359705756e+03
7.295384158649421806e+03
8.028054615384419776e+03
7.481314334408416471e+03
7.207647532162312928e+03
6.889562933806203546e+03
6.234544331784101814e+03
6.459891855109518474e+03
4.736860738721200505e+03
2.942264546796722698e+03
2.138707833365090664e+03
1.565495882831081190e+03
1.388013702802429634e+03
9.202448183619842439e+02
6.514551617847477019e+02
2.203575465852669311e+02
5.249985020156824476e+02
7.434989622743679547e+02
2.327390622425821221e+02
5.944556508453022161e+02
3.111927756194948529e+02
1.070168320613050810e+02
2.793077208345548001e+02
-1.311618414819896259e+02
2.679889886478499861e+01
-1.859681572597567083e+02
-1.476283500224581502e+01
6.339548992425235383e+02
3.762115184031571147e+01
3.072145009077505318e+00
9.618415840581448606e+01
5.407985462213446226e+02
4.384069170677283864e+02
1.215912533225543939e+02
4.769780702450584045e+02
7.285921413000402254e+02
9.456780559851753196e+02
1.051580220839643744e+03
1.359346528284662099e+03
2.083968334584495096e+03
3.006584313971703068e+03
5.016384768462179636e+03
4.944991355126013332e+03
5.053276337920928199e+03
6.212352340541685408e+03
7.292357681234498159e+03
7.122615859721457127e+03
7.789291119890098344e+03
