6.530483275935776874e+03
6.931474688688060269e+03
7.248469691576827245e+03
7.114131186956342390e+03
6.325012072583135705e+03
6.067903153661284705e+03
5.672048589634116979e+03
5.107991646994207258e+03
3.812533030110748314e+03
3.265098852690989588e+03
2.061577068097877600e+03
1.616790288458587611e+03
1.196196232849448961e+03
5.092522102259371763e+02
1.363183646522404047e+02
4.042271081777384438e+02
3.908982345630450368e+02
4.830114667009194136e+02
5.894834829971975978e+02
9.751341372452563405e+01
3.941909288525353645e+02
2.584685525251821900e+02
4.676471060400745614e+02
-1.739729516422725339e+02
5.345600664800377899e+01
3.990776514859571193e+02
1.677908914618905669e+02
1.701080216547034922e+02
4.102238020454559546e+02
3.599786621892012590e+02
7.332996859254640754e+01
5.299964796238914460e+02
5.300669915126328533e+02
5.195164838025095833e+02
1.721543652132654927e+02
4.371179267905718291e+01
5.596986056945721657e+02
1.038974955478838183e+03
1.687390187583263469e+03
2.192184433730360070e+03
2.853618475173590923e+03
3.096437517974886759e+03
4.405182890119521289e+03
5.102903926706630045e+03
6.182220236467172072e+03
6.469283649506579422e+03
6.178421333403854987e+03
6.810235961627633515e+03
