7.453854156297480586e+03
7.620434308994782441e+03
9.321706086281017633e+03
7.585882337850849581e+03
7.568790324461030650e+03
6.567420151787766372e+03
5.867615518318621980e+03
5.037597623089453919e+03
4.723404923978629995e+03
3.380681115147536730e+03
2.361953986508698108e+03
2.025420163655292072e+03
1.183589123293490957e+03
6.826017645151907800e+02
3.690169412516838179e+02
7.368615374742863651e+02
2.368256911346476841e+02
5.430804929124460614e+02
3.350973783258250904e+01
8.033461123896792344e+01
2.174166503966883965e+02
1.172321013964430705e+02
1.964379534094666724e+02
1.651390981081750624e+02
2.343562008155169281e+02
1.207230957060170340e+02
-1.151979742967847216e+02
9.386569617218252404e+01
6.165787462129775349e+02
2.772991352180130065e+01
1.466603971731312868e+02
5.520223600336963727e+02
3.076745823496004846e+02
2.271353893707068323e+02
2.428618506167223359e+02
1.322518235278919292e+02
4.963959646122062281e+02
9.387292442327965318e+02
1.322258420643785712e+03
1.948578701824189011e+03
3.368391452171619221e+03
3.975799942050524351e+03
3.969298853764402338e+03
5.010346659432679189e+03
5.845617238784224355e+03
5.831856599044285758e+03
6.657810786003243265e+03
6.336745744503267815e+03
