6.498491486657660971e+03
6.789296087553998404e+03
7.301297957727689209e+03
7.102294527827982165e+03
7.312134732993698890e+03
6.563470580654268815e+03
5.409868644985735955e+03
4.972076525979953658e+03
3.892904016435318681e+03
3.260045042854265830e+03
2.285816997834553149e+03
1.674600736260777694e+03
1.385048178773524796e+03
4.520182784151329543e+02
5.810425330802935378e+02
4.412987286153666560e+02
8.408002075761169181e+02
1.009889475785945478e+02
1.346521420876410673e+02
1.044480150794750983e+02
2.504705874260720222e+01
3.274453863761378329e+02
1.385601546747008150e+01
2.664308751518222351e+01
-3.643138605704716593e+00
2.850180510031739800e+02
1.914770838405249833e+02
3.804631233947319657e+01
1.224226284681102896e+02
1.009481198743453092e+02
2.526799235457469877e+02
2.354540463922266440e+02
1.418824135904045036e+01
1.261085677864920740e+02
1.988297098371654954e+02
2.955448154000731620e+02
8.810640051903933454e+02
7.072088058163755022e+02
1.407867031847255248e+03
2.259004966622359461e+03
2.497101450612493409e+03
3.038014226501174107e+03
3.912323154150144092e+03
5.136358489594138518e+03
5.544168483697900228e+03
5.913322425190809554e+03
6.603132609151132783e+03
6.508054068670704510e+03
