7.686550912277447424e+03
8.440414647938274356e+03
6.983389127246515272e+03
8.570463086887884856e+03
7.296813529441768878e+03
1.025178152546300043e+04
5.407640188775798379e+03
7.750476328635983009e+03
3.794924301606413792e+03
2.744298688320010115e+03
3.717979988299346587e+03
2.172931055003762140e+03
8.796008390247063744e+02
1.073574571652497752e+03
8.784722944476019393e+02
6.968523473464025528e+02
6.376462057938805401e+02
2.811594358822043560e+01
2.235760141988612304e+02
4.316013141357865379e+02
1.957932886622922126e+02
2.715526614540492574e+02
5.952804724187973306e+01
1.937215359798713052e+02
1.044392576657186140e+02
1.881280271145533334e+02
-8.886733352672024466e+01
1.462492849713420640e+02
1.585181556276438357e+02
2.314076842224332893e+02
5.745148095704893194e+02
1.019559381305792840e+02
7.022632339585848058e+02
1.663682381500939016e+02
3.414805313752377174e+02
9.684430754913047394e+02
1.216458230374909590e+03
9.065713452097015761e+02
1.162449695869522202e+03
2.092004098880718630e+03
3.202596054482282398e+03
4.781567912265941231e+03
5.929947436609609213e+03
5.318208836317524401e+03
6.956169101575917921e+03
8.431119279267588354e+03
7.977484489450429464e+03
8.346765065142893945e+03
