8.059288562182964597e+03
7.645886152111755109e+03
8.907629164384792603e+03
9.344958292618541236e+03
7.901911343995701827e+03
6.103774458207320095e+03
5.586593769025032088e+03
5.273588259607481632e+03
3.831662986946004366e+03
3.312013519417605949e+03
2.293642324560932593e+03
1.480765540474944373e+03
1.309657815428816775e+03
5.718448138503516702e+02
9.398123067797705517e+02
1.023876678002756421e+03
6.237335344837466664e+02
3.235532856489973028e+02
3.005809015460677074e+02
2.092585150741017230e+02
6.933933411227961869e+02
5.549670486739678443e-01
2.890345479518658180e+02
4.423306770388214204e+01
1.649339642671175454e+02
-2.817133356987184811e+02
-1.401254420865706329e+01
4.410083096726557415e+02
2.061624001440913787e+02
4.302173442261066327e+01
1.664384598347551218e+02
5.170237787575327104e+01
4.895975152923401197e+02
4.055089284143198256e+02
2.895534069500379815e+02
6.332196436735371208e+02
7.385305692947771377e+02
1.311423281003774719e+03
1.463433090516017046e+03
2.167990563686168116e+03
3.126412704984846187e+03
3.202184279038148816e+03
4.469227711518720753e+03
5.077306020614849331e+03
6.246356264090817604e+03
6.010587870656690029e+03
7.392010096100853843e+03
7.090765645578152544e+03
