6.819161568783028088e+03
8.370041531334025422e+03
9.314638683967597899e+03
1.204612315839897565e+04
9.760340898721578924e+03
7.430217079418769572e+03
8.972292345704210675e+03
4.696260903915174822e+03
4.712204154297945024e+03
2.886477639069099951e+03
2.150203904494208018e+03
2.229718685738192562e+03
1.927241261245433407e+03
1.375001417684614808e+03
1.112738804035448311e+03
1.544969252773621065e+03
5.096096405716118056e+02
5.879234283657516471e+02
2.944676731056360381e+02
2.387922133682796755e+02
5.540955743492844476e+02
5.233954755112492876e+02
3.140712493043359359e+02
-3.183725628207328029e+01
9.097917350688442184e+01
1.818046076543097627e+02
-1.037574428655948111e+02
4.946830036065174454e+02
2.929025343958078338e+02
3.971459116986735012e+02
2.562706232460136562e+02
5.934052464264229911e+02
4.413811524049594937e+02
6.736087542271845905e+02
8.173023515460336057e+02
1.420372513976104187e+02
5.826441535625581309e+02
1.322355477075205044e+03
1.492307027175608027e+03
2.015093277519179992e+03
2.667739624495609405e+03
3.844337183664455551e+03
4.142155144303029374e+03
6.205123102347131862e+03
8.959217009235302612e+03
6.847663453744990875e+03
6.936038030129843719e+03
7.275017429698136766e+03
