7.850687733668383771e+03
1.029613026044909020e+04
7.707476880824890031e+03
6.959485045393770633e+03
7.104349106025820220e+03
6.604892007326346175e+03
6.285717445385462270e+03
5.393157592238221696e+03
4.419033589159243093e+03
2.960741926516129752e+03
2.702055441514713948e+03
1.815707070891060312e+03
1.704090569080521618e+03
1.065866788422052878e+03
4.787535819078518671e+02
3.607647441986323997e+02
4.748910767268910718e+02
1.639312706883912085e+02
6.353510621929825675e+02
4.868753735216572522e+02
2.118850962651418115e+02
4.576225336655962224e+02
-1.471561502815517599e+02
-8.102619331173391615e+00
1.116022261735294876e+02
-2.108202263839856982e+02
4.456072546918473449e+02
-8.155891629652414565e+01
-9.984158674201259487e+01
2.341152220254288068e+02
2.180526866123011587e+02
5.754176085190050571e+02
9.698075392442159171e+01
4.006812922858082402e+02
6.289217651552957022e+02
1.147103457994031714e+03
8.165991698851445335e+02
7.120720678790390821e+02
1.328522633041157405e+03
2.156878988868144461e+03
2.603614911837346426e+03
3.593508889619362890e+03
4.256999535020558142e+03
5.227037450299478223e+03
6.958978978222406113e+03
6.558399169138811885e+03
6.799893498041737075e+03
6.248523072860499269e+03
