7.560472846917513380e+03
7.841231665561886075e+03
8.517088851326645454e+03
8.165217645928020829e+03
7.073445291535844262e+03
7.577391425040128524e+03
5.888407310250106093e+03
5.551009748055947057e+03
3.774803968945478573e+03
3.865717493081816883e+03
2.306979952366363705e+03
2.401322772516399255e+03
1.579773345923950501e+03
1.564509423305649307e+03
7.348914462906752760e+02
7.262118256472592748e+02
4.000590824537956678e+02
7.152879327671701049e+02
4.026053389320608744e+02
4.432063387917714294e+02
4.814994780802408059e+02
1.372137624120867372e+02
3.120236609702434976e+02
1.316531876330528803e+02
1.671457521383483993e+02
7.497847281701893962e+01
-3.064432436780521130e+02
-8.187511202395064913e+01
-2.463688561946451472e+01
1.546905417038949224e+02
4.294188362246891302e+02
1.018894712820750499e+02
-1.743380164048617473e+02
4.899029327916454690e+02
6.192660015688260273e+02
6.947837193744464912e+02
1.069735500423040094e+03
1.039659939131481451e+03
1.772973350141015771e+03
1.989828397372649988e+03
2.838495962998972573e+03
3.600642342545407701e+03
4.396239296441915940e+03
5.952727621284740962e+03
6.064647325233961965e+03
7.537812545373206376e+03
7.895752606325258057e+03
7.150849505968652011e+03
