6.260593220918908628e+03
6.723802931055621229e+03
7.103532018891784901e+03
6.910160284048584799e+03
6.789769214294333324e+03
6.006412957346206895e+03
5.740966894652252449e+03
4.833566966246408811e+03
3.791846056111379312e+03
2.624168550521584621e+03
2.148995073053659780e+03
1.607907848071332864e+03
1.279199149291499907e+03
6.902092225220266073e+02
7.679754895700632460e+02
2.144977670738446989e+02
3.167705086361771691e+02
3.294860983336633353e+01
3.346649445186905609e+02
6.660477581124350763e+02
5.131918695657498120e+02
4.726628262118496195e+02
-2.902207853228426302e+02
1.429072166367567718e+02
3.230135777619254895e+02
3.883147165709632418e+02
1.744760445910644648e+02
-1.864269762162892619e+02
5.963616158019568125e+00
-7.374851144572679118e+01
3.487380924804027700e+02
9.150489459633793388e+01
5.691606880934891706e+02
5.365245123813457440e+02
5.571445066756508595e+02
4.204655743401448831e+02
5.516652044773122725e+02
1.034344278765626768e+03
1.516598682812470315e+03
1.536108036035533132e+03
2.267322566751066461e+03
2.608688804810925376e+03
3.874274224301368122e+03
4.984380108087195367e+03
5.195957372671552548e+03
5.763440740765517148e+03
6.567905367348322216e+03
6.607090537039528499e+03
