5.955985418007978751e+02
-9.912553357354036621e+01
-2.154535510887009195e+02
-1.029630767991834404e+02
-3.922974190573043529e+02
2.142410387179349129e+02
9.103648377067765978e+02
1.659299805671824515e+03
2.708539324249109541e+03
3.524780412513337069e+03
4.379613347309747951e+03
5.049600683866637155e+03
5.154429914316639952e+03
5.600501134316766183e+03
5.510635219266400782e+03
6.166054506271595528e+03
6.104471490244947745e+03
6.163110333688804531e+03
6.046472597271782433e+03
6.155180715837989737e+03
6.186702384409913066e+03
6.387348787092339990e+03
6.309454728106176844e+03
6.217735181644042314e+03
6.158239045970899497e+03
6.320355536979912358e+03
6.192211245252650770e+03
6.445972847451028429e+03
6.235667394724004225e+03
5.868024112813167449e+03
6.371333970179386597e+03
6.060003292436618722e+03
6.180367989665981440e+03
5.684665842172432349e+03
5.792340767551145291e+03
6.152398145547041167e+03
5.761652696156951606e+03
5.848034043462762384e+03
5.195852675652418839e+03
5.192426102880829603e+03
4.007118227983203269e+03
3.348821366670832504e+03
2.345144727001437786e+03
1.830242287948183503e+03
1.246453003953136886e+03
9.689432361776690641e+02
2.304954833823272224e+02
2.132944958322271987e+02
