2.211528997495862257e+02
-1.842865868357322867e+01
-4.497600564473979716e+02
-7.849297219956306435e+02
7.731264783749027458e+01
9.546528895395302925e+02
1.457929871461206403e+03
2.147210867561668238e+03
2.389289683898446583e+03
3.673380173378707696e+03
3.963319424580567556e+03
5.094900057353183911e+03
5.163680669595169093e+03
6.045509260043760150e+03
5.539487502516775749e+03
6.011839714345658649e+03
6.403265420101301061e+03
6.138743728183504572e+03
5.892989090081294307e+03
6.469244923249597377e+03
6.557012701083276625e+03
6.606045823930164261e+03
6.366821220612447178e+03
6.299666527715871780e+03
6.640533704453312566e+03
6.583108165066008041e+03
6.510509409893090378e+03
6.484628393682262868e+03
6.592420003998012362e+03
6.580234633541124822e+03
6.439767222269935701e+03
6.130729917023026246e+03
6.078671873306012458e+03
6.208227238498784573e+03
5.980925979836357328e+03
6.077162340266163483e+03
6.166366805031679178e+03
5.526553565296655506e+03
5.282573325022519384e+03
4.917909328117626501e+03
4.215905486108675177e+03
3.501145989971556901e+03
2.783322048158750022e+03
2.155597081647805680e+03
1.431066832294812002e+03
3.343787078560385453e+02
6.172528673106936594e+02
1.136323642539726677e+02
