6.296349415004746334e+03
6.455329771757831622e+03
7.303963205223009027e+03
7.226906542958321552e+03
6.716244411756066256e+03
5.833242303698033538e+03
5.434544798844630350e+03
4.628045813658609404e+03
3.919255460940285047e+03
2.928811819800396279e+03
1.982195592358984868e+03
1.592653187861417564e+03
7.338648721830161321e+02
6.638435793484567284e+02
3.974788347813757809e+02
3.204725792905105095e+02
2.679363527733698902e+02
5.625736424765633501e+02
4.152918840781798053e+02
-5.085373358834836921e+01
3.081158775558761818e+02
-1.926213617517708485e+02
-2.140808307491083724e+02
1.283774695449234571e+02
1.214729745650443533e+02
-1.104563590566734490e+02
1.332928643123541690e+02
4.102912796895988312e-01
-2.311111957146684688e+02
-5.631736845955917659e+01
-3.427387239500568938e+01
-1.785123828313067520e+02
2.087161793355496400e+02
2.054417636126822799e+02
7.490165611209827148e+02
2.719814231070198502e+02
5.088152549312164865e+02
9.131721805135634895e+02
1.320864473605996182e+03
1.688481205854267728e+03
2.452744747036255376e+03
3.017045552896054687e+03
3.911575338732509863e+03
4.483824682156295239e+03
5.208385952956071378e+03
6.172516006146161999e+03
6.141424755352306420e+03
6.427078190941696448e+03
