6.220487705521606586e+03
6.933665451615665916e+03
7.079177853642716400e+03
7.103907328630462871e+03
6.733614823848464766e+03
6.385416165956024997e+03
5.155426883209291191e+03
4.750807090770402283e+03
3.957726440731910316e+03
2.934875503856761497e+03
2.219116346531162435e+03
1.562347808861608883e+03
1.097477941089011438e+03
5.319473684168868886e+02
5.134316970540651255e+02
4.193917139034321053e+02
3.648036837779849861e+01
4.500366294683319666e+02
3.626547948560094028e+02
2.414067088860265642e+02
3.720345415747342344e+01
5.103612937392180129e+02
-2.742306779881800480e+02
-1.324484600921270250e+01
6.210667319625624572e+01
-2.446027104409330377e+02
-3.969213381759184589e-01
-2.119878167224191543e+02
2.067786972644759373e+02
-3.818095303364862048e+01
4.151979279027787584e+02
4.280099299583318384e+02
5.783561685178875678e+02
3.976546373802880652e+01
2.608825340089701399e+02
6.246764808317410598e+02
8.560603257783211575e+02
9.908310573425197845e+02
1.165757635104745532e+03
1.755424981925876637e+03
2.386134607022232558e+03
3.001403479066973887e+03
3.806411104119314587e+03
4.869187112181710290e+03
5.391180655774493061e+03
6.334660360456696253e+03
6.921061181829219095e+03
6.294603290947931782e+03
