6.310891282483136820e+03
6.316524421518152849e+03
6.883779922006284323e+03
6.921072229371692629e+03
6.806759897616512717e+03
6.274237105721993430e+03
5.199754139175595810e+03
4.297750140551564982e+03
3.560022788982612838e+03
2.964349994838999010e+03
2.064700710193621489e+03
1.304789943176540874e+03
9.387716791988150362e+02
5.978399273201213191e+02
2.791294449499898747e+02
6.433970348026903139e+02
5.246243059091458463e+02
3.552617827665621348e+02
3.944823596050455876e+02
4.631302191797117871e+02
3.092978799788389210e+02
2.439861653011162730e+02
3.754979400362850583e+02
-1.137541501230289640e+02
3.631620171194013551e+02
-7.916221624352508535e+00
-2.483369643410773264e+01
3.639127846560600119e+02
-1.274228873217361411e+02
2.638413318575426274e+02
3.998827369658891939e+02
5.340499307347618014e+02
3.615003454534119669e+02
3.010901562890311993e+02
3.704708401709762597e+02
4.474975206525378439e+02
9.364114395146334573e+02
7.160278815029215593e+02
1.263131458549625904e+03
1.699543632406480356e+03
2.572921749345150602e+03
3.040511901560991646e+03
4.103403414299926226e+03
4.757414887048334094e+03
5.609974697911192379e+03
5.602494866938446648e+03
6.327604331757158434e+03
6.544499388959187854e+03
