7.525033505617444462e+03
8.307920829166530893e+03
9.426541417172291403e+03
9.962188309411825685e+03
7.573813448562980739e+03
6.873345025765587707e+03
5.574639296965412541e+03
4.684231815291846033e+03
4.250224370296225061e+03
3.040000351461653736e+03
2.311391601249312771e+03
1.635540970357804099e+03
1.351677853312729212e+03
1.636724655100260406e+03
1.214442276585276659e+03
8.229176739366423590e+02
9.539878819931733460e+02
3.112700467252388421e+02
6.353856703617203721e+02
1.659909745357021507e+02
3.446916884823445457e+02
2.731643504687571067e+02
3.674262852056043585e+02
-2.385433605617060664e+02
7.042315921364783549e+01
-3.286920548993562079e+02
-9.683954262453211470e+01
2.277487599832515457e+02
3.838881224929012603e+01
3.849679185574808002e+02
1.023376659636753345e+02
2.568796708603421735e+02
3.968502833910518461e+02
2.434022184684695276e+02
7.257820298420232348e+02
8.064389581839127459e+02
5.638032528714342106e+02
1.112733102324601987e+03
2.040830430756275064e+03
2.068210534938752062e+03
2.677660167773479316e+03
3.950235383096633086e+03
4.421120418539181628e+03
4.924219353811196925e+03
6.579167251687063981e+03
6.376138154102082808e+03
7.392956049741498646e+03
7.914915790560659843e+03
