7.968791172681696480e+03
6.530915271770403706e+03
7.837978562684875214e+03
7.493021774228091999e+03
6.877848943874941142e+03
6.304151078741663696e+03
6.020989608817030785e+03
5.474831138293319782e+03
4.587480888093439717e+03
3.029279649905769020e+03
2.668416395806260880e+03
2.079071418523959892e+03
1.316554302763739088e+03
1.184632551365949666e+03
9.951599384572070903e+02
8.579205885875749118e+02
4.217665151178988481e+02
7.330230971215813724e+02
8.490376277715746482e+02
5.965787497248493310e+02
-1.198339912908518130e+02
5.170415489848356572e+01
3.227059868173126915e+02
-4.942719866942302787e+01
2.513983227733435513e+02
4.191573590982102928e+02
3.426325042542738686e+01
3.284371160007046342e+01
1.440324452166468063e+02
1.034648823218423956e+02
3.223692459391620559e+02
4.168297756162917977e+01
2.792481499925260664e+02
2.823675141020961519e+02
5.191891458200340139e+02
5.019287490967591907e+02
1.136137934614029518e+03
1.169310156635272506e+03
1.310006323050740548e+03
2.212773346524322278e+03
3.227252870586538847e+03
3.375601407634568659e+03
4.586439011346568805e+03
4.892158209479321158e+03
6.933413361960077054e+03
6.402647923769980480e+03
6.968207679434476631e+03
7.216018212074668554e+03
