7.319223199633782315e+03
1.033743773000339934e+04
9.340069295457511544e+03
8.737571542555908309e+03
7.971717050042238952e+03
7.766901614820013492e+03
6.495756924651569534e+03
5.988885260621364068e+03
4.249058765113865775e+03
3.596984795167285029e+03
2.222632057694743253e+03
1.781198453300524307e+03
1.639775629847014898e+03
8.911380000065913691e+02
5.903938408521818246e+02
9.286997405575634730e+02
7.297057823217468240e+02
1.168924582104860264e+02
6.440706959343009430e+02
1.120267977616814051e+03
9.835668410850833254e+01
1.058178641931707205e+02
-9.399649898228800282e+01
-1.427511606884899606e+02
5.634776490888828704e+01
-4.283101741592671985e+00
3.212606712763441692e+02
1.009275523862781512e+02
1.252963593615214251e+02
1.556584366376531250e+02
1.029128164213274772e+02
5.107807026373700410e+02
4.130443000822329509e+02
4.117453714283485056e+02
3.292107541499847230e+02
1.004963111081694706e+03
7.185981423443453195e+02
1.151924029917330472e+03
1.699179247106141247e+03
1.678495331156343582e+03
2.929696075350496358e+03
4.596220604295699559e+03
4.480584082412702628e+03
4.624634149171749414e+03
6.668918144816245331e+03
6.379079080230077125e+03
6.923765131778046452e+03
7.720228787034809102e+03
