6.752175041500169755e+03
6.918661048464963642e+03
8.994832228701405256e+03
6.946535842750292431e+03
7.687376746745030687e+03
6.861025384086157828e+03
5.668219997107698873e+03
5.116992607430201133e+03
4.190330834796536692e+03
3.697937723813615321e+03
2.824070876363527987e+03
1.989508305185326662e+03
1.565423028204085540e+03
8.937560785692350009e+02
8.471559274814400169e+02
5.610649382101794345e+02
4.390759979249442040e+02
7.800265789023843581e+02
6.131663994384435910e+02
3.487046741853293383e+02
8.085962925882038235e+02
2.906240648174630792e+02
3.030694190687678997e+02
-9.582467079929662646e+01
2.484807496475896187e+02
8.097285046846425871e+01
2.471043833731396546e+02
1.867683798002699689e+02
1.443004638374734157e+02
1.702284321496665314e+02
3.605148868409532383e+02
5.569248097794750265e+02
4.081620887152187152e+02
4.173344757931215554e+02
9.120710985000562232e+02
8.946791407434984649e+02
2.913625135963093271e+02
1.796916991084370011e+03
1.372817566599133443e+03
2.535772607783387684e+03
2.973494648577907356e+03
3.545612992204539751e+03
4.407593990336162278e+03
5.630309256025894683e+03
5.641408205057114174e+03
6.248604053671185284e+03
7.365545635514729838e+03
8.275036810913687077e+03
