3.158960622496136352e+02
-3.014340424937309422e+02
-7.957221753633410799e+01
-4.761849467763873918e+02
-7.013274551127564393e+01
6.114278900681191544e+02
1.128133683399510801e+03
1.907481086705022108e+03
2.558220737038664993e+03
3.224233228429632163e+03
4.313950265655867042e+03
4.473406382954073706e+03
5.155313637681167165e+03
4.974221869707555015e+03
5.720568646916121907e+03
5.793715164602581353e+03
5.828435859770151183e+03
5.544038185183196219e+03
5.491216847062795750e+03
5.867482540481219985e+03
5.693616630054684720e+03
6.002725904509521570e+03
6.105933187141276903e+03
6.139637766679770721e+03
6.342588264466293367e+03
6.157605355679688728e+03
6.120095315448620568e+03
6.303380594754880804e+03
6.023444426055360054e+03
6.234915921400948719e+03
5.811199449679435020e+03
5.975117572331718293e+03
5.770500411900208746e+03
5.973632468978940778e+03
5.901411077789233786e+03
5.506260130028683307e+03
6.055404088222597238e+03
5.105163825386714052e+03
5.014027543942291231e+03
4.521839090641885377e+03
4.224529320305159672e+03
3.021421023976618926e+03
2.351290564308450485e+03
1.794000423207623953e+03
1.005109554126841886e+03
5.480441787090119306e+02
3.092685297834329106e+01
4.010542918339424432e+02
