6.460289209824732097e+03
7.961349632861063583e+03
7.237125211846040656e+03
7.221450567700185275e+03
7.099058125400673816e+03
6.442549467994947918e+03
5.327963665030052653e+03
4.751463355358609078e+03
3.916704459170622158e+03
3.257847605175951685e+03
2.413358642170635449e+03
1.610834378356663819e+03
1.163161138962429504e+03
8.441551778087797402e+02
6.830137019299653502e+02
5.169515032934062901e+02
4.677218619152652650e+02
6.570764724825399981e+02
1.414531962783692620e+02
5.275972002996173842e+02
1.856963179692326662e+02
2.732061209968193793e+02
3.710311500612863256e+02
1.697428467205097036e+02
-4.636706845631819647e+02
-4.921803381237206310e+01
2.369034353046654644e+02
3.463425827050936050e+02
5.933822791526700513e+01
1.508358406943554257e+02
1.749518762928569799e+02
9.866110969498378402e-01
5.240291983197664649e+02
4.111563728519444680e+02
7.028889562360226364e+02
4.479596481125434480e+02
4.259272323173319705e+02
8.579866027849969896e+02
1.098715751955337282e+03
1.776624202286017180e+03
2.692329576748505588e+03
3.392863056159872485e+03
4.449456546297252316e+03
4.944502031090864875e+03
5.938113037956602966e+03
6.183133435321326033e+03
6.890547447664825995e+03
6.916062030155642788e+03
