6.403933575376722729e+03
8.392360220256356115e+03
6.943552623537958425e+03
7.821674920187273528e+03
7.081601770278114600e+03
6.912847077667755002e+03
5.595529152602076465e+03
5.479406884481046291e+03
4.771276433169970915e+03
3.247933797400737603e+03
2.431022008353308138e+03
1.490487530163309430e+03
1.399969650609338714e+03
1.177728344951608506e+03
6.008144679253267668e+02
3.224567433332541100e+02
4.071287145276552337e+02
5.189611179988461345e+02
3.464707608657975015e+02
6.260537497363399098e+02
5.865492786719119067e+02
1.914676735833032524e+02
3.473169905791032761e+02
-1.027275567088966710e+02
-7.922871808497642121e+01
-6.465501173487221820e+01
-1.794895065998691450e+02
7.619441281064426619e+01
3.840902966043914262e+02
3.729273783384566059e+02
2.258784009470471972e+02
1.747108732584751749e+02
2.230797471050337890e+02
4.821712561372860932e+02
3.356303410847360738e+02
8.308616417495353517e+02
9.833353249399327751e+02
9.173314540915160933e+02
1.327211964773866157e+03
1.837411619196405582e+03
2.586984871366509651e+03
3.620228671926162860e+03
4.845561062644287631e+03
5.311972207126179455e+03
6.230844604237923704e+03
6.147489520975302185e+03
7.359398804924954675e+03
6.639911396741301360e+03
