6.467440421982180851e+03
6.898471703773219815e+03
7.048191511622945654e+03
7.040817789853475006e+03
6.993816640253638980e+03
6.426729366144377309e+03
5.647408750955223695e+03
4.779061964208152858e+03
3.789941160706453502e+03
2.785466558081985113e+03
2.217171579215557358e+03
1.507479354360853449e+03
1.073198166714252011e+03
9.691382048564622664e+02
6.985592653392736793e+02
4.222216523299258597e+02
8.928013444510335148e+02
4.575886623428731355e+02
3.401729359269083375e+01
5.528802148286465581e+02
1.033111154546659236e+02
3.040401737992261246e+02
7.815427280094112916e+01
-1.616015874068308165e+02
9.861993957037566361e+01
-1.449481741664635308e+02
-4.453548149408894830e+01
-5.128725874813149943e+01
2.721336644479574716e+02
1.695760791930258051e+02
5.722104493397222313e+02
2.909655132325047475e+02
6.197496124446091326e-01
6.193389812566728096e+02
3.827980186489135122e+02
-9.712153090193680782e+01
7.046123153013277260e+02
9.644802762559584153e+02
1.504752696860202377e+03
1.985299255549749432e+03
2.456037057198730963e+03
3.291968353769776968e+03
4.089586441595491124e+03
5.200384333288213384e+03
5.734895859286709310e+03
6.261727144136439165e+03
6.491748985656651712e+03
6.683838529160121652e+03
