6.372291290085058790e+02
-7.339237127428839358e+01
-5.053925429216373004e+02
-5.399214062033412347e+02
5.679154074782680972e+00
4.757980373159783767e+02
8.517246660215944303e+02
1.996627101342132164e+03
3.130543498632518549e+03
3.251153911311067077e+03
4.532417569317494781e+03
4.743759944918287147e+03
5.114189488243245250e+03
5.324939785333835061e+03
5.980805331002047751e+03
6.210949607002768062e+03
6.120994295820136358e+03
6.341793596826668363e+03
5.897421244222341556e+03
6.206911853371017060e+03
6.524463926515159073e+03
6.276131560872328919e+03
6.622765867507725488e+03
6.475255905950221859e+03
6.621144555042670618e+03
6.589979280196654145e+03
6.591562318901447725e+03
6.343204541148350472e+03
6.445786614331293094e+03
6.021140303543183109e+03
6.262211262413230543e+03
6.167533383379969564e+03
5.954585915287919306e+03
6.093003768724439396e+03
5.954561831222878936e+03
5.831185474545736724e+03
5.949161718617313454e+03
5.521360394533362523e+03
5.179704239005977797e+03
4.748431544301198301e+03
4.236574554052609528e+03
3.359496357351855750e+03
2.652226252623377604e+03
1.755763840274343693e+03
8.364362317053110019e+02
5.654625953082510250e+02
1.188341214255248985e+02
6.500335606931985311e+00
