3.337625780630471013e+02
2.667071134896759190e+02
-3.497295357652964185e+02
-1.840715542322504632e+02
-3.387525790229298650e+02
2.720839774677585865e+02
1.002263936980428525e+03
2.286095515090159097e+03
2.795359942787844375e+03
4.010213991650340176e+03
4.342999414655942019e+03
4.976395526414762571e+03
5.124508992978243441e+03
5.471391226098673542e+03
5.858839133399813363e+03
5.903221758290269463e+03
5.897658663211060230e+03
6.155520737403359817e+03
6.605938119594410637e+03
6.262235454407366888e+03
6.363587141712506309e+03
6.218692094050359628e+03
6.346120388936776180e+03
6.430171861244541105e+03
6.263199231179914023e+03
6.753046232522680839e+03
6.536282478523367899e+03
6.626325173466645538e+03
6.286798987399411089e+03
6.391846118624090195e+03
6.250380101733631818e+03
6.438063129261080576e+03
6.311507991654481884e+03
6.045469817747518391e+03
6.444141396398547840e+03
5.744758975957094663e+03
6.016639700628184073e+03
5.686879461692324185e+03
5.413174963682055022e+03
4.931528049557173290e+03
3.922884481812074227e+03
3.154571991308243014e+03
2.894271545506930124e+03
1.974814591930809001e+03
5.568715909194885398e+02
5.001336195412213783e+02
1.996431635818236145e+02
-1.470264021546331890e+02
