6.128049054310756674e+02
3.818556673497206333e+01
-6.584514340950753422e+02
-1.274704037798830711e+02
1.012567127644496736e+02
3.367465294445288748e+01
1.160917092387737057e+03
2.020886773785842934e+03
2.864118694680330464e+03
3.573973324032094752e+03
4.401103212192138017e+03
4.723145330831910542e+03
5.021165123364384272e+03
5.444066978347186705e+03
5.789418280433992550e+03
5.402779343740543482e+03
5.835515457070027878e+03
6.308021255024312268e+03
5.612700551006360001e+03
5.865193586037230489e+03
6.004801493235911948e+03
6.070124986087700563e+03
5.853143330155900003e+03
6.222528017299811836e+03
6.029115236904787707e+03
6.234345502056339683e+03
6.320141703659885025e+03
6.025422496328770649e+03
5.796090700839441524e+03
6.158254275273164239e+03
6.370668207924333728e+03
5.915347019742966950e+03
5.737694845660484134e+03
5.844773709056807093e+03
5.712374669443417588e+03
5.908354549727954691e+03
5.342446403961653232e+03
5.682862409898281840e+03
4.736661615783094931e+03
5.008128131578431748e+03
4.086076259124897661e+03
3.091184469368658483e+03
2.291966171297556684e+03
1.671575369922330992e+03
1.058564090432260400e+03
5.314478748267626997e+02
3.023347927601816991e+02
-8.034175826770397322e+00
