6.212680174186766635e+03
6.554230376039254224e+03
6.826859163089853610e+03
6.841320753347027676e+03
6.692441672941649813e+03
6.107253469664638942e+03
5.541541662804444059e+03
4.761985470279388210e+03
3.888489868597410350e+03
2.891085153420696770e+03
2.099032365283956096e+03
1.649529969864701570e+03
9.809097878298904334e+02
9.862371159342461624e+02
6.880685864384586239e+02
2.697483329570821979e+02
9.674708690008685608e+01
6.543600625842933596e+02
6.559651051874012637e+02
1.007820635761829919e+02
4.917155676595123737e+01
3.189765330712832565e+02
2.562598870128143176e+02
2.749395357224692589e+02
6.077628776262383781e+02
-2.954629727270381068e+02
-2.020765184606882485e+02
2.677409290106488129e+02
-3.075009604213179415e+01
2.347163226782070637e+02
2.097208141445307490e+02
1.633595494284544998e+02
-2.490900198353162054e+01
6.532171461692801131e+02
8.513204237206927019e+02
6.805920651714036467e+02
3.734875066621943347e+02
7.235296057164460990e+02
1.184641388156082257e+03
1.973619189823395573e+03
2.286803860701026679e+03
2.921375092173219400e+03
4.243456927188967711e+03
4.546956421846872217e+03
5.499496753107394397e+03
6.308127892540231187e+03
6.531090144758207316e+03
6.032386715275895767e+03
