6.521257864392400734e+03
7.500707118407455710e+03
7.011491797628485074e+03
7.696747504222160387e+03
7.173741284652550348e+03
6.512498341034884106e+03
5.590336021447382336e+03
5.131583375367277768e+03
4.117232768268589098e+03
3.025916253780062561e+03
2.466158817566149537e+03
1.528884180199877846e+03
1.015927920900362437e+03
1.193705216405513511e+03
8.337818532900155333e+02
6.255679838969886077e+02
1.663555164565998723e+02
-6.430071540882563852e+01
2.950247815480825011e+02
2.075414328799291752e+02
1.406713308002243537e+02
4.893859108207496433e+02
2.710607741309855214e+02
-1.795133710586753466e+02
-6.273304194802472367e+00
1.382192614214425674e+01
-2.256815996093520837e+01
1.886245887516199957e+02
2.290255752437423453e+01
4.319095857341200713e+02
4.287010916254915287e+02
5.235848274269452531e+02
6.547660214913943832e+01
7.411181133859666943e+02
3.663217939526090845e+02
6.790245523330152082e+02
5.033408568271070180e+02
6.682944350685091877e+02
1.362789807894014075e+03
1.932947240974614488e+03
2.511944287565741433e+03
3.288456991258619382e+03
4.171011155817341205e+03
4.544719494441874303e+03
5.902118758781258293e+03
6.481936943004809109e+03
6.420405042146826418e+03
6.848808645700049055e+03
