6.068771557006633884e+03
6.588413037099052417e+03
6.718491512723863707e+03
7.286973812523887318e+03
7.224350128159786436e+03
6.241235589649129906e+03
5.508943208582305488e+03
4.655455399306911204e+03
3.747454197029750958e+03
3.083334575083620166e+03
2.191182185607816336e+03
1.551671846795296233e+03
9.593046569411858400e+02
8.690845603225824334e+02
9.113911094438011560e+02
6.549841781750795917e+02
-2.261462670275274434e+02
1.843584923939413329e+02
1.075235778363878296e+02
3.567605643782860056e+02
4.351695096887503382e+02
2.518905813222010863e+02
3.791812829030277499e+01
3.241941865970105141e+02
-1.265176322303079530e+02
2.036716552872502177e+02
1.998841186466746649e+02
4.428380260734049330e+02
2.920305248654254910e+02
1.641608851051254589e+02
-1.503605024255939213e+02
4.149121704154157442e+02
5.508093996036143913e+00
5.878816556180639736e+02
4.422847265203885172e+02
4.151047409781886017e+02
5.821817253284197022e+02
1.072317883952733837e+03
1.177201431462064875e+03
1.962852363780545375e+03
2.200777535101578451e+03
3.229343706990714054e+03
4.149102526268767178e+03
4.696052964367075219e+03
6.019433344285481326e+03
5.548798795972668813e+03
6.374531665437970332e+03
6.433517707782143589e+03
