5.971620452560088779e+03
6.835399029578662521e+03
6.802115754803236086e+03
7.426371221547640744e+03
6.563645584633035469e+03
6.338800791319871678e+03
5.766034174955902017e+03
4.526662237497447677e+03
3.860199719998840465e+03
3.116150422736242945e+03
2.525714559291907790e+03
1.795811219981473187e+03
8.110597714009569472e+02
7.648773128952473144e+02
3.480199915221730862e+02
6.299492877638706432e+02
1.179672846484653945e+02
6.137103927687667237e+02
2.485491814994747983e+02
4.534154127868087016e+02
4.349962092855610081e+02
4.383362004984189753e+02
4.101634137624466803e+02
6.007508893359525359e+01
2.934029783187364728e+02
4.096837002008022068e+02
-1.469606368597591661e+01
1.674434653071118646e+02
-1.575320422840339951e+01
2.505743483848585029e+01
2.842024203822851973e+02
3.707932101731737475e+02
-5.031352239304999330e+01
1.422074975114738606e+02
-1.367870927303101212e+02
3.935690536388602823e+02
4.727512132819911130e+02
8.919111398208827950e+02
1.251125513589992579e+03
1.560252256061588469e+03
2.638181549172091309e+03
3.336944919362692417e+03
4.137457239589586607e+03
4.878931607187917507e+03
5.433345603491307884e+03
6.217396584782632090e+03
6.419310078255773988e+03
6.833418164928756596e+03
