5.010325616935711537e+02
1.271406369133191845e+02
-5.155384095230208459e+02
-1.899014741970906641e+02
-3.011311440138474040e+02
3.783978291270710201e+02
1.174646319963776250e+03
1.673366162115800762e+03
2.818414191977590235e+03
3.557075624432154655e+03
4.145547202843239575e+03
4.819589888038226491e+03
5.103583634234480087e+03
5.503723025356228391e+03
5.784023519135100287e+03
5.623034066792179146e+03
5.965946636367447354e+03
6.124810996210252597e+03
5.800509035460667292e+03
5.979846057378043042e+03
5.805698227092962952e+03
6.314756499724627247e+03
6.187311924970900691e+03
6.435639772134860323e+03
6.079072703739706412e+03
6.349002202100124123e+03
6.225743852079112912e+03
6.519875951785526922e+03
6.070809850752452803e+03
6.251152682213544722e+03
6.076425352056980955e+03
5.737542787194971424e+03
5.821106005380815077e+03
5.723067504087262932e+03
5.807400473458826127e+03
6.051557853794670336e+03
5.966458969193080520e+03
5.725631590634314307e+03
5.261032771362944914e+03
4.757061900930993033e+03
3.928447822323350920e+03
3.335604484154445345e+03
2.331234220903628284e+03
1.651486688689820085e+03
1.125956603809687067e+03
7.515089220515042143e+02
2.266998289434647802e+02
1.470684540190506766e+02
