8.345679758879679866e+03
6.722672101188707529e+03
8.045597350079988246e+03
8.078030112286110125e+03
6.899097337015457924e+03
7.585439062970106534e+03
5.798151022742647910e+03
5.063907025895371589e+03
4.268695386229815085e+03
3.668811309842032642e+03
2.771405653826753678e+03
1.977264402163571503e+03
1.047049813673506605e+03
1.116818613198362982e+03
7.669764112220682364e+02
6.395822690374623107e+02
2.444252949300028988e+01
6.313514438096282220e+02
3.455559332777811505e+02
2.203231742792998489e+02
3.793772454745472373e+02
4.474982662340217132e+01
2.985662404187949619e+02
-2.054947417752698300e+02
-1.736315305631614763e+02
-3.611471271648675838e+02
7.648554485967525807e+01
4.288220736935267041e+02
4.409294070988290315e+01
1.255239150162641693e+02
2.753467241464509243e+02
3.977860636890297883e+02
5.639817298224054412e+02
3.315159788581408407e+02
7.514106523509772160e+02
8.801683762370900013e+02
1.264989027146953958e+03
8.820279362329712285e+02
1.367085899444472261e+03
2.263758174619397323e+03
2.409311375208195841e+03
3.566572571986930598e+03
4.043462407230246754e+03
5.122431469797910722e+03
5.447826336396538863e+03
6.529337992992358522e+03
7.124410817933588078e+03
6.852722107463199791e+03
