7.071678647717177228e+03
6.872969443426640282e+03
6.865594564127129161e+03
8.446364674922991981e+03
6.775506683094647997e+03
6.443709421009381913e+03
5.633039674023581028e+03
5.555019714441936230e+03
4.194784963683481692e+03
3.490550850823668497e+03
2.349895233648779595e+03
1.602702706438970608e+03
1.141673158462419678e+03
6.777553128375254801e+02
1.084996451492596634e+03
8.177484777731535814e+02
4.071544990544401230e+02
4.363882130064765192e+02
9.100695251507078183e+02
3.812407509416029256e+02
5.115750854278875437e+01
2.395995787809963815e+02
9.424975987355841767e+01
1.459980416496401006e+02
-5.947205562022105596e+01
-2.896757933050056977e+02
-1.532871345519579620e+02
-8.359679712312220090e+01
1.453972728998471666e+02
-1.830302629459196737e+02
2.520482613029955985e+02
8.309332402121507357e+02
6.950013505640823723e+02
8.580458315293043370e+02
7.111156652107641776e+02
1.299847334947465924e+03
9.897175492875377358e+02
1.494095632486264321e+03
2.314528198867720675e+03
2.079242555313828689e+03
3.806930271052119224e+03
5.293696482174710582e+03
4.083773297051565805e+03
5.493833987074501238e+03
6.730014104909746493e+03
7.657520158619680842e+03
7.582943401533320866e+03
8.469896790067998154e+03
