5.915652737401053400e+02
2.586038339420458669e+02
-3.308656183666773245e+02
-4.354898166897201577e+02
-4.979138254177726139e+02
4.141001527920200829e+02
1.281579761090900092e+03
1.735580744386440756e+03
2.520527608665441676e+03
3.484392229321483683e+03
4.017193058077275055e+03
5.358724765763035975e+03
5.686146386407239333e+03
5.646292392587306495e+03
5.993972615364892590e+03
5.840839288177775416e+03
6.319635965064343509e+03
6.320174170293690622e+03
6.246111527572061277e+03
6.194557447611708085e+03
6.419205325144076596e+03
6.629922703700490274e+03
6.399044008049390868e+03
6.673750913677902645e+03
6.639854028323478815e+03
6.255414089635703021e+03
6.499050588387740390e+03
6.564283005523207976e+03
6.283445091076318022e+03
6.220996012646135569e+03
6.502150735017215084e+03
5.568244827149946104e+03
6.158554460153312903e+03
6.225530773595336541e+03
6.336201651290810332e+03
5.818383526926459126e+03
5.793488105549976353e+03
5.796050031364329698e+03
5.684704951514547247e+03
5.099691290828757701e+03
3.649328201925396115e+03
3.577104286735660935e+03
2.435345506332289460e+03
1.806319301009869150e+03
1.565047348711729228e+03
7.311832576097784795e+02
4.441041994473093268e+02
1.483734068946406524e+02
