6.971382909585771813e+03
7.209677073733286306e+03
8.012976928605185094e+03
7.613814562505946924e+03
7.365658239145674088e+03
6.800501458960400669e+03
6.140340994612608483e+03
4.630969057224805510e+03
3.781278099714365908e+03
3.637031344239200735e+03
2.356404486816790723e+03
1.394661606784349942e+03
5.002596668751473885e+02
7.655605526232063767e+02
3.092626946591892647e+02
8.708119620253626181e+02
4.689220471443849192e+02
5.748593198188503948e+02
1.401779516197007354e+02
2.314506298870458068e+02
3.513359595202500145e+02
6.716650210928094111e+01
1.686517852090538554e+02
-1.171039592129235984e+02
2.448460389362575143e+02
2.743762711401982983e+02
1.651551666569548331e+02
-1.818145546258728587e+02
2.390969954698582569e+02
2.803457740988971736e+01
1.042034086874657106e+02
4.959895578651966161e+02
4.152426921738951933e+02
3.165262144341274961e+02
5.254575654248324099e+02
6.242855188744279076e+02
4.640179722767300632e+02
1.159226939664480597e+03
1.074545843129029208e+03
2.297399227671176959e+03
2.252163071343039064e+03
4.008819274996861623e+03
4.582284342543868661e+03
5.338578697054507757e+03
5.724915020122763053e+03
6.487470278790699012e+03
6.429406537881036456e+03
6.841659552137500214e+03
