6.384727768110418765e+03
6.640764499154798614e+03
7.619874667691340619e+03
6.998884354712446111e+03
7.233208940607573822e+03
6.368278070194460270e+03
5.253607408384301380e+03
4.718713348744473478e+03
3.772357520290051980e+03
2.494914962603560525e+03
2.179369074605152491e+03
1.773562908276383041e+03
9.552449081152345798e+02
5.774255016168096972e+02
3.364320205507145829e+02
4.473900122926679046e+02
5.171543290695058204e+02
3.338163180012728048e+02
1.659749708948787656e+02
3.597954840004871357e+02
5.246733507462859052e+02
4.974068106139962993e+02
4.076617491066122057e+02
1.888426113541254665e+02
-2.392790635153422443e+02
2.882906891554889839e+01
-6.046332163906932777e+01
-8.942645790188417720e+01
2.189020990417745907e+02
1.163685358083534993e+02
4.630520898612488168e+01
4.059909820008579686e+02
1.604004861004235920e+02
4.152705707598802292e+02
5.565022567262095663e+02
8.202161910017252922e+02
8.751553959534223850e+02
7.753058789998406155e+02
1.070258171602686389e+03
2.009072872100758786e+03
2.286313210839894509e+03
3.095501390147206166e+03
3.942592657338218032e+03
4.474567440309820086e+03
5.375590881443780745e+03
6.481747048333536441e+03
6.538064824156789655e+03
6.551800917876080348e+03
