6.080103643577303046e+03
6.798335990486133596e+03
7.413212963531089372e+03
6.766330024980048620e+03
6.681646325446768969e+03
6.079426444485213324e+03
5.457328580909465927e+03
4.823297075980876798e+03
3.667787658941472728e+03
3.034134722175637307e+03
2.417201244867256264e+03
1.513748350297840034e+03
1.038393853641598980e+03
6.787952295274297967e+02
4.904326252735535832e+02
1.129236735503717881e+02
4.592909713255278916e+02
2.107450245285701556e+02
4.287809243424374586e+02
5.547367169435427741e+02
4.889472022289501183e+02
2.314513291114625986e+02
5.467899376246645033e+02
-4.238182368924789216e+02
2.628776776513633422e+02
-7.221679489526744078e+01
6.801380653750956640e+01
4.598161871579189608e+01
1.542066812898406738e+02
3.599698232986933704e+02
5.183236914415166297e+01
1.221736056861560229e+02
6.064549695139195364e+02
1.562400245380783588e+02
1.247855195042373282e+02
3.838368954253816128e+02
7.056343991501070150e+02
7.539975629007011548e+02
1.647637858186525364e+03
1.558442390916285149e+03
2.609075070487548601e+03
3.195734635484658156e+03
4.176809437734664243e+03
4.887782748482998613e+03
5.689842096610373119e+03
6.243347725189300036e+03
6.277829278864797743e+03
6.638270248805870324e+03
