-3.975294851659473352e+02
3.783535573099533167e+02
-5.840267090873275038e+02
-2.450835845623521436e+02
3.182630635450788645e+02
5.300231579605971319e+02
7.013099601104519252e+02
1.741034254449495620e+03
2.563061252502091520e+03
3.200247638653974263e+03
4.251113313563888369e+03
4.474931697839048866e+03
5.156110959614232343e+03
5.407922953822964701e+03
5.449102601028378558e+03
5.845129174487875389e+03
6.224379976281493327e+03
5.971616584554439214e+03
5.865852195827665128e+03
5.630352701837162385e+03
5.841220966526926532e+03
6.041861893056044210e+03
6.088336700462290537e+03
5.851838233553283317e+03
6.478840341986247040e+03
6.103954932979672776e+03
5.920979479328679190e+03
6.355866821635023371e+03
5.843299752747495404e+03
5.894772454612370893e+03
5.855346545738872919e+03
5.975572947686067891e+03
5.931379333456324275e+03
5.611822980221530088e+03
5.634190847576456690e+03
5.781903890270403281e+03
5.303226656714642559e+03
5.558619512346551346e+03
5.319476950977426895e+03
4.429236458550632960e+03
3.802240086560544569e+03
3.070233026334188253e+03
2.594396642320346473e+03
1.546766013682469293e+03
1.061806959463674730e+03
1.526576092193165550e+02
4.506222969739438327e+02
-2.083889419455968195e+01
