4.060588463063410813e+02
6.936854789463434656e+01
-3.140226925684807497e+02
-3.614307762723955193e+02
-1.905789191015419348e+01
2.190839665500550382e+02
8.775049287422469888e+02
1.825997485605286329e+03
2.576740501583171863e+03
3.331434549338865963e+03
4.258536427988482501e+03
4.958693557359124497e+03
5.105476076596850362e+03
5.469083160696104642e+03
5.510118862683464613e+03
5.504920135784856029e+03
5.532939113595789422e+03
5.798975611905780170e+03
5.939666166334808622e+03
5.742723361325383848e+03
5.805496594259597259e+03
5.473416571219916477e+03
5.640713378659654154e+03
5.993454725955939466e+03
6.006285980720273074e+03
6.034460225140313923e+03
6.266140166235957622e+03
6.024864437817731414e+03
5.762817762276289614e+03
6.022819197463067212e+03
5.938185563084295609e+03
5.838713066144572622e+03
5.607404254570241392e+03
5.805400503105081043e+03
5.995739413520635935e+03
5.668680727480577843e+03
5.629746034953646813e+03
5.571386716817992237e+03
5.086491570509616395e+03
3.953227991171491340e+03
4.075443310715264033e+03
3.334693280019886970e+03
2.404985210474995256e+03
2.027187209683855826e+03
1.310094218033924108e+03
4.574902653164928665e+02
4.196446200707607090e+02
3.555626209654965919e+02
