8.139773170060879011e+02
-3.703314824467626636e+02
-3.345419953680331560e+02
-4.869479307671997503e+02
5.924607397833401734e+01
3.185980175975773250e+02
1.173030291615469878e+03
2.284454069201617585e+03
2.630669537113360093e+03
3.635455811889511551e+03
4.264096406342431692e+03
5.015423237931975564e+03
5.411732584518766089e+03
5.690325432550318510e+03
6.004477929382660477e+03
5.812152512226649378e+03
5.837450695077687669e+03
6.210898523871327598e+03
6.645492794379428233e+03
6.381865070602743799e+03
6.057959635249988423e+03
6.276297245790523448e+03
6.378565669107317262e+03
6.670734449132163718e+03
6.068808905426500132e+03
6.406863491828376937e+03
6.647275957989088965e+03
6.251172641194621065e+03
6.539193630890650638e+03
6.209457706144399708e+03
6.131660218482217715e+03
6.286465276497446212e+03
6.243875814663453639e+03
6.005606310788084556e+03
5.939574682013967504e+03
5.740839454076742186e+03
5.878507332477367527e+03
5.646772081020808400e+03
5.457284477136258829e+03
4.689757032755228465e+03
3.901089760033544735e+03
3.321359789895921949e+03
2.557200098990039805e+03
1.808265365774427437e+03
1.154156978467576664e+03
1.092306517576339957e+03
2.226924501913704262e+02
-2.291932605437654047e+02
