2.895726299534740065e+02
-5.306556639233549504e+02
-2.438409192368472134e+02
-1.089325413628137795e+02
1.229482948848837083e+02
4.709081996846582001e+02
8.970390436165638448e+02
2.133748024655398694e+03
2.829955097814186047e+03
3.631591967311645476e+03
4.269331242473345810e+03
5.410027613913195637e+03
5.203494768972546808e+03
5.940557739158693039e+03
6.141193983970507361e+03
6.011060601405184570e+03
6.089362808384576056e+03
6.112500247694684731e+03
6.109685208268196220e+03
6.357385949216602967e+03
6.002840295800621789e+03
6.430768080193483001e+03
6.292683496152644693e+03
6.450893264529323460e+03
6.490829304539422992e+03
6.653057255618634372e+03
6.186567325481066291e+03
6.308860667682187341e+03
5.959868347900067420e+03
6.484738176168844802e+03
6.206210656187973655e+03
6.146497446140445390e+03
6.000754362567522548e+03
6.054750593753846260e+03
6.052393544929470409e+03
5.996897421318713896e+03
6.150910066030385678e+03
5.864555036212561390e+03
5.084164196969866680e+03
4.730424434243595897e+03
4.122705162916193331e+03
3.440685922687877792e+03
2.406321437928722844e+03
2.160355977895055730e+03
9.347252190661331497e+02
2.093016752454838922e+02
2.365293929930220997e+02
5.610268116341877658e+02
