4.878013942253831488e+02
-2.547502842812458823e+01
-2.172561586328079386e+02
-4.000515874237801768e+02
-3.025741422743518783e+01
1.852387944867659257e+02
1.105654466408725511e+03
1.716285982925921417e+03
2.648406556180992084e+03
3.208370583239037842e+03
4.301147781632073020e+03
5.067406229640921993e+03
5.369858950615593130e+03
5.806841972621318746e+03
5.976655183311216206e+03
5.833693006716851414e+03
5.512343915153769558e+03
6.029020882612452624e+03
5.908199602284889806e+03
5.968681246941268000e+03
5.840022204877787772e+03
6.162205853338863562e+03
5.759996801307831447e+03
6.156265317571917876e+03
6.194186440232983841e+03
6.288323734112087550e+03
6.204084751509670241e+03
6.186075084229355525e+03
6.144114244788060205e+03
6.004211972921508277e+03
6.143279305412658687e+03
5.844300161401790319e+03
5.996565733729457861e+03
6.079053593494679262e+03
5.896231895042470569e+03
5.978310685748770993e+03
6.060072614436270669e+03
5.378817107973729435e+03
5.053858383617292020e+03
4.369382048823505102e+03
3.868517736294050792e+03
3.365674973164189396e+03
2.697490221889698205e+03
1.684010712817400872e+03
1.116891769883496181e+03
5.332011957345715700e+02
3.679088000024121925e+02
-5.751186511446985783e+00
