5.015903368944447607e+02
3.232430300187300531e+02
-3.076599037311120242e+02
-4.502481457882493032e+02
-5.386789462558331252e+02
4.717536288620195251e+02
9.236636630899497504e+02
1.830700463288949777e+03
2.537409368035424450e+03
3.398480354981916662e+03
4.196581487601622030e+03
4.759626468771004511e+03
5.514692583860339255e+03
6.003629159043201071e+03
5.890546785413186626e+03
6.203373579515926394e+03
5.990209742697355068e+03
6.062948317583754033e+03
5.993983992011324517e+03
6.155176502559086657e+03
6.086427714272022058e+03
6.237835950082280760e+03
6.319595537213659554e+03
6.189406721005603686e+03
6.575885092684845404e+03
6.464873177660770125e+03
6.553582351229096275e+03
6.427019825568184388e+03
6.354303056870955515e+03
6.172842596468248303e+03
6.368554074805338132e+03
5.871507898879681306e+03
6.313286905758206558e+03
6.152574226081290362e+03
6.311316427414159989e+03
6.046653641650532336e+03
6.373673818140368894e+03
6.042581431099903057e+03
5.232009615972998290e+03
4.910954101211023954e+03
4.019125918028564229e+03
3.708460554170501382e+03
2.589760809625105594e+03
1.835161568129205989e+03
9.220895441950337954e+02
5.074741949838903565e+02
-2.034148018866707730e+02
2.520163039038484385e+02
