8.991957301255944913e+03
8.496502061398430669e+03
7.444103126731795783e+03
8.229619476417316037e+03
7.614289476098804698e+03
7.002207160613693304e+03
6.687400305207992460e+03
5.002435118263247205e+03
4.951801997297611706e+03
4.296267121925431638e+03
2.176948946905805315e+03
1.153195636756603108e+03
9.935199123953813114e+02
8.336638090862105628e+02
7.209595967829440042e+02
2.978379383957322375e+02
6.238823732497940000e+02
2.520232337099986069e+02
9.822911651166599540e+02
6.119890163632004487e+01
1.866074122658496606e+02
1.142131333150384762e+02
2.726081319942848040e+02
4.449735620309242279e+01
4.230880057222516371e+02
8.577169122195988038e+00
2.176670714538503830e+02
3.641309839086731159e+01
4.887612970215627684e+02
5.146129765270071630e+02
5.546005436261881272e+01
4.837961603258548280e+02
6.742793989973587259e+02
1.788673050917457203e+02
6.841373188560128256e+02
8.934535187530536859e+02
4.585970855153524326e+02
1.561546797262756854e+03
1.467511252646638013e+03
1.940360265732366088e+03
3.314457989975410783e+03
3.275046022278324926e+03
4.874815864748405147e+03
4.776533876924758260e+03
7.395902681403862516e+03
6.428095647944610391e+03
7.089363438845435667e+03
7.210735373340961814e+03
