6.389595162209718183e+03
7.726189240617971336e+03
9.636044901893992574e+03
7.450771845605102499e+03
7.350550354149329905e+03
6.434111257187222691e+03
5.826964310531247065e+03
4.895258047092420384e+03
3.957659792027479853e+03
3.325323388727902966e+03
2.112644176470249022e+03
2.110485427897340742e+03
1.285733505698095769e+03
9.830027714867036366e+02
1.420940143801896625e+02
8.475566972874624980e+02
6.261603119676373126e+02
3.373528316425741025e+01
4.778662927840204588e+01
1.915236689216160073e+02
2.115030981173492819e+02
3.854079226117049188e+02
1.023184314596217348e+02
2.659615000041035273e+02
-2.240001174205978316e+02
-9.519422868446195451e+00
-6.572679942407329889e+00
-1.954213547069215906e+01
3.701324881940851697e+02
1.455991029148648863e+02
1.965340349370939350e+02
4.016525970242138897e+02
3.481050230087797672e+02
-4.741785518424580204e+01
2.719490015368179456e+02
8.154995828159443363e+02
5.298500800591762072e+02
1.348945751091590864e+03
1.256229512544978661e+03
2.567724846930464082e+03
2.516489490186386774e+03
3.397203164394166834e+03
4.522749247463044412e+03
4.983418052228520537e+03
5.864510063709583847e+03
7.020664059421143065e+03
6.391625190115948499e+03
7.524191446233084207e+03
