3.742678791990155105e+02
-1.887643813651359324e+02
-3.493547858948510907e+02
-3.158512795880228623e+02
1.046565648496890191e+02
3.750460027993065069e+02
6.674986022855899819e+02
1.899155764917121587e+03
2.684656359089631223e+03
3.483590418996039716e+03
4.373895969465357666e+03
4.951048716026844886e+03
5.250315398686529079e+03
5.166736881076772079e+03
5.758770844459450018e+03
5.890601105895108049e+03
5.923475112535421431e+03
5.794040975298336889e+03
5.852834931851867623e+03
5.976270623753079235e+03
5.999670930312579003e+03
5.983099799011268260e+03
5.854353368217860407e+03
5.696602267204350937e+03
6.167733406988148090e+03
6.415802437659775023e+03
6.299856617855467448e+03
6.131879651039026612e+03
6.237856641862689685e+03
6.268833354328900896e+03
6.080378144784818687e+03
5.815061690728550275e+03
5.882142276515538470e+03
5.593916032200538211e+03
5.799360494177194596e+03
5.738521986372877109e+03
5.222697315635655286e+03
5.885128094163680544e+03
4.705399324612993951e+03
4.708012816363220736e+03
3.846908938388713523e+03
3.473339295659015079e+03
2.451934802621576182e+03
2.061229061081302461e+03
9.649551716163638275e+02
6.136131771979129326e+02
2.198968825730265166e+02
2.238659942741070381e+02
