6.153430401873151823e+03
7.624123317884232165e+03
7.425217488660392519e+03
7.538752934546536380e+03
6.663760959493224618e+03
6.328321256201400502e+03
5.460122026640086915e+03
4.675613189661095021e+03
4.003223020123667084e+03
3.124847338610080897e+03
2.354215605061602673e+03
1.603071209001334182e+03
6.494209277707162755e+02
6.610072575392867975e+02
8.042945300361124055e+02
2.963069770370228184e+02
4.305621178234919171e+02
6.624353485387375713e+02
5.230383019049737641e+02
3.233041681764231612e+02
2.440564098894653569e+02
1.652617193569917049e+02
3.696021680081643126e+02
4.525911789020595393e+02
-1.714618545887131802e+02
-1.430176095871779296e+02
-3.366419362234914274e+02
3.775729102475457921e+01
2.681536327366271735e+02
2.827040294290662814e+02
3.879014314694336463e+02
2.469865504114225701e+02
6.681625693813709859e+02
5.951039700739910359e+02
3.386040663866810405e+02
3.576293009746613620e+02
6.384817636354878232e+02
8.724272734836105201e+02
1.179041118815978052e+03
1.539634206341375602e+03
2.757390553444428406e+03
3.196271407983522749e+03
4.327992657999808216e+03
4.956979232767653230e+03
5.860114849205137034e+03
6.324955061008637131e+03
6.636059210647930740e+03
6.752363896217562797e+03
