6.355123103161128711e+03
7.179155982560000666e+03
8.075314277489389497e+03
8.407713895876810057e+03
7.285576494190250742e+03
7.299964396713788119e+03
6.139022334167994813e+03
5.211794529132892421e+03
5.390971826775573390e+03
3.045922693174918550e+03
2.414602641385107745e+03
2.416577642575190112e+03
1.584364585942741314e+03
3.074996797522648535e+02
1.004475092565006094e+03
1.137370768603948818e+03
2.520339747762854756e+02
3.577982848063879828e+02
5.373097928112202908e+02
4.919266040503163140e+02
6.865282598136094521e+02
-1.669568991593158671e+02
9.109656574374731974e+01
-1.342241774857697010e+02
-1.100491913736530307e+02
2.233875348379202990e+02
-5.463942551830687080e+02
-5.447167118389577922e+01
-2.228151370310849586e+02
3.786334950670552644e+02
2.373789121672402018e+02
4.266736154747201226e+02
2.793763389204263490e+02
8.941140435247120877e+02
2.849307088428570864e+02
4.848881191701586886e+02
7.495233195952205278e+02
1.187676572514102190e+03
1.445713005099032443e+03
2.325091309621636356e+03
2.722498027267458383e+03
3.762978930496211888e+03
4.774927951473418943e+03
5.218202395182718647e+03
5.848680945961585167e+03
6.351229206921739205e+03
6.700414442078426873e+03
7.848837678850395605e+03
