7.899224703220665106e+03
8.111083989578416549e+03
7.491927180292467710e+03
7.350479004138090204e+03
6.947980349958789702e+03
6.949220628754073914e+03
5.503707755910098058e+03
4.869680162796685181e+03
4.139942448975472871e+03
3.350583259437873949e+03
2.204931323713884467e+03
1.675407558779895908e+03
7.915278266401004430e+02
4.922449434612393020e+02
5.479312273247703615e+02
2.908027161586844613e+02
7.568861869846881518e+02
4.025906414720832913e+02
5.161744035255081826e+02
1.605653055521043768e+02
2.881186686370100460e+02
1.682742218231072115e+02
1.412986812440423989e+02
-4.325405104320034155e+01
-3.129156989143063470e+02
-3.415474098976918640e+02
-5.172397370925946092e+01
-4.065356480123524534e+02
-2.138194339189682580e+02
2.505582065535216429e+02
5.041897355638818681e+02
-1.495191827712940267e+02
5.001685422614584127e+02
1.482987097613111018e+02
2.903538788753755853e+02
7.931319438073628589e+02
4.067514549965808897e+02
1.300918732137396319e+03
1.925083880475565138e+03
2.102384182899466396e+03
2.601244036805845553e+03
3.414463751658202000e+03
4.102468903806821800e+03
5.473294487629571449e+03
5.736517714638108373e+03
6.030851716916875375e+03
7.013682117683038086e+03
7.829884345256190500e+03
