6.164280546700892955e+03
6.823412256022817928e+03
7.197150577914032510e+03
7.131512041906146806e+03
6.707838142076220720e+03
6.557726434520258408e+03
5.600028182130045934e+03
4.533324017548624397e+03
3.858716908558154500e+03
2.817458015540143151e+03
2.638764904854228917e+03
1.754334793144161267e+03
9.458692537654620764e+02
7.296343979777791446e+02
7.098823735087995601e+02
6.623443737262330160e+02
3.675549797520881725e+02
3.591640304913854038e+02
5.051369821076305016e+02
2.370237482472817021e+02
1.847454261692185185e+02
1.860218510392809605e+02
2.073682138979014837e+02
1.663986419761464219e+02
-1.941869283181754327e+02
1.609755650075307472e+02
7.435375821162068632e+02
4.524024902548716227e+02
4.823078083325344778e+02
-3.284641955864693159e+02
-1.230881656406453288e+02
2.034138636008876801e+02
7.658110781397220990e+02
1.915684798726017277e+02
4.309011578133665239e+02
8.201712395826688180e+02
4.508421066858783206e+02
7.894636900547809546e+02
1.207087962996038868e+03
2.025824504030791104e+03
2.410886374716211776e+03
3.000680644525344178e+03
3.701304150947764811e+03
4.722469942112582430e+03
5.483922528199595945e+03
6.288341950767011440e+03
6.090374406036449727e+03
7.023338915979369631e+03
