4.794586751727759406e+02
-1.613710809633674899e+02
2.278629675035274360e+01
-7.485510822334615568e+02
8.192320833507041300e+01
3.257539829386311112e+02
8.439776728040352509e+02
1.619786643373998004e+03
2.686213891092750600e+03
3.645081953704257558e+03
4.209348822841116089e+03
4.199174897171854354e+03
5.140021653018713550e+03
5.285019089277619969e+03
5.952061324627044087e+03
6.003898507788848292e+03
5.518418876553017071e+03
6.020528623492616134e+03
5.927994052641085545e+03
5.999930886125078359e+03
5.828029053403761282e+03
5.855366504837604225e+03
6.085702358746318168e+03
6.446167669652619225e+03
6.391775178987112668e+03
6.450797495312625870e+03
6.373132157133200963e+03
6.255054111996998472e+03
6.423414548691264827e+03
5.949515267221136128e+03
5.967867657936773867e+03
6.269861961166947367e+03
6.137191315665384536e+03
6.039888887936344872e+03
6.217877080688053866e+03
5.802052841247697870e+03
5.816759130582809121e+03
5.608430160539664939e+03
5.139041709099815307e+03
4.824785044622611167e+03
3.965952418317304364e+03
3.329182341658964560e+03
2.635120880487271279e+03
2.124998009347417337e+03
1.126228313490295932e+03
4.499410053372612879e+02
-7.954014123619816701e+01
3.595397690755143572e+02
