7.936915961654789498e+03
1.030857929749774848e+04
7.336115901255218887e+03
9.380538190442648556e+03
8.837544729577353792e+03
9.059770194438528051e+03
9.695344818469302481e+03
5.723927883019872752e+03
4.166771810845157233e+03
3.475349407700513439e+03
3.426747479598208884e+03
1.969217532925847991e+03
1.971530821937252767e+03
1.277643038125632074e+03
9.381164907731522362e+02
7.519124376040795141e+02
3.088758281495501592e+02
1.650303903320988468e+02
8.700522977457804927e+02
2.443271072455884791e+02
5.968954647091370589e+02
4.381307113643379125e+02
1.409243761423672936e+02
-3.046844027685646097e+02
2.757255144544836867e+02
-3.373425483686152688e+02
-1.660170545139396268e+02
4.611130975399389342e+01
-1.480334660241856852e+02
5.793619454939511115e+02
1.681707383470897241e+02
4.048941932395121626e+02
4.567814511994757254e+02
4.142453620949296464e+02
8.756832814759600296e+02
6.581320879127846410e+02
7.940127989497664203e+02
1.862813744269446488e+03
1.811604856956309050e+03
2.004724137749534066e+03
3.458511362213395387e+03
3.936682495321147599e+03
4.180866193345001193e+03
6.755005094861926409e+03
8.370673674697649403e+03
6.435653004689271256e+03
6.652973217938095331e+03
7.316358558995661951e+03
