6.405855859151000004e+03
6.816791411050347961e+03
7.292038947224167714e+03
6.941104314750095909e+03
6.854224319185615059e+03
6.034269925064901145e+03
5.800002189222195739e+03
4.759495538173651767e+03
3.999142409255633538e+03
3.131820465039636474e+03
2.266127271281450248e+03
2.021735775389103765e+03
9.189960505001963611e+02
8.946187942739219352e+02
5.990219387443922869e+02
6.990396130393288558e+02
2.793337681996196125e+02
6.446964659834477516e+02
-1.400036641417221972e+01
5.773817917441914460e+02
4.982408696597858579e+02
5.265576876538779061e+02
-2.249837116700087236e+01
-8.553700423911801920e+01
-1.389391432456158100e+02
-1.159134981879222863e+02
1.777915105770008211e+02
8.448280074573591492e+01
4.938758334421402765e+02
2.851084378990193500e+02
3.367113658876526756e+02
1.936700315634338949e+02
2.969346798149002211e+02
3.732974019287312899e+02
1.454525015120827902e+02
2.098228682896026385e+02
5.623978172377471765e+02
6.425589074924564557e+02
1.369027681915599032e+03
2.020668011127798536e+03
2.466537359299329182e+03
3.370517697100385249e+03
3.514930496038678939e+03
4.917065380856995944e+03
5.441335041359693605e+03
6.137544640648116911e+03
6.484349953714170624e+03
6.789228942426170761e+03
