6.772182886884513209e+03
6.866814366556161985e+03
7.175646886656354582e+03
6.789112520429494907e+03
6.603664359128759315e+03
6.662408762087798095e+03
5.944622005020123652e+03
5.059136706983145814e+03
4.118756112312187724e+03
3.043266080850056824e+03
2.583109060102745389e+03
1.239695094466038199e+03
1.058800279178302162e+03
8.246998629170690265e+02
3.745848082818915259e+02
1.556988934924889918e+02
4.835856891085936695e+02
3.932244714880435481e+02
4.369073121463396205e+02
3.422598076396951683e+02
3.026899235638333039e+02
4.728626915835605473e+02
-1.565089248424665129e+02
2.211842390003064054e+02
1.149246569480133076e+02
5.366626066408787921e+01
4.073577911124434792e+01
3.297274339940677805e+02
2.011286502907592819e+02
2.722149846565974372e+02
-8.624570954188506278e+01
1.398481149708204612e+02
2.409342369613080166e+02
2.796037385144422274e+02
5.887795670954277512e+02
1.272330980671400269e+01
6.720927305514234149e+02
2.235564840073699031e+02
1.395749871530528708e+03
1.873541660231057676e+03
2.616847540165201281e+03
3.155564307168794585e+03
4.158243293211567106e+03
4.762281936821144882e+03
5.813734090771202318e+03
6.470517545598948345e+03
6.820244818318074067e+03
7.238817407303205982e+03
