5.156800289792664671e+02
-1.516910470762159946e+02
-3.279998596417083832e+02
-5.390149941491935124e+02
-3.273549430391443860e+00
5.062994213182393537e+02
1.344694099483256650e+03
1.901908070636332923e+03
2.484421678834889462e+03
3.317103516326633326e+03
4.041131944147371087e+03
4.715966695754479588e+03
5.335925542738771583e+03
5.515338673874827691e+03
5.598190788747730039e+03
5.588891662948024532e+03
5.710351463496347606e+03
5.877336510747259126e+03
5.523096915432767673e+03
5.952336212695255199e+03
5.857508451655608042e+03
5.768938123108734544e+03
6.011686328700908234e+03
5.966006155818092338e+03
6.231079665066127745e+03
6.113448144718903677e+03
6.518344849445840737e+03
6.068803936460795740e+03
6.298880479475269567e+03
5.710897413478349335e+03
5.810242972938865933e+03
5.683006868883817333e+03
5.665477260122132975e+03
5.812961248226417410e+03
5.675695815985848640e+03
5.714270680810023805e+03
5.579869049934353825e+03
5.343041239554494496e+03
5.067777770304907790e+03
4.769232081904713596e+03
4.190647397301044293e+03
3.332258531515427421e+03
2.133625227312333209e+03
1.686038738407414030e+03
1.003519489216773877e+03
6.810126957313187859e+02
3.629816155619646452e+02
4.322509932976582263e+02
