4.005442264258908267e+02
2.719946336117914143e+02
-4.543273331840392188e+02
-4.733898312242630482e+02
-3.025882849815905047e+02
5.577665893522024589e+02
1.021156063410398815e+03
2.054081999665756939e+03
2.607436492875409385e+03
3.653661549693283177e+03
4.680884845255261098e+03
5.055939229722321215e+03
5.004048686018542867e+03
5.713091294822199416e+03
5.528538087833718237e+03
5.834981557738331503e+03
6.083290389033154497e+03
5.795961848907296371e+03
5.740854788895812817e+03
5.699778975326796171e+03
6.236057808730736724e+03
6.225034380175685328e+03
6.044844957847717524e+03
6.644286470419940088e+03
6.245941690773841401e+03
6.659514706583091538e+03
6.464995705324318806e+03
6.428093697141476696e+03
6.093006898013935825e+03
6.197990535138570522e+03
6.313188534021434862e+03
6.071250673996849400e+03
5.805449072212939427e+03
6.523811441916594049e+03
5.717771068570163152e+03
6.060878638514551312e+03
5.796724249359915120e+03
5.380071689525781949e+03
5.284598810473360572e+03
4.409955637484071303e+03
3.854720405497020238e+03
3.235946741445396583e+03
2.724024609653711650e+03
1.950640930011229784e+03
8.348266378851017180e+02
9.146910612591442487e+02
6.903100354172117932e+02
2.831973114183047073e+02
