6.315092343437621821e+03
6.421077120726192334e+03
6.716938040951473340e+03
7.282824017334984092e+03
6.438596335552604614e+03
6.490802420572178562e+03
5.410220492881701830e+03
4.395514037195667697e+03
3.764652819427279610e+03
2.865824952222584670e+03
1.961069938959263709e+03
1.579790618251233582e+03
1.250159868925531100e+03
9.777656748939189129e+02
2.237638745201903703e+02
6.280785176303783146e+02
6.755275221992299066e+02
8.422347144288879690e+02
2.195815399326104682e+02
3.552176743313477232e+02
6.475364402725583091e+01
2.114505251313623546e+02
-3.494757092757168238e+01
2.526989910428573012e+02
1.027995308578028357e+02
-1.538829595905936003e+02
3.406426090300243459e+02
2.272946463206336531e+01
3.525829458802974727e+02
-7.439699385192480463e+01
9.190418080220503327e+01
3.161430636570446495e+02
2.603577057650819029e+02
3.385919127495485554e+02
2.846311600787576594e+02
3.727774050897516531e+02
6.207673341062122745e+02
8.067220540368433603e+02
1.678347428559928403e+03
1.723626849802952165e+03
2.353264329599702251e+03
3.424526654348028842e+03
4.101662227907456327e+03
5.211210591456522707e+03
5.271531593941463143e+03
6.085196558757754246e+03
6.311281072011266588e+03
6.847188524216663609e+03
