7.655060305909457384e+03
7.257883571589268286e+03
6.754682196309258870e+03
7.819763722568328376e+03
7.084545675419818508e+03
6.342485169671767835e+03
5.159180131271596110e+03
5.363524380377105444e+03
4.136652727064885767e+03
3.513878488259465939e+03
2.546469319714980429e+03
1.858092020245657750e+03
1.110757350913197115e+03
1.264526076711674477e+03
3.129483805893863178e+02
6.443669353444682883e+02
4.162801149519546016e+02
3.981630700582160216e+02
4.892841875830411595e+02
1.667461839768249945e+02
-9.072784911216166392e+01
1.505908395514741756e+02
1.628379910955472383e+02
1.746381442597192972e+02
1.987056919352034257e+01
1.820097115389578164e+02
3.899857361844361776e+02
4.182703457204843858e+02
-5.779674434812707062e+01
5.606015650438132525e+02
2.291531623784819089e+02
3.937729717225026889e+02
9.688625908535836118e+01
3.105005100467903958e+02
1.209067259859351253e+02
7.025587999024489818e+02
4.756463770616809370e+02
1.205075592269186018e+03
2.001316863368257600e+03
1.957376781909171314e+03
2.500084075782815034e+03
3.323586921582952073e+03
3.838068030514172278e+03
5.356601360157099407e+03
5.417527588832594120e+03
6.198244190951995733e+03
6.558886452669687969e+03
6.983806789149054566e+03
