2.866886391172233175e+02
9.654862115721839189e+01
-2.828843449130050658e+02
-4.020730759986698786e+02
-2.346980245639597342e+02
5.364181852011917044e+02
9.889345410097015474e+02
1.685004598447129638e+03
2.824649207687766648e+03
3.768286080681808016e+03
4.056039834649615386e+03
5.091331463605690260e+03
5.408091612712782990e+03
5.430699522908383187e+03
5.600045733184178971e+03
6.022378345447094034e+03
5.936150045346780644e+03
6.046042107731153919e+03
5.819463065950146301e+03
6.050037434823345393e+03
6.271952171692362754e+03
6.259771662785637091e+03
6.531945082091559016e+03
6.379916704149711222e+03
6.741005673793414644e+03
6.488948371730271901e+03
6.853999725229745309e+03
6.109022076280791225e+03
6.564029576603361420e+03
5.885183406512155670e+03
6.034437115601162986e+03
5.888840835422244709e+03
5.922597480252253263e+03
6.006558818745510507e+03
5.899396019912433076e+03
5.852718531360270390e+03
6.029577162972078440e+03
5.165583639451280760e+03
5.028538305610231873e+03
4.391044811692469921e+03
4.127205555462198390e+03
3.359833819590721305e+03
2.607874450342285854e+03
2.119335339482334348e+03
9.805918349498205089e+02
2.786702534710358350e+02
7.177581354057425642e+02
3.199646801159357210e+02
