2.371697754913796530e+02
-8.395085972946669983e+01
-7.920969163791086203e+02
-8.772182108456023286e+01
2.475214551806385828e+02
4.790783665211172888e+02
1.225969923468142042e+03
1.822858930098009523e+03
2.172846175933845188e+03
3.569876903079844396e+03
3.736802218658566744e+03
4.720120053744162760e+03
5.227063672978396426e+03
5.084418203000844187e+03
5.453134302088678851e+03
5.519289711091691061e+03
5.825308098219880776e+03
5.896842548669630560e+03
5.798784601326772645e+03
5.634711081342554280e+03
5.948560930328772884e+03
6.023646135528672858e+03
5.927784202641262709e+03
6.150310000061248502e+03
6.407470222484358601e+03
6.021240353489837617e+03
5.885017439911549445e+03
5.878467716125904190e+03
6.020547737364612658e+03
6.021791851295884044e+03
5.529282316671447006e+03
6.024352031270229418e+03
6.013318718637238817e+03
5.859852641095449144e+03
5.611575336029066420e+03
5.890203453542168972e+03
5.476516693084156032e+03
5.622153010568704303e+03
4.934645994202393013e+03
4.399864710685847058e+03
3.860979044443715793e+03
3.274606596471218381e+03
2.733321449548347118e+03
2.145255791430814043e+03
1.160732588715318116e+03
4.139512699518897989e+02
-1.643248832152040677e+02
1.464866602035615983e+02
