6.011217880538561076e+03
6.255486997687103212e+03
7.441295837898183891e+03
7.122830025508599647e+03
6.435100175481750739e+03
6.353033488672685053e+03
5.642429356884062145e+03
4.783828640148853992e+03
3.909606434950698713e+03
2.663666641508573775e+03
2.296675295956315949e+03
1.319731634537088667e+03
1.004688432275176524e+03
7.823842370558778612e+02
6.874544893882425640e+02
8.221519633418241710e+02
5.900095818040000495e+02
2.768030869356306312e+02
5.007725383636218908e+01
2.899033178707093228e+01
4.684399229023213707e+02
6.605903054684508788e+02
1.080188667338849484e+02
1.346708196159747501e+02
-2.103947182448667093e+02
2.366825283039336227e+02
1.268923490587800558e+02
4.509243890716361989e+02
5.133583037778532798e+02
9.644599469463537389e+01
2.588697595671812337e+02
-2.619149616400447371e+02
1.795813715045657659e+02
9.942768355395590163e+01
7.055854082193432077e+02
5.136085014576669892e+02
4.937937271003887076e+02
9.590923875484965038e+02
1.285368100946451477e+03
1.477612324600256898e+03
2.537080727662714708e+03
3.216390765101114084e+03
4.164813761012942450e+03
4.559311427697663021e+03
5.572940219811009229e+03
6.264370863284841107e+03
6.753087748133465539e+03
6.669129978990625204e+03
