6.597824914734994309e+03
7.115790273647177855e+03
7.029386642858336927e+03
6.984963926207419718e+03
7.352336472820299605e+03
6.321083253462971697e+03
5.604415774357238661e+03
4.642168945149212050e+03
4.075040309273754701e+03
2.980487180858282045e+03
2.540140097312998023e+03
1.763602344759152857e+03
1.249709164002919124e+03
8.794880287693938499e+02
5.747483035875866335e+02
7.645804133856207727e+02
3.539456675429324264e+02
4.402890618031429995e+02
3.930258386392770262e+02
8.562634420758514580e+02
6.077529431801644932e+02
1.703853771736606859e+02
4.328177968304322007e+02
-2.245854697331639613e+02
5.948330852276571079e+01
4.869868881862301180e+01
7.247570099515874631e+01
6.792360937871823046e-01
-1.444740668607616669e+02
1.183871486768089909e+02
3.080930573890915412e+02
-8.444373780348649916e+01
1.362378828176443051e+02
1.737276099292855349e+02
6.626368357592926941e+02
5.947684138418953808e+02
5.451137191738133652e+02
1.048388513352388372e+03
1.173489804242296486e+03
1.770381374604961593e+03
2.588295838800291676e+03
3.663078785114495986e+03
4.390434591756450573e+03
5.004541477297137135e+03
5.618561497294709625e+03
6.176500713261555575e+03
6.654736408263286648e+03
6.982675341426829618e+03
