6.790582408006163860e+03
6.804838780522005436e+03
9.551172649732070568e+03
7.962299637475836789e+03
7.007001187911692796e+03
6.406412205330195320e+03
5.982648171474002083e+03
4.447768589959777273e+03
4.043851040698235920e+03
3.308386596148151057e+03
2.399443424306481120e+03
2.175926540686148201e+03
1.128617610807912115e+03
7.319220815208001341e+02
7.176644015520470248e+02
5.828691030447946559e+02
3.207351451190421017e+02
4.998568098692070976e+02
5.626658282993606690e+02
3.069915155233401833e+02
5.061620339379672942e+02
5.409133284465774523e+02
-1.995723860514132468e+02
1.020557752419570363e+02
-3.124338161608016549e+02
-1.156456323311342658e+02
-3.279908622027350589e+02
7.059851232785406694e+01
1.257410460148207498e+01
4.602297588307839646e+02
3.698277156170443618e+02
6.117073654201620911e+02
5.407133337388361269e+02
9.811950144558838360e+01
2.498718196479368316e+02
2.745176142897162777e+02
6.390197667891069386e+02
1.088326650279285332e+03
1.437424556087520841e+03
1.737269480785009591e+03
1.943399809617070105e+03
3.099761648455967133e+03
4.279978225467222728e+03
5.458087435869196270e+03
5.710144862667544658e+03
6.112475043111344348e+03
6.499248948015749193e+03
7.415041617484699600e+03
