6.617398966845456016e+03
6.985122633768281048e+03
7.555015478816793802e+03
7.274860089168974810e+03
7.139477771194912748e+03
5.991708525478857155e+03
5.841316923304589181e+03
4.926095828320835608e+03
3.890687482025910413e+03
2.981476623727689002e+03
2.451604906340914113e+03
1.384168445290729323e+03
8.923248821045572186e+02
6.550654402020551288e+02
9.304003385277621874e+02
4.041705850081003177e+02
5.416179709030086542e+02
6.930587142806360816e+02
3.738817720972185157e+02
4.913305681589654341e+02
5.664066644488458024e+01
9.272051877681758469e+01
1.996053453697748807e+02
-2.009238431841885983e+02
3.191878088234564643e+02
2.690197986368758620e+02
8.849550041734936201e+01
6.658373822621955540e+00
3.366921411511967790e+02
1.925240495397185043e+02
3.677416158325930837e+02
2.860698021445508061e+02
3.985863583392143710e+02
5.922214989675073866e+02
4.304325102728207639e+02
1.054146882030639460e+02
9.909583731779920299e+02
1.080912750297842877e+03
1.293639992730179074e+03
1.620424155892834960e+03
2.494869560629362695e+03
3.574473457086533017e+03
4.225079078486833168e+03
4.873503966816841057e+03
5.750469150217118113e+03
6.221697461295686480e+03
6.712480954971797473e+03
6.538307022369865081e+03
