3.668834824389843448e+02
7.391523109814691850e+01
-2.410944165931452119e+02
-2.892264228970246904e+02
-4.018844838940437967e+02
4.914066098470764814e+02
1.039999570135315253e+03
1.895861409733008713e+03
2.828430002452195822e+03
3.401674572273700051e+03
4.114124029799025266e+03
4.630727027595008622e+03
5.017785328886494426e+03
5.323999278985944329e+03
5.569111167171945453e+03
5.572742328538227412e+03
5.704381374823857186e+03
5.757285220466043029e+03
5.917527421702028732e+03
5.658763152913065824e+03
6.057216389260396681e+03
5.795170120289751139e+03
5.995422136317488366e+03
5.984185571986300602e+03
6.325481115397569738e+03
6.124537466626360583e+03
6.430689262321662682e+03
6.087999605321363561e+03
6.285618392033267810e+03
5.996825565873153209e+03
6.304824585208780263e+03
6.211887304726038565e+03
5.716628056728368392e+03
5.615683768654853338e+03
5.970752650799463481e+03
5.976878893452862030e+03
5.707621064739699250e+03
5.587017756573727638e+03
4.849931556038566669e+03
4.245966815781655896e+03
4.050913261022229108e+03
3.140950403230508527e+03
2.485408901333702943e+03
1.715208214604942896e+03
7.565423483485456018e+02
1.933612024760513464e+02
-2.808985523693216351e+02
5.366983721313464173e+01
