6.434011457988194707e+03
7.028179091129889457e+03
7.555693681464297697e+03
7.270919031671113771e+03
6.969933838977485721e+03
6.443750398964342821e+03
5.517567689687682105e+03
4.711339843464180376e+03
3.676624855818324704e+03
3.064343571881004209e+03
1.893066832759770932e+03
1.524317438291032659e+03
1.181915229805761328e+03
2.468719277526462577e+02
3.413796709955495885e+02
5.299368278142381996e+02
4.077989520791397808e+02
8.142747673391770604e+02
5.803553326463612621e+02
1.085849365219093841e+02
2.429838103193378913e+02
7.647056208144822449e+02
4.498153611433576202e+02
1.225856018159471184e+01
2.030600435534850021e+02
2.883818789505026530e+02
-1.472633491294297698e+02
-1.782526182390709550e+02
1.650954097397578266e+02
-5.165860884272175468e+01
3.881240187849070367e+02
3.871049096396953360e+02
3.280531137996983944e+02
1.347223659532982936e+02
4.850090804483609190e+02
7.506335771837909761e+02
4.807564452854431352e+02
6.016221064904929108e+02
1.088611874975410728e+03
1.910702977641725511e+03
2.391743946046340170e+03
3.723682817007535505e+03
3.780245142054136522e+03
4.795893920830044408e+03
5.913133237862596616e+03
6.102545837921338716e+03
6.502762718981432045e+03
6.506340757063291676e+03
