7.935164843816769462e+03
8.518775119737225396e+03
1.120068661477775640e+04
9.533817371401646596e+03
6.976502691092437999e+03
8.380385492577393961e+03
6.790587428151985478e+03
5.537351240490270357e+03
4.465119388299949605e+03
3.145701340016048107e+03
3.708081701188266379e+03
2.933446661982821752e+03
1.354935375531485533e+03
1.459825404990431480e+03
3.799105659639114947e+02
1.065401720076542688e+03
5.483850786170341962e+02
3.756842899575115098e+02
4.981601867982543581e+02
1.621360948962819180e+02
7.799270232148549553e+01
8.681415001559491884e+01
3.868428158396364438e+02
-7.486289135244693682e+01
-2.580549983606467208e+02
2.347713264662130683e+01
-5.200361998236015637e+00
1.610901428273430440e+02
8.124706207548976522e+01
6.719559842947392099e+02
4.469028281213636546e+02
-6.809555301695978358e+01
6.256908792757805031e+02
1.937562987224274309e+02
6.464634196475899444e+02
5.660978516625287966e+02
1.199896403502030125e+03
1.195257310664342640e+03
1.893497030707271506e+03
1.813948843999512746e+03
2.763052082895831063e+03
3.411816563009539550e+03
4.693565837122030644e+03
4.381835927077381712e+03
7.558514444673616708e+03
8.229361342752930796e+03
7.955858514152724638e+03
7.874988046211240544e+03
