6.045006077453738726e+03
6.686553313175778385e+03
7.053338753709439516e+03
6.573794964570842239e+03
6.863717689285598681e+03
6.218881230507221517e+03
5.611422174310419905e+03
4.813606808826173619e+03
3.548850057647062840e+03
3.120224139463395204e+03
2.281590083423134729e+03
1.408247723349515354e+03
8.395433452812366113e+02
7.393604780404713210e+02
6.806077170362731295e+02
9.027447201622217108e+02
5.422396370933935259e+02
4.066936877796161411e+02
3.955032148492481952e+02
3.785402712843853692e+02
3.535033721577490518e+00
2.416093254655934004e+02
-5.077744306351119263e+01
-1.224036901667367943e+02
-1.007882453874275370e+02
-2.542754256766077106e+02
-1.284495244803633227e+02
-8.214977556050762075e+00
1.949463458371567981e+02
-1.583253429417545419e+02
4.865848195560539011e+02
3.014519585518110034e+02
3.090803014671403730e+02
7.308687267014488498e+01
6.574377497424138710e+02
6.570393768678515016e+02
8.155921078631284900e+02
8.179398915032211335e+02
1.252912941286275100e+03
1.732123430283362950e+03
2.445941140490417638e+03
3.715547932404014318e+03
3.821446979216397722e+03
4.995825321119989894e+03
5.603991592660218885e+03
5.956265715895462563e+03
6.552092919319366047e+03
6.639247224271523010e+03
