6.761674241351963701e+02
-3.929764592555663967e+02
-7.063907546445063872e+02
2.805122013064750419e+01
-1.341223011012848758e+02
5.292708707355194520e+02
1.108949968913396333e+03
2.175423675701189950e+03
2.492174304118341752e+03
3.431507348508258474e+03
4.263148741289330246e+03
4.571320700842466067e+03
4.994543102441105475e+03
5.264808009573868731e+03
5.842606637849506114e+03
5.954051103850338222e+03
5.369559537737105529e+03
5.665947779578614245e+03
5.817895513834168923e+03
6.230104219632623426e+03
6.019956570788753197e+03
6.071577272186985283e+03
6.090324889385385177e+03
6.210115579672833519e+03
6.238961426565555485e+03
6.097556628224226188e+03
5.699951298926845084e+03
6.061920382991635051e+03
6.155013799974550238e+03
5.914684011957193434e+03
5.796594382658076029e+03
5.553156713586859951e+03
5.737546108191289022e+03
6.149798006466427978e+03
5.935582850681104901e+03
5.669676572820056208e+03
5.504036162604491437e+03
5.350188079440985348e+03
4.909302329761745568e+03
4.758751149761144006e+03
3.988108632021773246e+03
3.261793349644946829e+03
2.514267805851177400e+03
2.031742505209638693e+03
1.101218063526636342e+03
3.557316352135619582e+02
1.633205741206569428e+02
5.661716896017084082e+02
