6.788960301273415325e+02
1.734552491792325668e+02
-3.521180127804166773e+02
-4.965186963879845621e+02
-3.709633138769233085e+01
3.338176124951085200e+01
7.587620737161391844e+02
1.985606959440788160e+03
2.518336220359939489e+03
3.571182092109963378e+03
4.344823729411914428e+03
4.862158075970021855e+03
5.321431388906286884e+03
5.534753263774831794e+03
5.910376059752524270e+03
5.875654616604601870e+03
5.987825045828980365e+03
6.224864866627235642e+03
6.131804368445990804e+03
5.985696823089607278e+03
6.116214847505241778e+03
5.913233239568098725e+03
6.127935645604541605e+03
6.675755536881672924e+03
6.110783293376849542e+03
6.017538971657074399e+03
6.255247331631428096e+03
6.233560890643530001e+03
6.269999199556998065e+03
6.125303361815403150e+03
6.368858088689150463e+03
6.108243230411133482e+03
5.881435954293018767e+03
6.056624302379682376e+03
5.866842642965510095e+03
6.031833142099855650e+03
5.807165147746243747e+03
5.605396917662796113e+03
5.039451711771757800e+03
4.873390524232535427e+03
4.314159122628877412e+03
3.269752935479608823e+03
2.888312735918701037e+03
1.653556458864246679e+03
1.101668238795933348e+03
2.185273296543237791e+02
3.122035160916749987e+02
3.826141696680226119e+02
