7.989529317041637114e+03
8.099343861642090815e+03
6.689267686199910713e+03
6.893542891213377516e+03
7.279030570025654015e+03
8.980743307790349718e+03
5.630069725242595268e+03
5.507113790176887960e+03
4.406092314935587638e+03
3.230263931908520135e+03
2.254769443240793407e+03
1.496651242167339433e+03
1.879192812755434261e+03
1.147368376191782772e+03
9.049240719649782250e+02
7.847947590504875279e+02
3.832232147434476133e+02
3.000343235137948739e+01
4.011618482485857271e+02
4.755220281719614945e+02
7.640863420588955250e+02
2.836380960056681033e+02
2.343995159087262152e+02
2.466677140287682448e+02
-1.355944359581502852e+02
1.073465559703027310e+02
-9.413048718876754606e+01
2.669354795272441834e+02
3.760431433377569022e+01
-3.154081239822425431e+01
3.802030829582096203e+02
5.814109618978825438e+02
6.438645270937730629e+02
5.806916284245924089e+02
6.161590503268546399e+02
4.756411984027880635e+02
4.631785842015154344e+02
1.035859408564335126e+03
1.583082992528785098e+03
1.969501714056185165e+03
3.013496919286906177e+03
4.078175058843575243e+03
4.154537751344242679e+03
5.978643748404086182e+03
6.753812230387157797e+03
6.604803813105628251e+03
6.396252604183820040e+03
7.628238091899092979e+03
