6.384022893242080499e+03
7.745312059972404313e+03
7.336709946286618106e+03
6.996700787346337165e+03
7.307210063562011783e+03
7.652082081039532568e+03
7.332981847049730277e+03
5.046643351928165430e+03
4.186574832354167484e+03
4.154680290131796028e+03
2.553232593566819560e+03
2.687854522594516311e+03
1.597446967262581893e+03
1.720877213850655380e+03
1.179263081134238519e+03
4.423409627138852329e+02
5.463838888081265850e+02
5.451922952321643834e+01
8.714713004971769124e+02
2.939582232716438170e+02
6.641352462274506934e+02
2.380776279409097071e+02
3.703225306631284184e+02
9.075504368946108968e+01
-1.500466373188068587e+02
3.060000129161977043e+02
1.552089786729248146e+02
7.034691293754630692e+01
5.796841496434924856e+00
4.954904188136041512e+02
2.504220959513241667e+02
3.419461274610994792e+02
2.637205211928309012e+01
1.118130465571994819e+03
6.969115499352416236e+02
6.864122697200214134e+02
6.836191674242644467e+02
9.783001494646887295e+02
1.967675077742903113e+03
1.842374996159934199e+03
2.529433217908489496e+03
3.674022581238133625e+03
3.796860950715594299e+03
5.556815457925774353e+03
6.005717986032790577e+03
6.675807890347298780e+03
6.877093378082328854e+03
9.777497494675399139e+03
