6.892614113017409181e+03
7.250148976106997907e+03
7.915757545219001258e+03
8.632087105383874587e+03
7.289829499679668515e+03
6.453330348911840701e+03
5.317433107929172365e+03
5.078639800565409132e+03
3.762677721990730788e+03
3.090449714228747780e+03
2.739600679172421678e+03
1.894077154354217782e+03
1.310572883984573537e+03
4.502549780340104348e+02
7.550431458836059164e+02
5.763709364891049063e+02
5.217115904665253083e+02
5.269183678632119836e+02
3.262375178144037591e+02
2.981008080940375180e+02
1.347657636987523233e+02
7.206036171266331394e+02
1.131899062519528485e+02
-4.261084757527955702e+01
2.058959810451840511e+01
-1.230554249016712021e+02
-3.188315884970913885e+02
3.583484232874798892e+01
1.014299975740291302e+02
1.809980685397574405e+02
1.812047112279813064e+02
2.051405544292702814e+02
5.004860721447998344e+02
5.655154327618789694e+02
3.561208276976189779e+01
3.521227622118824456e+02
4.848909930347625732e+02
1.003919591095656642e+03
1.114172495210387979e+03
2.182584808002785849e+03
2.523840015929203219e+03
4.680699432678032281e+03
4.097414483145821578e+03
4.648289412042980075e+03
5.583700902912620222e+03
6.421444162286694336e+03
7.048597779376070321e+03
7.672948488497303515e+03
