6.809156818484515270e+02
-9.401579237197030636e+01
-2.449186852152644178e+02
-6.385786529490250132e+02
-1.275512704432181863e+02
4.241487191310263256e+02
1.095363568738971935e+03
2.122304278425253415e+03
2.522436429156488884e+03
3.232486466329027280e+03
3.959261498110480261e+03
4.435850478144851877e+03
5.051006488495468147e+03
5.114491502880040571e+03
5.484262166466634881e+03
5.656999332648128075e+03
5.359042077792772034e+03
5.570127866167115826e+03
5.569223888858170540e+03
5.817704286457550552e+03
5.740256131335958344e+03
5.726972629962240717e+03
5.806319733713712594e+03
5.663125395366459088e+03
5.766197043482330628e+03
5.994358069263294965e+03
5.773678108745440113e+03
5.978629556937525194e+03
5.768815920265601562e+03
5.873822296554427339e+03
5.348472942408500785e+03
5.674844764282207507e+03
5.750699815593565290e+03
5.501063954563232073e+03
5.509256794109454859e+03
5.713964757283414656e+03
5.505396588890684143e+03
5.182794938648608877e+03
5.005365367270910610e+03
4.034722467833213614e+03
3.716653073873275389e+03
2.782790039609252744e+03
2.404510673257083909e+03
1.745375028829744906e+03
6.073468419701699759e+02
2.556521337625840715e+02
-2.440045450045512432e+00
3.743490809444256939e+01
