-5.847282010766353011e+01
1.645543771874356196e+02
-2.117164433564484511e+02
-1.526228256498107498e+02
-1.619827924350001069e+02
4.202405043614859323e+02
9.350851430764924999e+02
1.800126063699287897e+03
2.767595597031950547e+03
3.447640945690292483e+03
4.461545258437028679e+03
4.807124130233777578e+03
5.591273246903283507e+03
5.696016996557647872e+03
5.974580957779784512e+03
5.891232584389877957e+03
6.198608128545773070e+03
5.691597755972034065e+03
6.205372629808157399e+03
5.844652198476927879e+03
6.457110817514114387e+03
6.129080686751645771e+03
6.666407671239639058e+03
5.987009349566286801e+03
6.305979270852195441e+03
6.359781915582193506e+03
6.333424414669924772e+03
6.179683742899970639e+03
6.267685726109068128e+03
6.077080651259740080e+03
6.311365236070198080e+03
6.201996705961755652e+03
6.099160074162424280e+03
5.928399386116325331e+03
5.836649440239984870e+03
6.236518115135067092e+03
5.678821560162741662e+03
5.478255423750279078e+03
5.196258296884651827e+03
4.831801549417210481e+03
4.034245289619757386e+03
2.922516962646109732e+03
2.225660551910744289e+03
1.768254294957496768e+03
1.040071129404144131e+03
2.878561466166282798e+02
1.179615507580448366e+02
-1.939111233825340719e+01
