6.409469361817122035e+02
1.568728249226627440e+02
-5.041803592161899132e+02
-7.781276295079960903e+01
-2.002456252349884664e+02
-1.558101370239579175e+01
6.873485989707603494e+02
1.963297182712830590e+03
2.649135193575325502e+03
2.940148143429315496e+03
3.940668286325532790e+03
4.176416666730835459e+03
4.989882249264039274e+03
5.241313832435025688e+03
5.406647833782626549e+03
5.534745846501921733e+03
5.441155076998560617e+03
5.428971330222861070e+03
6.062603732994042730e+03
5.589808097416799683e+03
5.500920929827721920e+03
5.718507382159360532e+03
5.772731035500096368e+03
5.855934365283336774e+03
5.679585485441544733e+03
5.988903142087039669e+03
6.282434977713513945e+03
5.669686463029094739e+03
5.767466911656799311e+03
5.763322641920933165e+03
5.589883416493867117e+03
5.850182200122685572e+03
5.559181289229546564e+03
5.819366948205695735e+03
5.695456231867041424e+03
5.618395597922876732e+03
5.123083546432039839e+03
5.179344572384322419e+03
4.713053774406689627e+03
4.497677907961076926e+03
3.957016821146499296e+03
3.362392868735550564e+03
2.282809589400892492e+03
1.376148043332914767e+03
1.052385331956523487e+03
7.146514251293268671e+02
3.727446347558242223e+01
2.311614952839815658e+02
