6.010547959104776055e+03
7.017934571232815870e+03
7.133736098388396385e+03
7.576649639185080559e+03
7.145341437699381459e+03
6.797063729886477631e+03
5.621093054705711438e+03
5.020515643705822185e+03
4.064604261099603264e+03
2.982943726909312772e+03
2.243958270465136593e+03
1.464763710509036855e+03
1.436540107139441261e+03
9.402114571461622745e+02
4.597348130905295989e+02
5.161295682090194532e+02
4.835366160909820792e+02
1.811101641922396084e+02
6.191560697975643279e+02
3.877777981653813981e+02
-1.056508008037447581e+02
1.644849148278656870e+01
1.532917436122994843e+02
-1.792416045457677143e+01
5.183567169828688748e+02
1.000875745245344177e+02
1.345014921821309350e+01
1.388820643584415109e+02
1.012946532972073186e+02
2.575543505072432708e+02
-7.489906523873243316e+01
4.577714712883618517e+02
3.224232392970968704e+02
4.524871888071400576e+02
1.918767418113460792e+02
4.247302676037821243e+02
8.460068169190485605e+02
7.819696621591875783e+02
1.617287935147325697e+03
2.029852794654290847e+03
2.524422473112214902e+03
3.529646341155313621e+03
3.976391992130774270e+03
4.268119761334444775e+03
6.454628400061682441e+03
6.656090611950382481e+03
6.555955921803862111e+03
6.585270354978429168e+03
