6.213696886004275257e+03
7.067205465943349736e+03
7.290820849324260962e+03
6.815438505405868455e+03
6.684293818515180647e+03
5.735464235820104477e+03
5.928796715190449504e+03
5.203936075273428287e+03
3.723719705735937168e+03
2.933613215081191356e+03
2.308313450330320848e+03
1.601750884320804971e+03
8.899050994272686239e+02
7.972370402120187691e+02
1.646562720063847109e+02
9.012238116102383856e+02
2.219780772625551322e+02
6.195717717046098869e+02
3.659175530421543954e+02
6.346088766436331241e+01
1.133982791706838071e+02
5.171702684069858833e+02
-3.797763637440499451e+01
-1.131992971079299082e+02
-1.010059010672891873e+02
1.423155989782852089e+02
3.415918362670711304e+02
-1.777933500269700744e+02
-8.915547961847823899e+01
2.781425325690406680e+02
1.764550879193802757e+02
3.932186485044127835e+02
8.456080844239048133e+01
4.189891417772365116e+02
2.717057500024390038e+02
8.192678083844665480e+02
9.665831518541615424e+02
1.231143329116576297e+03
1.286528753218607335e+03
1.785931381690456192e+03
2.234341852162152463e+03
3.329757861274920288e+03
4.202352929479878185e+03
5.154653454783649977e+03
5.524227841886928218e+03
6.344261533455744029e+03
6.627353314628857333e+03
6.459631083385612328e+03
