6.604536491128149464e+03
7.973828467478532730e+03
8.018093660155144789e+03
7.655618858582193752e+03
7.944368114859355956e+03
7.042866696128828153e+03
6.319717295788727824e+03
5.313213013617513752e+03
3.953434331792542253e+03
3.131293896691600366e+03
2.895095026949767998e+03
1.742046242513689549e+03
1.296347878517137133e+03
9.267381264806099352e+02
4.529077220609186156e+02
8.800865532729594634e+02
3.833722717550281232e+02
7.805586745687843404e+02
8.776333391014444487e+02
4.936223527623899940e+02
3.884260367585393396e+02
1.410075688550732878e+02
1.732238895478853067e+02
-1.132246466455769429e+01
2.237540419662088809e+01
6.771183224750471652e+01
-1.406739671152670894e+02
-1.771979157695336937e+02
1.170083143324109756e+02
3.127666708960958886e+02
3.510811264205780162e+02
1.807321235938357802e+02
3.645470353099597673e+02
1.779057023064004284e+02
6.319989356771267239e+02
6.200582687122760035e+02
5.245197361234015716e+02
1.368511628030058318e+03
1.128574987703910892e+03
1.984283015072656326e+03
2.840667702450700290e+03
4.351494745756839620e+03
4.277010728536768511e+03
6.517384204362882883e+03
6.205105881517092712e+03
6.449871761645670631e+03
6.943600743959033935e+03
7.822117208106599719e+03
