1.184100677000270662e+04
7.322617994198566521e+03
7.046267364448601256e+03
9.194547011212065627e+03
7.775519733406150408e+03
6.675797863737241642e+03
6.317528260502532248e+03
5.918886831895250907e+03
4.001557764762460010e+03
3.201341908865334972e+03
2.558860294960653846e+03
1.708004975324187853e+03
1.152078891494410300e+03
7.461862482969841039e+02
7.423695187021633046e+02
6.775197599480981125e+02
6.089700934555685308e+02
1.347855137314381579e+02
4.207688741853650072e+02
1.026630624140922237e+03
-1.478848542232003922e+02
-5.441396942698251138e+01
-2.181654906709207751e+02
6.594493731703425965e+01
-2.918528392660313742e+01
-1.296554673572706520e+02
-1.892855234063625574e+02
-2.627727027476353214e+02
4.022882558033974192e+02
3.181519430546379112e+02
1.927177450423167215e+02
7.927609754503032491e+01
4.063785530503726022e+02
8.040877636421496391e+02
5.205336409058417075e+02
6.165569958115438567e+02
9.922207980529169618e+02
1.416936760473729237e+03
1.824991472797109282e+03
2.653917494878551224e+03
2.560178309613014335e+03
4.004618597899193901e+03
4.010862601083734262e+03
5.848739760917124840e+03
6.027811242702174241e+03
6.324737413358329832e+03
7.900980565429586022e+03
8.499716824423581784e+03
