7.382087043031858684e+02
-2.152336642850891906e+02
-5.640357635375526115e+02
-6.769635175530847846e+02
3.949763128366844285e+02
3.230479282358598994e+02
8.143288430317010125e+02
1.529942767904403127e+03
2.737764904436270172e+03
3.343924228764618420e+03
3.945772267949044362e+03
4.347516302867351442e+03
5.212787558865402389e+03
5.205899128322170327e+03
5.732381203361596818e+03
5.811573559428981753e+03
5.511038418960849413e+03
5.847911806786328270e+03
5.967586404676107122e+03
5.976776099696861820e+03
5.880347784023551867e+03
6.139717581528891969e+03
6.128764695790243422e+03
6.140576736163190617e+03
6.258693474284205877e+03
6.402429360981523132e+03
6.090690612150633569e+03
6.167239154678843988e+03
6.220626227926719366e+03
6.084333165256201937e+03
6.113840215625778001e+03
5.500017462275959588e+03
5.997517455976877500e+03
6.053609105284441284e+03
5.615591512654379585e+03
5.790359702911607201e+03
5.372961976617313667e+03
5.225435521422863530e+03
5.199253278706450146e+03
4.560588740212518132e+03
4.175202785939305613e+03
3.516185242065789680e+03
2.623960101416862926e+03
1.733891230316720566e+03
3.108851502233679867e+02
5.148136810391796416e+02
-2.014462575668269153e+02
1.495664046820072031e+02
