4.241070823871907578e+02
3.130198639121231281e+02
-6.362509616584627565e+02
-4.117629547349511085e+02
9.994176054069805559e+01
2.109452095534007867e+02
1.210640756723382310e+03
2.171019914299001357e+03
2.597628999251092409e+03
3.472744061188886008e+03
4.182232853626464021e+03
4.388385484907948921e+03
4.774133799971580629e+03
5.583398804073204701e+03
6.025346438639709049e+03
5.689158000768153215e+03
5.943371931359557493e+03
5.935109143556847812e+03
5.718356726308983525e+03
6.245830686932592471e+03
5.698229524528999718e+03
5.795194821263578888e+03
6.038933677026194346e+03
6.191146316461369679e+03
5.699857368376782688e+03
6.228491114717940945e+03
6.158974618134066986e+03
5.965609174641665049e+03
6.059724623140052245e+03
5.833346494719147813e+03
5.730397044113978154e+03
5.936139054048228900e+03
5.942946657395194052e+03
5.687335125297669038e+03
5.694601282866087786e+03
5.772383575273449424e+03
5.700359527264148710e+03
5.446850492394715729e+03
4.639150655174709755e+03
4.619707562289638190e+03
4.165789907007888360e+03
3.273914639413859732e+03
2.592652920762493977e+03
1.756048989272939934e+03
1.133768453717519833e+03
2.406555627391191194e+02
4.550746238375233474e+02
5.563556771528770923e+02
