2.288653587734627308e+02
2.822295291844869780e+01
-2.603741878965895467e+02
-6.274324625180779549e+02
1.395112607160917833e+02
4.912070780066655402e+02
1.153478371469344665e+03
2.061340649278783076e+03
2.621689291696723558e+03
3.394245854734919249e+03
3.865411251859341974e+03
4.917473357018139723e+03
5.018202752094195603e+03
5.809423437164209645e+03
6.024584449030675387e+03
6.031715697311642543e+03
6.120800427151270014e+03
6.257802943840859371e+03
5.956306777121969390e+03
6.060162236643027427e+03
6.157225985177989060e+03
6.137726234329673389e+03
6.367705066289769093e+03
6.262457409360579732e+03
6.627156228027149155e+03
6.392571240236555241e+03
6.350633771483049713e+03
6.194358735654866905e+03
6.597312328856089152e+03
6.135580046263693475e+03
6.352296059431704634e+03
6.527063274146921685e+03
6.311070655523320056e+03
6.086872456546648209e+03
6.362570111218904458e+03
6.284227409979643198e+03
6.236396254710951325e+03
5.603701692912138242e+03
5.734872609366475444e+03
4.852631681890951768e+03
4.282956372520489822e+03
3.451749132380321953e+03
2.309428444992700406e+03
1.808953418744211604e+03
1.202780561127598276e+03
6.527826814149699430e+02
9.320716059879064233e+02
5.696518083722702386e+02
