6.326174428313962380e+03
6.827146110594235324e+03
7.066458059193063491e+03
7.283732210143515658e+03
6.631214776304287625e+03
6.315538271254785286e+03
5.536237042155836207e+03
4.966474162657222223e+03
4.235498623342217797e+03
2.723349627199380848e+03
2.385983476236035585e+03
1.564072926407020987e+03
9.544302323808899473e+02
6.759645103584059598e+02
7.562058175815182040e+02
6.532693325293973885e+01
5.253902211154322686e+02
2.101758500701768639e+02
5.771529082640962542e+02
2.730387107678387224e+02
3.160036566217119116e+02
1.821920413608366971e+02
2.583077028909768273e+02
-9.279280745430807542e+01
-2.534042260093805794e+02
-4.036598345074971803e+02
3.528411949989620098e+02
1.278960265143136610e+02
4.855304275542163168e+02
2.009420222415020874e+02
2.990358292893081966e+02
5.902540220911122333e+02
2.932526321694959393e+02
2.190467501133857979e+02
6.416845181783483554e+01
2.609625197018922904e+01
6.104267006439184939e+01
7.450163909775571938e+02
1.732923502910905654e+03
1.743690586822905971e+03
2.465924668538470996e+03
3.289763613554361655e+03
4.390421727193140214e+03
4.932360295737349588e+03
5.759884605397649466e+03
6.787158627947489549e+03
6.950491258943307002e+03
6.662668113574727613e+03
