6.845528927473848853e+03
7.933498012475120959e+03
7.087933895656748064e+03
1.061052091462127828e+04
8.897602033147219117e+03
6.385751206857546094e+03
6.505137356110052679e+03
6.915907337085063773e+03
4.976371448406352101e+03
3.391617676531870984e+03
3.693918443905846743e+03
3.102576447682902653e+03
2.310221238656960850e+03
8.914783831475812121e+02
6.599127909389744673e+02
6.416917244470606647e+02
8.255085597304187104e+02
3.888163620588487106e+02
3.281074714527489391e+02
6.949096019339525299e+01
1.117562868040499779e+02
4.032975461484279549e+02
2.530376566561202480e+02
1.744774634608994859e+02
1.048069620333585448e+02
9.258668251099616953e+01
2.242140047818400603e+02
1.781360811888597482e+02
1.976473967330593666e+02
1.956502508357786496e+02
2.625264402321737407e+02
8.229799763693246177e+02
3.235928387846674354e+02
4.398571921311469737e+02
7.210111681961653858e+02
5.458139555144083488e+02
7.508530977444886503e+02
1.455579590489428710e+03
1.665089549924067796e+03
2.386603816714779441e+03
3.486783615763478338e+03
3.846345502945922362e+03
3.708677093626160513e+03
5.843513356614242184e+03
6.172590884279645252e+03
9.815822623960939382e+03
1.050662933975262058e+04
7.349695526952542423e+03
