4.407644830856764315e+02
1.701988809254348922e+01
-3.050226303917762039e+02
-3.957802542271584230e+02
7.945371945307086037e+01
1.635647939876427301e+02
1.131232459847701648e+03
2.178985184867574844e+03
2.776274515179145510e+03
3.467074568099468706e+03
4.582975811541346047e+03
4.851832538907132403e+03
5.497998175781622194e+03
5.494540737994754636e+03
5.777528633381299187e+03
6.009894349223824065e+03
6.121129351367953859e+03
6.015122586222406426e+03
5.640963791396824490e+03
5.879104021639858729e+03
6.011300468284222006e+03
6.358863854483146497e+03
6.352976833047714535e+03
6.070797236090650586e+03
5.965972550045035860e+03
6.190262899929512059e+03
6.173142193465450873e+03
6.325193022392611056e+03
6.123533862995464006e+03
5.917526757513978737e+03
5.921587418917973991e+03
6.360583292410584363e+03
5.923568975679758296e+03
5.909215859250467474e+03
5.868393983127514730e+03
5.850478604816545158e+03
5.773025871043938423e+03
5.142450206877569144e+03
5.270385301426995284e+03
4.627910783303365861e+03
4.134320934838864559e+03
3.472885265035376506e+03
2.382749501985971165e+03
1.905579059347929388e+03
9.643384290580405604e+02
7.107127981091922493e+02
4.255551354497202396e+02
4.055639787155772069e+02
