-1.212907214289206053e+02
1.650671632637764503e+02
-1.287463473670997338e+01
-5.081294400207971194e+02
-1.182387131700591851e+02
5.954663460927044980e+02
7.691786764942089576e+02
1.706584061178014736e+03
2.614303126073536077e+03
3.863281025234326080e+03
4.555047519887761155e+03
5.121040076836756270e+03
5.249553668237133934e+03
5.535315846485321345e+03
5.640988604972279063e+03
5.763353626704986709e+03
5.976118216865249451e+03
5.842876103626955228e+03
5.853260199878630374e+03
5.561491320004198315e+03
5.772057701869860466e+03
5.912885025907454292e+03
5.952543064847526693e+03
6.309514471437316388e+03
5.909851532442744428e+03
6.115937692094553313e+03
5.952266953330266915e+03
6.458271407060741694e+03
6.061712761775271247e+03
6.070376954894187293e+03
5.858671400442393860e+03
6.068652408032527092e+03
5.772539321889007624e+03
5.628033293036932264e+03
6.250104232464525921e+03
5.993610419484612976e+03
5.668032981582261527e+03
5.655013745490158726e+03
5.039019060068693761e+03
4.612595974797645795e+03
3.858171300493750550e+03
3.490770668471117460e+03
2.422909353638472567e+03
1.849570746093628941e+03
7.133254763886699266e+02
4.426344521326639665e+02
2.834978510194964656e+02
2.491510087885847327e+02
