6.217375230132764955e+03
6.984369691333299670e+03
6.958163271900474683e+03
7.274364938759973484e+03
6.433100158752645257e+03
6.026860372909300168e+03
5.061798441900041325e+03
5.116489418920353273e+03
3.782122024767338189e+03
2.843488807901147084e+03
1.919761809862249493e+03
1.631289007353789657e+03
1.318568830636945222e+03
7.741395739753334055e+02
9.120100505007738434e+01
4.712350417672677736e+02
5.387860232231397504e+02
1.294906723942679321e+02
8.229676220508187612e+01
2.372035239804571063e+02
1.666062406467547135e+02
5.222910107415051471e+02
-3.415660181931180261e+01
3.845316338385609924e+02
5.450846841952478883e+01
1.364844059951123825e+02
3.207673413659280754e+02
3.753437757921716411e+02
-4.316964036951493711e+01
4.692170018335055204e+01
2.883625479519229202e+02
5.706481523412212482e+02
3.790244024498064732e+02
6.424575685706251988e+02
1.365811050573120440e+02
5.388464348645976543e+02
7.582142714413392923e+02
7.601311816576931051e+02
1.307077839995109571e+03
1.756395321705125752e+03
2.555797572443182617e+03
3.035203584164045878e+03
3.827211130263879568e+03
4.996753391581939468e+03
5.431755664758145940e+03
6.200319770189168594e+03
6.277839487897796971e+03
6.328810490120106806e+03
