9.193487542664899593e+03
8.319030200183464331e+03
8.249324278426120145e+03
9.219192102256070939e+03
8.609111699086675799e+03
6.532613682815042921e+03
6.644067753721114968e+03
5.814012501534736657e+03
3.828942561311979262e+03
2.974716929365456963e+03
2.907435911836792002e+03
1.757646532475906497e+03
1.003461102685042306e+03
1.318887460843749068e+03
3.917407637241822158e+02
4.314597208972255657e+02
6.817977806347244041e+01
5.973147920650926608e+02
6.520128106932761511e+02
3.564552808886271009e+02
9.363378391282918756e+01
5.279958131621395268e+00
-6.330216244385113100e+01
-1.323718231477220684e+02
-1.846033866866345008e+01
-4.734220973589438586e+01
9.988804784949249438e+01
-4.953936932191358267e+01
1.448328838129231997e+02
3.856380773152790766e+02
1.599947411725567292e+02
1.098923816722360414e+02
1.122345610994822209e+02
6.764579762173041217e+02
4.172587469622006893e+02
1.248080909340633070e+03
1.053364411824100443e+03
9.485194929859092099e+02
1.543910666421451424e+03
2.060725727887326684e+03
2.845566586673945494e+03
3.532236404284519267e+03
4.853683535426484923e+03
5.851566120272900662e+03
5.841207939351334062e+03
6.797081209747856519e+03
8.330952459392454330e+03
6.367181838412019715e+03
