5.817728590841556979e+02
-4.067407203035608632e+01
9.708096693495889440e+01
-3.474220430992385786e+02
-5.035887514967593006e+02
2.128310406072380943e+02
1.280142958135063282e+03
1.991173270999579245e+03
2.894264901336255207e+03
3.655170933234770473e+03
4.181653777529894796e+03
4.888307089574646852e+03
5.323830762796289491e+03
5.465686534664062492e+03
5.825129320491233557e+03
5.613791045413141546e+03
5.907737562327113665e+03
6.125887408213361596e+03
5.823092573294638896e+03
5.879914751029082254e+03
6.044813280385303187e+03
6.185906703219989140e+03
6.063367933622086639e+03
6.319594171061598900e+03
6.361205963612957021e+03
6.371879483978345888e+03
6.180589741304313975e+03
6.063439864812497945e+03
6.309203102246569870e+03
6.341233314016456461e+03
5.755601563334438652e+03
6.255131249375624066e+03
5.663184053737020804e+03
6.011262379008529024e+03
5.695516105192327814e+03
5.882495546868969541e+03
5.554364707058308340e+03
5.379387795108173123e+03
4.600519711503593498e+03
4.591650692277130474e+03
3.814445630585571053e+03
3.043326374489806312e+03
2.377091820866967282e+03
1.422370217459545756e+03
1.234140079975434901e+03
9.841914273425056763e+02
3.738173772262153989e+02
-2.032232174412765175e+02
