7.762728657519793160e+03
8.626868371105259939e+03
1.337151652056493913e+04
8.543401084364453709e+03
7.014767272021365898e+03
6.955779564438762463e+03
6.452742185335298927e+03
6.340828527719876547e+03
4.574766258224373814e+03
3.386110738745670460e+03
2.275539927781236656e+03
1.869437465468292658e+03
1.331861436741072112e+03
1.320409550102836874e+03
1.352085683445144014e+03
7.322886639688316563e+02
7.022514955108634922e+02
7.239870467635399791e+02
5.854261598151424550e+02
5.237949974473505108e+02
3.487349663843772873e+02
-6.902676914650029971e+01
-8.533148498358532663e+01
-1.354144593598568918e+02
-1.826221291760808185e+01
-1.025054758051361432e+02
-1.875007466653562744e+02
3.110237157409708786e+01
3.441567156923603648e+02
-1.624831806905416443e+01
6.084751919297532368e+02
6.721560312531719319e+02
5.450004134075506954e+02
5.425118264614873169e+02
3.937410777898130618e+02
1.071173791139189007e+03
1.310534956009060807e+03
1.345877890208401368e+03
1.325000323880090946e+03
2.126979820925550030e+03
3.125964303423269939e+03
3.791446312369269890e+03
5.871110711135727797e+03
6.494439899250688541e+03
6.584996499065767239e+03
6.750634489153178038e+03
6.737074175696829116e+03
1.031435941291823110e+04
