6.712817513435505134e+03
6.897758183091142200e+03
6.837774619832343888e+03
6.880616690927309719e+03
6.916228340243462299e+03
6.016767367754907355e+03
5.280747572475454945e+03
4.772095104623388579e+03
4.040566741061972607e+03
2.672875113740342385e+03
2.579795284591525615e+03
1.768541494685757016e+03
1.287681005834225061e+03
7.185027669258315655e+02
4.292075050053562109e+02
6.546491288790988392e+02
6.105413870365774756e+02
1.906870157728335471e+02
7.056067176764456690e+02
1.274495601104780889e+02
2.021974682011963296e+02
-7.963362237748688699e+01
-1.838052766593196736e+02
2.265087705169755452e+02
-3.722586263572572989e+02
2.848055688833014187e+01
7.136925015847407394e+01
2.708099062633854714e+01
6.819303026151669656e+01
2.529416563742044275e+02
2.054689086659702468e+02
5.862850847909702452e+02
2.584447645502791602e+02
-9.527917029243714353e+01
1.393531576677248154e+02
3.668306168577867652e+02
1.087927179560408149e+03
1.146274310127882018e+03
1.274339867821636972e+03
2.236691178694175505e+03
2.064789218757744493e+03
3.131465608199658163e+03
3.727707711157719586e+03
5.115800408637444889e+03
5.603633968397929493e+03
6.093477236582497426e+03
6.656972161457834773e+03
6.663683697468435639e+03
