6.539557466349692731e+03
6.796987542487659994e+03
7.383153150314007689e+03
6.485080404863146214e+03
7.138706848888225068e+03
6.413709111319674776e+03
5.352427465717685664e+03
4.499974831764228838e+03
4.158353039375895605e+03
2.950444297517183259e+03
1.929001945628514932e+03
1.712344315864856753e+03
8.878115682097331955e+02
8.181927405185540465e+02
2.338650400189078482e+02
7.982940337608158643e+02
6.149875208336743526e+02
2.653987808490270481e+02
1.873288301546718913e+02
2.552042190652686671e+01
-1.417559013807033068e+02
1.498902278341995782e+02
6.510729415129418385e+01
-1.969019858596257961e+02
-8.019691887676204090e+01
-1.449389876964240500e+02
-2.614367964729802907e+02
-1.166772821278475760e+02
2.463501163180563083e+02
-2.423842182414930164e+02
5.470302214152037550e+02
1.958556989483339237e+02
4.322136248979932702e+02
2.973476933783480263e+02
6.613419506212793522e+02
1.085117717318388770e+02
6.702350298490792966e+02
9.056636130462750316e+02
1.411484038395724610e+03
1.770539012096297256e+03
2.605515456841189462e+03
3.218063600492860132e+03
4.068643023808595899e+03
4.703240603800607460e+03
5.869508565359810746e+03
6.187060233348368456e+03
6.583909867798116466e+03
6.641315820574970530e+03
