5.929850213903016538e+02
-2.989651989501296043e+02
-5.108991535263300534e+02
-8.427924841793023347e+01
-9.411794630975371945e+01
3.952765258138338709e+02
1.064025678253580054e+03
1.654944970987548686e+03
2.947346093388509416e+03
3.523299686546643443e+03
4.535743198668028526e+03
4.917922739282163093e+03
5.345921299283866574e+03
5.583522100284981207e+03
5.566570381858455221e+03
5.695273656976865823e+03
5.988838095768969652e+03
5.859638965852434922e+03
6.141345038694549658e+03
6.163831784369917841e+03
5.852876103374074773e+03
5.630940611054529654e+03
6.056791985045757428e+03
6.168846313208914580e+03
6.015068092127047748e+03
6.026449572083644853e+03
6.184579790437434895e+03
6.411305536025930451e+03
6.269948102851428303e+03
5.839388663694565366e+03
6.024884415206684935e+03
5.992514961767971727e+03
6.391153938669427589e+03
6.071840260992094954e+03
5.567540549605630986e+03
5.961721608899558305e+03
5.811062874197356905e+03
5.653064885306806900e+03
4.907583563887248602e+03
4.721866090849374814e+03
4.163117365901513949e+03
3.880623203728377121e+03
2.036387709407962802e+03
1.905468709946012950e+03
1.246278246487719798e+03
8.627600927187261277e+02
4.841525763768970023e+02
1.210902961265767743e+02
