6.554682937684606259e+03
7.430139953380660700e+03
7.562827505937686510e+03
7.308373080584985473e+03
6.995436415504289471e+03
6.367997370543041143e+03
5.532885378503418906e+03
5.099572000219952315e+03
4.207975785404503767e+03
2.745483666803898359e+03
2.266855038974591025e+03
1.663769017144709096e+03
1.045770035626763047e+03
1.047254295017595950e+03
4.072091780529990501e+02
1.684135242654596141e+02
7.300828135982583262e+02
1.983659608018345466e+02
3.416571235814606098e+02
9.409300453857952107e+01
-9.174726491005301909e+01
2.035351290648276290e+02
3.559819048879587911e+01
-1.103147474738070457e+02
8.124659656177813076e+02
-5.163467084591977709e+02
-1.457892232244579702e+02
4.973365040397562211e+02
2.368130324688737289e+02
2.784447777470934398e+02
2.696178928698776076e+02
4.995656275178459964e+02
4.793567321212022989e+02
4.377718012786208988e+02
3.330188506711464811e+02
4.209967263937695066e+02
6.828430824632024496e+02
9.133062412248640385e+02
1.473375044538322527e+03
2.093801561355043305e+03
2.993159319344356391e+03
3.362775690711962397e+03
4.698521761923678241e+03
5.350476131669805909e+03
5.203005363736986510e+03
6.692245635058754488e+03
7.059387416930073414e+03
6.329828987515376866e+03
