6.394984309579402179e+03
6.731561552719838801e+03
7.361285769043991422e+03
7.407772554115663297e+03
6.943011053618458391e+03
6.305413030289308153e+03
5.769533775997107114e+03
4.930778867751228063e+03
3.646092737902832596e+03
3.176248828560992933e+03
2.323545784185905632e+03
1.401411279801874116e+03
1.594224223395769059e+03
1.133552356548775379e+03
4.502697949993595330e+02
3.967699393390123532e+02
1.027214644470513463e+02
4.963244306005472026e+02
5.651989753313106348e+02
1.281156291143165902e+02
-2.550483065029050422e+01
3.920717692562448065e+02
1.742688846903399451e+02
-2.517960049373777451e+02
-2.640650202652712508e+01
1.353714417225111504e+02
1.797548591074693149e+02
-1.320747693613443730e+01
1.738089632077469560e+02
4.999309771485475267e+02
-1.388838189643093983e+02
3.399640677394578461e+02
4.625519169620808952e+02
4.827868103386672374e+02
6.359897949617578661e+02
6.571485008578767975e+02
9.339787611273557104e+02
1.371048763098569452e+03
1.537078018294651656e+03
2.147726481613338819e+03
2.403481544906259387e+03
3.755058018321297368e+03
4.470671961311049017e+03
4.803771855113306628e+03
5.789482304008487517e+03
6.399874328596277337e+03
8.338597366718102421e+03
6.897530463127315670e+03
