7.299264919318870852e+03
7.344004339347512541e+03
7.096663579996868975e+03
8.198858913906971793e+03
6.921219232780288621e+03
6.499869743059106440e+03
6.182289474688028349e+03
4.714618278437901608e+03
4.349388769909424809e+03
3.052052055747535633e+03
2.223367637831242973e+03
1.605919670069458107e+03
1.264396254199317582e+03
1.354043164695734959e+03
9.055585978386162651e+02
7.309669596961527986e+02
5.869586257895761037e+02
1.737264730672239637e+02
4.649013317241863774e+02
7.715228522398468840e+02
3.580583907413807765e+02
6.448917641139780699e+02
-3.286027924345479079e+01
-2.238354371824002840e+02
-2.999068139903226893e+02
-2.118432756701127175e+02
3.951272513547430520e+01
1.825459867887709322e+02
-7.054737609636545059e+00
1.770380338855420348e+02
2.365421559648530945e+02
4.924003779928085578e+02
6.322565033425750016e+02
6.308243568345160313e+00
1.950054072072312579e+02
6.235338351276466256e+02
5.122703196648968742e+02
9.072555178998493375e+02
1.032315749091851558e+03
1.671914636318895191e+03
2.488026047451835439e+03
3.783058570620021783e+03
4.368388559714930125e+03
4.988726700631506901e+03
6.185150152538379189e+03
6.037589998089481924e+03
6.560673550035447988e+03
6.760938850739989903e+03
