6.519467001988610718e+03
6.958302451679616752e+03
6.823026290656947822e+03
6.880552640220389549e+03
6.599437534215330743e+03
6.357208569083511065e+03
5.244952465657837820e+03
4.954855371150271822e+03
3.869082599343702441e+03
3.111799423168788962e+03
2.280754816176625354e+03
1.436773304365743343e+03
1.223350948335697694e+03
7.955587105282936591e+02
5.269144979185124384e+02
4.804355082283646539e+02
7.665820943213583405e+02
4.793494029682639166e+02
2.230974965509201411e+02
5.481547462566131799e+02
4.177601403179695581e+02
-9.089294677921381549e+01
4.345878312908544103e+02
2.721127626155019357e+02
5.797010699775348996e+01
6.513013139882536962e+01
-1.013499493572250287e+02
1.477408825991406331e+02
7.886821704299132989e+02
2.563338799633835379e+02
1.443195031758063749e+02
4.423312714154271248e+02
8.431725026600820172e+01
4.942752130339754899e+02
2.244250586851824281e+01
4.152482534155626581e+02
8.600184485440739763e+02
1.041533933555931753e+03
1.288778977327245457e+03
1.338820753740822283e+03
2.718700384784599464e+03
3.495315246272537024e+03
3.837783186349641255e+03
5.028157598443860479e+03
5.291208760760799123e+03
5.494598312405587421e+03
6.185160185517496757e+03
6.697572547483524431e+03
