2.545496809827926654e+02
5.261251412158320306e+01
1.328682502652504915e+01
-3.152488351856740678e+02
-3.509141530159395757e+02
3.457139680707127241e+02
1.041336621819101538e+03
1.686973049088933749e+03
2.224062551820038152e+03
3.186005213257380092e+03
4.107127785166570902e+03
4.454763798419950035e+03
4.948006738746731571e+03
5.088191596215314348e+03
5.381518777141413921e+03
5.229858665165569619e+03
5.752923526167694945e+03
5.287078285524866260e+03
5.891721502925383902e+03
5.560150538608743773e+03
5.748082759487018848e+03
6.082139532458227222e+03
6.066729863712609585e+03
5.620919899274028467e+03
6.025852487450635635e+03
5.711204636447259873e+03
5.975142627824805459e+03
6.077550161014351033e+03
5.794492838500016660e+03
5.807337066110777414e+03
5.965733720542809351e+03
5.497704863935063258e+03
5.595064783416737555e+03
5.218696118069688055e+03
5.478525422389773667e+03
5.844653505179214335e+03
5.570844930968384688e+03
5.091587072596525104e+03
4.989646425876235298e+03
4.230445685815237084e+03
3.389950574380559374e+03
3.230603430279166787e+03
2.143002157695939786e+03
1.497011028639889673e+03
8.761527409527950567e+02
2.483737509303355466e+02
-3.050970857320166374e+01
2.427368808620748837e+02
