8.201604135843177573e+03
7.168912793807415255e+03
7.159071759715775443e+03
7.169424664127939650e+03
6.856225855943383976e+03
6.702925738457880470e+03
6.022127127211191691e+03
5.444424001975284227e+03
3.965038445317868536e+03
3.768941645968707689e+03
2.172726656707964594e+03
1.933017086944292487e+03
1.181639438667798231e+03
4.520722714181294464e+02
1.143470179528328117e+03
5.804668505329813115e+02
4.511758059144089543e+02
4.155943802123169917e+02
3.983205170766109404e+02
2.824711751964176756e+02
5.146823450526461556e+02
1.916326075242783702e+02
3.085210302609777386e+02
-2.084209062826932666e+02
-2.848105805552017387e+02
6.674689388028036774e+01
-2.773317697661550696e+01
1.192544015940032978e+02
1.047529127378331850e+02
5.446798764934653718e+02
4.657086437960315948e+02
-5.898866719486757404e+01
3.096306929084865942e+02
8.018012460917057069e+02
4.271373385584567473e+02
2.678090131853600155e+02
9.798382767971295380e+02
8.969726716091167873e+02
1.557581601212632677e+03
1.952111659103749616e+03
2.895354584073403657e+03
3.474536885565020384e+03
4.038520659015694946e+03
5.580866173402498134e+03
6.392404974051257341e+03
6.321805802179769671e+03
8.819491639055711858e+03
7.645690337838092091e+03
