7.266889043466545445e+03
8.120198657803003698e+03
7.968599374372261082e+03
7.362789555811660648e+03
6.518007850596494791e+03
6.283744545411837862e+03
5.518060048336661566e+03
4.750337579019934310e+03
4.012370004849025463e+03
3.035998486010960278e+03
2.342862770955925498e+03
1.462469863144805458e+03
1.267733562422766227e+03
6.792632475335561821e+02
2.551179092675002096e+02
7.349753132334313932e+02
1.786094808559186617e+02
2.429359211761722861e+02
4.866236568500168573e+02
-1.110163919313078651e+01
1.195482674769297233e+02
1.462239434244411314e+02
1.807267419691904138e+02
-4.154942769371205458e+01
2.340936042109200912e+02
-1.218672737270621838e+02
3.029992436202359158e+02
1.824558139276012412e+02
1.258255675166065117e+02
3.786468703213914750e+02
-1.702228190683271691e+01
1.008167237054456251e+02
6.813915369529345298e+02
2.926000286554741479e+02
5.718018697329447377e+02
4.112749186969314223e+02
6.988327180154619782e+02
1.015775554633640581e+03
1.290314052266681756e+03
2.151689194404039426e+03
2.615812655773323968e+03
3.242701557117456105e+03
4.479667916089991195e+03
4.962529542863138886e+03
5.371734152447067572e+03
6.582660809144199447e+03
6.592284934926190545e+03
6.763913052286366110e+03
