4.792136920594304570e+02
-4.174787569776010798e+01
-3.951110740732751765e+02
-5.081298687108853755e+02
4.053159433325848795e+02
6.045918308991244317e+01
7.966643841299746782e+02
1.820748296640624176e+03
2.273485221986535635e+03
3.719210024041376982e+03
4.294542828903615373e+03
4.655723513909356370e+03
5.230285366336333936e+03
5.761110338796204815e+03
6.010714636674630128e+03
5.937353861561378835e+03
6.096567903240547821e+03
5.800279278493825586e+03
6.292761077277278673e+03
5.757594584351663798e+03
6.139404752098055724e+03
5.897773334460590377e+03
6.162302541256375662e+03
6.598563624186061134e+03
6.297273026135347209e+03
6.304812650182509969e+03
6.022492518861992721e+03
6.326878175123773872e+03
6.298932471578533296e+03
6.038460676190973572e+03
5.915231599525306592e+03
6.092844711265538535e+03
5.648786227529206371e+03
5.980321956639800192e+03
6.468245885989356793e+03
5.926919777635599530e+03
5.594048404786881292e+03
5.593075651223288332e+03
5.026591175993014076e+03
4.640340527339313667e+03
3.757243722648775929e+03
3.398366552376558047e+03
2.365492071281487824e+03
2.296375074445242262e+03
1.107019458084200551e+03
2.351448832871370485e+02
2.901113892682753317e+02
2.875760803968017285e+02
