7.156878980781783866e+03
7.152968856783355477e+03
7.634621809022546586e+03
7.204341955596675689e+03
7.485800338614241809e+03
6.155995381759686097e+03
6.713562070483986645e+03
4.685532658799616911e+03
4.010401731998557807e+03
2.868286380448651016e+03
2.397650243529142244e+03
1.414399563332108301e+03
1.244842058536209379e+03
8.657554322934083757e+02
7.991514439009931721e+02
3.031714667361925990e+02
4.488445706507942532e+02
4.756681098133302612e+02
7.804931769801985411e+02
1.286142507709495817e+02
5.341318575677940999e+02
1.754160453125265917e+02
-1.938026112220113362e+02
-1.587201774178693654e+02
5.315951718059767472e+02
1.110978363706464052e+02
2.699179929242056346e+02
-2.902006049553411344e+02
2.810563021038297506e+02
4.451055740265365444e+02
2.491925346499521083e+02
6.518720432568416072e+02
-1.744259136358064666e+01
2.636315782788740876e+02
9.428562868733129108e+02
3.057372675671597904e+02
4.905398702324920350e+02
5.125147880826085611e+02
1.486189260534503319e+03
1.921087940041132470e+03
2.670482808855461371e+03
3.195651933717348129e+03
3.963026586000376938e+03
5.197136391806094252e+03
5.274834438392248558e+03
6.482376943291829775e+03
6.645306739918645690e+03
6.584879291460631975e+03
