6.378702093041731132e+03
8.389697972191370354e+03
8.256474412964758812e+03
7.325196355211232003e+03
7.503667265689643500e+03
7.759658133549973172e+03
6.538465120907801065e+03
4.553116683398098758e+03
3.690725054647182787e+03
4.104887122817095587e+03
2.644149023439619214e+03
2.107058823604452755e+03
1.236123604583140605e+03
7.528884955676518302e+02
1.196897918914290130e+03
7.354286618335883077e+02
2.593931357689956485e+02
-6.091655581636410943e+01
2.792230971749141872e+02
5.145252962057356854e+02
4.174976125673568390e+02
2.403783140202290554e+02
4.053958096308087988e+02
3.179933372082581968e+02
8.617514308949888857e+01
2.238708219016123167e+02
-1.019460520978430651e+02
2.839112510016331612e+02
-1.673840218743175399e+02
2.354048411673670955e+02
4.333767503928446558e+02
1.661444811596027762e+02
3.246211819448309939e+02
5.348423046363831190e+02
9.710176232675466963e+02
8.921174501263677712e+02
1.197703285052343290e+03
1.376469946058460437e+03
1.994956225334261262e+03
2.799667204160033180e+03
2.656432602137085269e+03
3.308048792755948853e+03
4.445957946971874662e+03
5.813435273034257079e+03
7.051754073268368302e+03
7.505410165986715583e+03
6.756486618018812806e+03
6.773664599738073775e+03
