5.755322836631911514e+02
-2.770436379471088912e+02
-3.758443248992272174e+02
-1.510103170423793415e+02
-1.897762202030447156e+02
4.181422164285701228e+02
9.782862095369703184e+02
1.889973179322487795e+03
3.012559303413401267e+03
3.397977508472274621e+03
3.971675123853849072e+03
4.530476612701527301e+03
4.641462548772731679e+03
5.178387917978882797e+03
5.292639477217954664e+03
5.244394266962509391e+03
5.760269034320309402e+03
5.721366799519206324e+03
5.575484684258234665e+03
5.479016624746489470e+03
5.859215471319961580e+03
6.218607629366713809e+03
5.932185815125090812e+03
6.065774936930505646e+03
5.855499294297313099e+03
6.055273825923145523e+03
5.897931813205567778e+03
5.696035359889861866e+03
6.038188061926368391e+03
5.549449384519590240e+03
5.445154990923857440e+03
5.603376389269013998e+03
5.810438931467411749e+03
5.644358820864435074e+03
5.544787875460868236e+03
5.640794083990304898e+03
5.373575527262233663e+03
5.285282651461790920e+03
4.905600959440799670e+03
4.438455677401634603e+03
3.698397376120986792e+03
2.950518564266038538e+03
2.591088809497310649e+03
1.654528755423710663e+03
6.313983457288871932e+02
5.344174561696612500e+02
3.172380183863911043e+02
2.266690977932478859e+02
