3.552309821824969731e+02
-2.092866685992623559e+02
-2.264088835447928716e+02
-6.485611925572545715e+02
4.240956540571449409e+02
3.049301084616631670e+02
6.199447639830872276e+02
1.525295098798765821e+03
2.326019711734710654e+03
3.281335799251413846e+03
3.963660219981533828e+03
4.624957421429156966e+03
5.004611277786431856e+03
5.231712244338003984e+03
5.407405911912235752e+03
5.980332693920523525e+03
6.125925100730695704e+03
5.547545076415173753e+03
5.759172873137269562e+03
5.964369294298703608e+03
6.016515892344263193e+03
6.232203072893957142e+03
6.093758688445781445e+03
6.121999492814820769e+03
6.147352008790651780e+03
6.298498249123829737e+03
5.798626370679129650e+03
5.978629447690042980e+03
5.646809672691450942e+03
5.851391020702320930e+03
6.171873570605082023e+03
6.172618509101679592e+03
6.101111574657917117e+03
6.305925097723162253e+03
5.602632713611030340e+03
5.735969629866274772e+03
5.815948205592971135e+03
5.391230417993718220e+03
5.271524602842654531e+03
4.495917515956369243e+03
3.772446137719053695e+03
3.430342440209608867e+03
2.296411914957050612e+03
1.165452720645615727e+03
1.266665144881721289e+03
7.428678428962683711e+02
3.114494357574028527e+02
-8.223062137254780168e+01
