6.749389194813568793e+03
8.098445545624845181e+03
7.055427606355309763e+03
7.986859488055428301e+03
7.031020265013446078e+03
8.850661392370457179e+03
6.260252973143531563e+03
4.622258249399182205e+03
4.155914373430875457e+03
2.634781417660999523e+03
2.480083646505757315e+03
2.616334948389546753e+03
1.170916863987673196e+03
1.351735917726906109e+03
9.680492277798541636e+02
6.189180053140348718e+02
6.540721473675640709e+02
4.480524643650701364e+02
8.089789024779850024e+02
5.957210197941672050e+02
5.262452608903329576e+01
1.326303242307307073e+02
1.477201285384065272e+02
1.660275702717327206e+01
2.349048317218453974e+02
-4.497998653654648251e+02
-1.530657253803141202e+02
1.391987763688742064e+02
4.461086084924551187e+02
-3.213150601959731034e+01
5.664413518903421618e+02
4.536038797578499384e+02
1.516367525354081351e+02
8.623920077237489750e+02
5.702227382121354822e+02
3.780161947208814581e+02
6.713860443862170087e+02
1.349596533538811173e+03
1.869148238253844966e+03
1.928402091609882518e+03
3.141651180823054801e+03
3.774430067520640023e+03
4.128439601712139847e+03
5.325280284282410321e+03
5.250443298658568892e+03
7.027639691725860757e+03
6.703362265990450396e+03
7.337414124794188865e+03
