5.917179234401039139e+03
6.760102925041397611e+03
7.184013942838312687e+03
7.109456700353803171e+03
7.207532839771794897e+03
6.040682767500124100e+03
5.488022218515185159e+03
4.539513611608354040e+03
3.425551138020553026e+03
2.863446235542618069e+03
1.919919408272751980e+03
1.665472082684492761e+03
1.369374458496451552e+03
7.560259402357409044e+02
5.343590105573612163e+02
3.621953644428402299e+02
5.208307951960761102e+02
6.233417846110894516e+02
3.185565723915626108e+02
3.127237539921133020e+02
3.044360523019803395e+02
2.035436907916789551e+02
4.949157661821151919e+02
-4.053164563975730772e+01
-5.042745754381293466e+01
-2.698027158519048498e+02
-2.098966108461465012e+02
-3.511626432147800188e+02
5.995273358763862461e+02
4.471920890705499119e+01
2.292145271244546620e+02
1.458859778043979532e+02
8.919963775297928521e+01
-7.805400230699665087e+01
2.689689349605940265e+02
2.972128873024702784e+02
4.785679881813425141e+02
7.451173689749803088e+02
1.252682894751832919e+03
2.088402891133093362e+03
2.524487585711116935e+03
3.325936175168913906e+03
4.153121510049492827e+03
4.944251221330592671e+03
5.320678437238828337e+03
6.196830416559387231e+03
6.443432923768712499e+03
6.359932868694745594e+03
