2.693222926644800896e+00
1.293529952916641150e+02
3.211124413153406465e+01
-6.287423346568257330e+02
-4.794550342431387548e+02
9.440399065501250107e+02
1.232125120782647173e+03
1.957261197400486026e+03
2.689385105997837400e+03
3.316514693774985972e+03
4.103625264087103460e+03
4.908771017723785008e+03
5.276805279549529587e+03
5.811592746115950831e+03
5.918114405851343690e+03
5.661312342614471163e+03
6.114238752689749163e+03
6.019637278150511520e+03
6.028570700139192013e+03
5.870551803010424010e+03
6.301724991631842386e+03
6.129796649817963043e+03
6.300948919779187236e+03
6.194822143979096836e+03
6.653505166601935343e+03
6.052543200132082347e+03
6.517477594520527418e+03
6.321691102719988521e+03
6.142794777773881833e+03
6.376834359592135115e+03
6.318110011413432403e+03
6.543386185624443897e+03
6.145400249295356844e+03
6.536796515226807969e+03
6.067739246797858868e+03
6.253303813323826944e+03
5.759278882953239190e+03
5.486742255760320404e+03
5.557662067714629302e+03
4.456516216860396526e+03
3.876887050107093728e+03
3.403207363776138209e+03
2.574766790969753856e+03
1.562762544783603289e+03
1.217642100593819350e+03
1.055285843484658471e+03
7.210357934643798217e+02
-2.855387155721073782e+02
