6.606160334447444257e+03
6.986197490928170737e+03
7.095364943046321969e+03
7.077528839399115896e+03
7.313475842296919836e+03
6.165925491032025093e+03
5.838299605985268499e+03
4.585869465507309542e+03
4.176411269996325245e+03
3.015429036963614635e+03
2.467772556300694760e+03
1.959853023906774524e+03
1.631172898319734941e+03
9.416949499539955468e+02
2.748169261195868671e+02
4.954303830663146755e+02
4.459619998651969581e+02
5.778747272166367566e+02
3.965660221105957248e+02
3.751543345832210434e+02
3.412776821847015754e+02
-2.516710569103500816e+01
2.121454959706497334e+02
-1.037757818879329506e+02
-1.781583053238927619e+02
-2.498754559554581931e+02
-3.459936552729519690e+02
4.297812313145103644e+02
3.797623140928021712e+01
-1.242817471260014486e+02
2.242956124693534150e+02
1.582899173205860279e+02
9.112444998427748999e+01
2.894276072296994471e+02
2.804485398980172590e+02
6.409211083414810446e+02
7.888450177618002499e+02
4.324899245346836665e+02
1.174698027565314305e+03
1.857772379550588767e+03
2.602481333703648033e+03
3.623642163672462630e+03
3.922411353021514515e+03
5.646287520776149904e+03
5.822204965395017098e+03
6.228467992772326397e+03
6.868977819413637008e+03
6.648867163221379997e+03
