5.498236384657838016e+02
-4.428085758987893428e+01
-4.584039425089433735e+02
-3.964284375831777538e+02
-1.660946238616215709e+01
3.658990616023795042e+02
1.196017024856239686e+03
1.902107321617243315e+03
2.494634627492790969e+03
3.400036892828053624e+03
3.901037988187723840e+03
4.674879189767081698e+03
5.192235594022955411e+03
5.296057533882952157e+03
5.392653000179448100e+03
5.155471238785217793e+03
5.952975193958296586e+03
5.510051941996245660e+03
5.950551907679061515e+03
5.369790758604079201e+03
5.478104705681856103e+03
5.836124001219661295e+03
5.677845708337729775e+03
5.843657708983588236e+03
6.108690332246029357e+03
5.911162504315833758e+03
6.048355508260607166e+03
6.008664439017439690e+03
5.799145848412768828e+03
5.552039997514350944e+03
5.926201572071509872e+03
6.125459094991744678e+03
5.728579355928293808e+03
5.812044775653920624e+03
5.560213040728686792e+03
5.423449261505589675e+03
5.054431232347778860e+03
5.355779076025808536e+03
4.998460105681877394e+03
4.251410429750414551e+03
3.763223736152589026e+03
2.747818199005157112e+03
2.484592357074751362e+03
1.740001955104222134e+03
7.707025250187662095e+02
2.767565807510570153e+02
2.442658325440364138e+02
2.196350873469652356e+02
