3.289271635356325305e+02
2.141984890119530576e+02
-3.476125827147718041e+02
-5.044628084442969680e+02
-1.854985383771065699e+02
4.944482769885848370e+02
1.070465105290037627e+03
2.178709208720360948e+03
2.960348846309107557e+03
3.409674275539585778e+03
4.335202441051694223e+03
4.944324692699044135e+03
5.204441717952424369e+03
5.992556703467330408e+03
6.054261038344254303e+03
6.400437126787349371e+03
6.340210757326730345e+03
5.807262025182039906e+03
6.104056935299525321e+03
6.314747398799412622e+03
6.060999333608245252e+03
6.316280375971463400e+03
6.394319470868533244e+03
6.549767495417937425e+03
6.463368911946049593e+03
6.437391827858858051e+03
6.582652860800436429e+03
6.722029175976565966e+03
6.026998598012453840e+03
6.398400062171942409e+03
6.778918854405706952e+03
6.254177722671614902e+03
6.167512472153760427e+03
6.270852307757233575e+03
6.270845179191225725e+03
6.019984322700078337e+03
5.793739422151715189e+03
5.716729924494301486e+03
5.377528361260599013e+03
4.362381488314836133e+03
3.792860703293710685e+03
3.354195806835286930e+03
2.488274305152349825e+03
2.101605871826531256e+03
1.108042858093985615e+03
4.741226480202811331e+02
7.841545404875907366e+01
1.900425377293489930e+02
