6.563723542123992047e+03
7.393210445870479816e+03
7.526687237544563686e+03
7.381881491193900729e+03
6.984890178837208623e+03
6.333332837216770713e+03
5.673504691596745033e+03
4.833237659403101134e+03
4.070185783182284467e+03
3.091122641445655518e+03
1.864437853934216037e+03
1.804622224436956230e+03
1.377109887806251436e+03
9.489571696518177077e+02
6.238604812974493825e+02
3.412558893474545698e+02
7.513479481320506466e+02
5.108891350973161707e+02
5.320616452815171442e+02
3.199027097031585640e+02
2.769503149784227389e+02
1.876500779268200461e+02
3.506302235744549307e+02
-3.842428926085216290e+01
-4.214314831781466069e+02
-1.260444462708561133e+02
-4.600179235773634900e+02
1.255476789569998601e+02
7.734723651842122649e+01
1.435545030080691618e+02
6.224216729069294161e+02
3.268849111364322653e+02
2.929160635787856677e+02
2.275896726341095473e+02
3.367367044801841871e+02
5.862370107641098684e+02
8.488753865892240356e+02
9.553472467110185562e+02
1.555421369832665505e+03
2.279924260280165072e+03
2.610660922109434978e+03
3.748564633372042408e+03
3.933861192681926241e+03
5.086694573232169205e+03
6.051806978417128448e+03
6.147806003608053288e+03
7.124769125393487229e+03
6.393462256012971011e+03
