6.878519726535439077e+03
7.523399102823671456e+03
7.219473202293736904e+03
7.544047222326111296e+03
7.797939447853608726e+03
6.389870653308466899e+03
5.813242998467131656e+03
4.505716079190041455e+03
4.823452028426257129e+03
3.220547029664298861e+03
2.374055158096756713e+03
1.707462424755448410e+03
1.317717527730374741e+03
7.681100428936941853e+02
4.749507734366320051e+02
4.708321648339899070e+02
2.428412608915255646e+02
2.481871726582861584e+02
4.327636801714421040e+02
4.576756157385055417e+02
3.189192763635932124e+02
4.316133381307246850e+02
8.781134814817825429e+01
-4.403523449625481589e+01
-2.337846552646112741e+01
-1.707623969721814490e+02
2.297416582222905390e+02
5.688461199218330222e+01
1.947758130561348651e+02
1.231230973199435255e+02
3.970560375512519613e+02
3.562793555203855931e+02
2.348275369722489359e+02
3.590167726269732498e+02
5.408137274786251965e+02
2.613565333270092310e+02
8.599917708702407708e+02
9.876045134719013276e+02
1.592112839620527893e+03
2.210602923910732443e+03
2.995275541800290739e+03
3.450117544699027803e+03
4.261987832692293523e+03
6.157318538254774467e+03
7.048838241931245648e+03
6.456211200459083557e+03
7.456565741137377699e+03
6.814660227132533691e+03
