7.539192873397697440e+03
8.127732465850945118e+03
7.877827381175769005e+03
7.284856277039179986e+03
7.073632536004042777e+03
6.498916159374639392e+03
5.420776123252713660e+03
5.068955572201013638e+03
3.761347871442678752e+03
3.002188071544987451e+03
2.342940621581472442e+03
1.948000766947483726e+03
1.276087350892015365e+03
8.780611898680841705e+02
5.439623278025970876e+02
7.938189774333704918e+02
4.331407162672499567e+02
5.705712860003743572e+02
4.251934280905963419e+02
4.406098582446905425e+02
9.011498254318308909e+02
2.022202538988759670e+02
9.187194855793573822e+01
2.926567902664083931e+02
1.170371127274864449e+02
-2.390302007257835157e+02
-1.168652684930155061e+02
2.074100647669635862e+02
1.841514298871497601e+02
3.287068588973244232e+02
2.230168596663101539e+02
2.985089452956966056e+02
2.552764100427801566e+02
2.050328886241000532e+02
4.610672682779284060e+02
6.035934671546134496e+02
5.467883644612990111e+02
8.785435107851843668e+02
1.018670332608068406e+03
1.813400772458489882e+03
2.152420377574690065e+03
3.361628766749009628e+03
4.627642500260890301e+03
4.999846082333994673e+03
5.667216061572237777e+03
6.947421652405908389e+03
6.850167818707126571e+03
6.844356215717853956e+03
