6.137879380783022498e+03
6.258710110229681050e+03
7.133568324649969327e+03
7.003897260399020524e+03
6.855246433292374604e+03
6.305971387569605213e+03
5.129566706280143080e+03
4.700354552611870531e+03
3.558154774397927667e+03
3.132541497040360809e+03
2.316503147840224756e+03
1.779340889277775204e+03
1.125465764242646856e+03
4.801403166190780212e+02
8.397783198568829448e+02
4.214648044844866348e+01
3.677901970580107331e+02
2.225118704049559142e+02
6.165955743467327466e+02
2.755855937609523494e+02
1.453399799895249771e+02
2.932040331434554332e+02
3.836872347677341821e+01
-2.038198563810192070e+02
1.195445354413091650e+02
-1.232944194224332790e+02
8.162809082431940055e+01
2.617962049415783099e+02
1.591382143714045867e+02
2.948981304542147655e+02
1.147165269942667152e+02
5.284591606335891356e+02
5.291191057690897424e+02
2.097713689035425659e+02
4.266361281525217919e+02
3.206012496414101065e+02
2.457970398445820877e+02
8.339560083274639055e+02
1.330907582785447403e+03
1.685809240590215722e+03
2.761325287425905117e+03
3.131867474037473130e+03
3.871806868213953749e+03
4.631467237712136011e+03
5.509764314645726699e+03
5.858635811855529937e+03
6.538687080849935228e+03
6.454201325835662828e+03
