1.083877316505231647e+03
-1.390845095973699870e+02
-4.316411891587236482e+02
-3.740273611613158096e+02
-5.729456372094222161e+02
4.338213806215951536e+02
1.089027012619011202e+03
1.989315574869058310e+03
2.617620822014101577e+03
3.756627619160159611e+03
4.391292655260795982e+03
4.183179317079784596e+03
4.977351311050767436e+03
5.359709037653758969e+03
5.786750405236445658e+03
5.812374900022832662e+03
5.643389370301442796e+03
5.874746914009861939e+03
5.765926721410502068e+03
6.008955518526239757e+03
5.912947187304749605e+03
5.948549740256116820e+03
6.056997532149018298e+03
6.412079700586751642e+03
6.458195660837999640e+03
6.054916805649240814e+03
6.115191151266119050e+03
6.158110655443963878e+03
5.858610878881124336e+03
5.776677800215796196e+03
5.743291826037985629e+03
6.358231413994290961e+03
5.661132494422894524e+03
5.565123358178572744e+03
6.087870994775026702e+03
5.613212800925257397e+03
5.533435402897844142e+03
5.333678037270059576e+03
5.124220280965946586e+03
4.395872979109285552e+03
3.979180383290490681e+03
3.165177445550155880e+03
2.127399141728044924e+03
1.644072276411097619e+03
4.612482961596122095e+02
5.271151448907859276e+02
-4.936725553366625832e+02
-9.292989513894726770e+02
