7.483587504117935168e+03
7.486820561803693636e+03
7.210774151907070518e+03
7.618958312759516957e+03
7.573076281860578092e+03
5.949617493190004097e+03
5.587629482286749408e+03
4.976278759300445927e+03
4.033262288088636069e+03
2.774892683118228888e+03
2.216681369461326085e+03
1.792708096114695309e+03
1.855876951183427991e+03
1.142605225393510864e+03
4.668935775776608352e+02
3.940618599507142221e+02
3.192385923693613563e+02
2.449431882195721926e+02
6.762463259427833009e+02
6.789563473341747795e+02
6.037449734654170470e+02
3.068457600993481265e+02
-1.543752595621068906e+02
-3.096932214906467493e+02
2.471961504823646578e+02
4.593066268237961935e+02
-2.175454855470354971e+02
-1.238495653354893591e+02
1.351822792214603624e+02
-5.874298110544276597e+01
5.153273709676308272e+02
2.510810599915225438e+01
-7.868993767777683779e+00
5.584161697755761224e+02
2.164580888833650931e+02
4.979175941729600368e+02
1.141956866011458033e+03
1.462004301990249360e+03
1.130558809822188095e+03
3.107335133798899733e+03
3.119149304660077178e+03
4.271966101952295503e+03
4.389266120941508234e+03
4.701610041416578497e+03
5.616970398326852774e+03
7.631981449860335488e+03
7.502708610229885380e+03
7.270028472341326051e+03
