6.852311498362706516e+03
8.334966472819303817e+03
7.959678538267015028e+03
6.994249804815294738e+03
6.919973876874095367e+03
6.146868640569063245e+03
5.579391893164245630e+03
5.477929603321142167e+03
3.515608258031763398e+03
3.469298713964745275e+03
2.471047012235744660e+03
1.369134142893230091e+03
1.497210968911561395e+03
9.224605380184068508e+02
6.381900893102074406e+02
7.192035294353407835e+02
4.926424657864432106e+02
4.945168339492397536e+02
5.109843371954637519e+02
5.019390312802016751e+02
4.329558307267421924e+02
3.914015395531278045e+02
3.658741378800969528e+02
1.106744736868314476e+02
-2.353541200948166434e+01
3.374974459008170413e+01
-4.793993001556177802e+01
-6.045327531058239856e+01
9.898388399931559434e+01
2.838521402704083130e+02
3.908612112788625268e+02
1.159396180652571502e+02
3.930077607537036783e+02
4.041680165643825831e+02
6.854353964485832194e+02
7.299447311088732704e+02
8.633879788882663888e+02
1.127443990999626294e+03
1.502980471769945552e+03
2.183526873775410877e+03
2.788599142544888309e+03
4.167178683763356275e+03
4.613941780014334654e+03
5.597784617757605702e+03
5.812009506635209618e+03
6.829597906930058343e+03
6.442567466354414137e+03
7.739203492134982298e+03
