6.940090316376893497e+03
7.520672254949208764e+03
6.851167530208707831e+03
7.531276690017091823e+03
6.837716616448044078e+03
6.211388917521857366e+03
6.088027885503473044e+03
4.876913717450431250e+03
3.501053856133778936e+03
3.380831891798612105e+03
2.383383132930185184e+03
1.403582481038203468e+03
1.473399281432713451e+03
9.681735542664888499e+02
8.439489571974905857e+02
1.222384693113328922e+02
5.210201376766168551e+02
2.707985984785666460e+02
4.862839195720854946e+02
3.909771195860440685e+02
4.943616081304490706e+01
3.355846776444774378e+02
-1.820592212704066810e+02
2.275486729941682427e+02
2.128509305882233207e+02
-1.325616686800583182e+02
-3.063724093391098791e+01
-1.257923908233586161e+02
4.795487724788929427e+02
7.172864617244910050e+02
4.940638629773008006e+02
7.646967553076108004e+01
3.784095342623552938e+02
5.707428082810579326e+02
7.907569408843896781e+02
7.355364516910854036e+02
6.503445649043623007e+02
7.507203987044301812e+02
1.254513009539628911e+03
1.905696639005674797e+03
2.426417567203262479e+03
3.128362982500321777e+03
4.130615181742183267e+03
4.791323210940544413e+03
5.431920492053647649e+03
5.852276989302456059e+03
6.580808042144845786e+03
6.539505827914300426e+03
