3.649155710541715507e+02
5.074530600528620994e+01
-2.097083062007986882e+02
-4.327278912513444311e+02
-3.259375974642293272e+02
5.527129178569147143e+02
9.817102971501672073e+02
1.609003725447407305e+03
2.656147295253020275e+03
3.269487945366699023e+03
3.995742302339029266e+03
4.691008082782514066e+03
5.257972777257577036e+03
5.116532665971660208e+03
5.293100142789768142e+03
5.540066177300247546e+03
5.398926270931510771e+03
5.543385547066276558e+03
5.710308190722399559e+03
5.548214216527787357e+03
5.629907307668955582e+03
5.660574069437062462e+03
6.178337618946351540e+03
5.813824183464199450e+03
5.808817108738752722e+03
6.152180575865299033e+03
6.174326091043342785e+03
5.970274494502968082e+03
5.606697490858305173e+03
5.710962234609044572e+03
5.835374535689645199e+03
5.511932796583806521e+03
5.990701365260904822e+03
5.677879256352137418e+03
5.518371305129735447e+03
5.389152602019910773e+03
5.325841482194996388e+03
5.129344649019089957e+03
4.922875800523523139e+03
4.566942121800138011e+03
3.958604661902923908e+03
3.505464023791867021e+03
2.309174949038780596e+03
1.471211596158214206e+03
1.260893614940988755e+03
5.162571653157064020e+02
-2.815098011038286785e+01
4.202436122341825921e+02
