7.643886152828905324e+03
7.633000205920959161e+03
7.936766348855827346e+03
7.439367754061751839e+03
6.656123623055231292e+03
6.501851908337128407e+03
6.462132485738261494e+03
5.112042143128593125e+03
4.159600572442842349e+03
3.839594523490331994e+03
2.626856501506674704e+03
1.629231070944186968e+03
1.038924025215405891e+03
1.154958761335291911e+03
6.401092113687280971e+02
7.150469606774969407e+02
8.106269608230437598e+02
3.795963556054534251e+02
5.388548631672279043e+02
4.045471074452834159e+02
4.581408881403332884e+02
2.302620851032635585e+02
-1.140160607628642531e+01
2.300145327402775024e+02
-1.154167659037270113e+02
-2.236769686380146709e+02
5.968151800268193341e+01
2.701864104999162350e+02
-8.129852405229634371e+01
2.504507982235671477e+02
4.152297005941794623e+02
4.125914927429940917e+02
4.936367248811664581e+02
1.474183157600231198e+02
5.806059240993412232e+02
5.649869265669145761e+02
6.714486931903746836e+02
1.505894948532657281e+03
1.622209988349285595e+03
1.861271386276146814e+03
2.447781720696865705e+03
4.088398443975893770e+03
4.233184507378320632e+03
5.180885605392590151e+03
6.863252730987603172e+03
6.177841962596388839e+03
6.879388565350478530e+03
6.622793595135168289e+03
