6.208234226460625905e+03
7.136749168052523601e+03
7.158426534037673264e+03
6.764899137281462572e+03
6.607571789073253058e+03
6.052860737488724226e+03
5.630170196173420663e+03
4.183286448022419791e+03
3.883696563207957297e+03
2.940830875886952981e+03
1.758255931307582614e+03
1.248236458081714318e+03
1.040594956006063512e+03
1.026884537487925627e+03
5.137653521397394343e+02
5.235234667863730920e+02
2.705943885230751107e+02
2.476610654217401759e+02
4.889411348748853925e+02
2.927022188958013658e+02
3.079273203416398133e+02
-3.820035823685404353e+01
1.766157211801551341e+02
4.362996002842670862e+00
2.253020473678004407e+02
1.390378587100295533e+02
-2.318293354960321722e+02
-4.701533815737043938e+02
-2.126168062603385351e+02
2.418705034101288049e+02
2.768870105966466895e+02
3.105619740356851253e+02
2.449357274494417709e+02
1.331669367771622774e+02
6.854204246554288602e+02
1.984002593747592300e+02
5.166010262877642845e+02
9.556996257789379570e+02
1.274353231802846722e+03
1.375409952667575226e+03
2.238514245188689074e+03
3.430366473844479060e+03
3.982499017669012574e+03
4.680489879132160240e+03
5.618100543884233048e+03
5.743114125525980853e+03
6.409074297741524788e+03
6.006676536724144171e+03
