3.103792385240329850e+02
-3.065967636814806596e+01
-5.038290274191880940e+02
-2.519221364593913393e+02
-1.925832856398890769e+01
4.952899302866799189e+02
1.250281607517398697e+03
1.689471632484486463e+03
2.972587948503791722e+03
3.213715283283881945e+03
4.042429756986085522e+03
4.709663595120417995e+03
4.754602335906862209e+03
5.284889863534203869e+03
5.666800790165418221e+03
5.686445933006000814e+03
5.743196932488196580e+03
5.950357843190044150e+03
5.905562241779611213e+03
5.376098113304965409e+03
5.681255646930824696e+03
6.106157878822259590e+03
5.515484608743074205e+03
5.906578017447049206e+03
6.176456343745156119e+03
5.714043178025653106e+03
6.491755270021797514e+03
5.815851773413060073e+03
5.674813709248439409e+03
6.066974789412822247e+03
5.670011397442745874e+03
5.633123282375175222e+03
5.334336696315544032e+03
5.790684904633126280e+03
5.470532995983322508e+03
5.611336754491451757e+03
5.732054703883327420e+03
5.221625421597049353e+03
4.847977287976537809e+03
4.052979060409135400e+03
3.948299866249019487e+03
3.043966293684028187e+03
2.365108169197396364e+03
1.437433554147447012e+03
9.835466645744472771e+02
3.744930930456542342e+02
6.223218201601412147e+01
-1.720409097781171965e+02
