6.825140962423145538e+03
7.497442733622971900e+03
7.670031186757691103e+03
7.221943116199418910e+03
7.022802418359259718e+03
6.083639955396159166e+03
5.668178199589393444e+03
4.841705799712559383e+03
4.161216652178423828e+03
2.758821756705779080e+03
2.252525880129196139e+03
1.474006469486874721e+03
1.366966609310637978e+03
1.016306445671378583e+03
6.834843546419317590e+02
1.690568194006067699e+02
5.310819575354366151e+01
8.080830299004816197e+02
3.620553798688290499e+02
2.200271039915681399e+02
4.129563904490755704e+02
2.321662051336827517e+02
2.184778810738750110e+02
1.011444911648272154e+02
3.140512862185216392e+01
-1.326145180136747967e+02
1.921268780426797775e+02
7.840777153098976271e+01
3.015619561175065542e+02
3.309473525697734431e+02
-5.828810222022801213e+01
1.075382369818637187e+02
3.129369208100665674e+02
2.882834873622613259e+02
1.367688401600961754e+02
6.730247770088014931e+02
7.016274118301017779e+02
1.167333259016740385e+03
1.326213185550693879e+03
1.936012632195164770e+03
3.446608322427484836e+03
3.120429140581408774e+03
4.470760109228139299e+03
5.077234071937768022e+03
5.564372051596869824e+03
6.599712974675045189e+03
7.005075417207016471e+03
6.651617027097448045e+03
