6.341010579111550214e+03
6.811030131595068269e+03
7.042763943384532467e+03
7.109803782706846505e+03
6.333986466507571095e+03
6.541599854707111263e+03
5.739254622678168744e+03
4.805413741380843021e+03
4.296137658818039199e+03
2.742548602728117203e+03
2.280416181552011949e+03
1.593175906433596765e+03
1.052792283570892096e+03
9.356551859074720596e+02
8.602717625083805615e+02
2.890530738218644728e+02
8.442032359295329798e+02
5.402158679138644857e+02
4.580506679495405251e+02
1.372681596599509533e+02
-6.240700394198993450e+01
3.806832317768298708e+02
1.427153196340394743e+02
1.275581488784694244e+02
-2.836019631831998709e+02
-9.356263753589045962e+01
2.657679848717645541e+02
6.783199832599190415e+01
3.067767754924720975e+02
3.318258094718263607e+01
2.257043023877865551e+02
2.639810385492955334e+02
5.947570995034039925e+02
4.761404600333365806e+02
3.957781701237603897e+02
2.874589986444336205e+02
5.163122233463526527e+02
8.008133981406390376e+02
1.135236252718597825e+03
1.899659909798700255e+03
2.214282941163491614e+03
3.564208487052698274e+03
3.976302577106402168e+03
4.582405433267448643e+03
5.569570571096672211e+03
6.180229743354665516e+03
6.563940615242488093e+03
6.646013576656027908e+03
