5.960865341520887341e+03
6.662816065886966499e+03
7.138263253743607493e+03
6.977069765541674315e+03
6.956915538440906857e+03
6.182781608744970072e+03
5.593607740213467878e+03
4.445763637378225212e+03
3.590325514836846196e+03
2.870596966644860458e+03
1.973057695385349462e+03
1.545136065485248992e+03
6.209667563911234538e+02
8.446944639971925426e+02
9.820194622082437945e+02
2.892227564559993880e+02
2.050383419056250318e+02
6.681692059861073858e+02
4.724428932888291683e+02
2.126822165725509421e+02
3.797505048580395055e+02
2.650904623900272554e+02
2.336795831343607972e+02
2.283710783221148972e+02
-2.303762214798413765e+02
4.250715327099680394e+02
8.328235101089299519e+01
5.420705393363498104e+01
-6.338219854814710885e+01
2.122127521046595291e+02
1.827626685230355008e+02
1.318188288543092028e+02
5.486197974748762363e+02
-5.507160926230390174e+01
5.070390758526588684e+02
5.191472594881305440e+02
4.105919942407500116e+02
1.027853783311373945e+03
1.430291903359616981e+03
1.820125788033084063e+03
2.650038105829457891e+03
3.291773231892404056e+03
4.084373966925905279e+03
5.031579607669350480e+03
5.463185937640427255e+03
5.899069909854895741e+03
6.466533922779628483e+03
6.295140062806186506e+03
