6.601574859068299702e+03
7.439680482940605543e+03
7.540082594148605494e+03
7.865080263308684152e+03
7.684098643435002487e+03
7.751806138673200621e+03
5.398113547262416432e+03
5.046754692039982729e+03
4.421828891671931160e+03
2.834175124614368542e+03
2.635645737154025028e+03
1.762794171833637620e+03
1.647672483160595903e+03
1.067078656971678356e+03
3.170615912738786619e+02
1.688639905221866968e+02
9.295568516916122235e+02
5.264399390770195168e+02
6.967159551120965943e+02
5.862690185329123551e+02
2.493844986458655626e+02
-3.735332199606894932e+01
2.439316680090474563e+02
3.544588382979605967e+02
-3.578760656392466188e+01
-4.549522562360257893e+02
8.809490848853478440e+01
1.318305611511388236e+02
3.837462477488925288e+02
2.948733826064910204e+02
7.561996980055123174e+01
5.010791992438288389e+02
4.507403490615711235e+02
5.690906554259897803e+02
5.553520726033996198e+02
7.615785894267690992e+02
6.236119490494498905e+02
1.163994306161770737e+03
1.701222897252219354e+03
1.996422560576825617e+03
2.474198720842376588e+03
3.579558326818540081e+03
4.061465967410235862e+03
5.233833023200426396e+03
7.245142187965114317e+03
6.421618629035363483e+03
6.345802264057411776e+03
7.525974909877319988e+03
