3.132602222747131577e+02
-3.614233467940274522e+02
-3.889407344342009196e+02
-2.756856396359792782e+01
-1.420337408349972179e+02
6.067061637521126158e+02
1.374880782801462374e+03
1.955262423886686520e+03
2.566056954047716772e+03
3.366393190696679540e+03
4.073412845794389341e+03
4.485186454251147552e+03
4.970051794930755932e+03
5.339418605673846287e+03
5.518338468806005949e+03
5.099489233498848080e+03
5.514145733308274430e+03
5.244020397140319801e+03
5.580982561937221362e+03
5.510403256078022423e+03
6.000633598305216765e+03
5.574108524909634070e+03
5.661339011522790315e+03
5.675580803420780285e+03
5.885095921052216909e+03
6.074432290774348985e+03
5.603416203810118532e+03
5.747919649800852312e+03
5.434733169788489249e+03
5.878450387398401290e+03
5.876850332567156329e+03
5.313172184290860059e+03
5.445477681280473917e+03
5.463679622207897410e+03
5.582441057122391612e+03
5.505070209810693086e+03
5.796702350021651910e+03
4.965527773200475167e+03
4.724694424370026354e+03
4.015774846801402418e+03
3.600998400292272436e+03
2.842694860560131474e+03
2.086884918715567437e+03
1.730795160520212221e+03
8.589860912695978641e+02
1.670090100184506241e+02
-2.094987550662030173e+02
6.580468054288321866e+01
