2.878288718295859780e+02
-4.207540950757093583e+02
-5.986759579862260807e+02
-3.286963028582997595e+02
3.921470268296452559e+02
6.681504572610064088e+02
1.098135787132668156e+03
2.424153022330338899e+03
2.823959104924626899e+03
3.702962955510225584e+03
4.479532257443146591e+03
4.834465506292101963e+03
5.820212579091939006e+03
5.727384536072741867e+03
6.003443796785925770e+03
5.957036577417859007e+03
6.337758829127065837e+03
6.665112718600522385e+03
6.332249978243245096e+03
6.215259049011889147e+03
6.197943061858751207e+03
6.398050116105358029e+03
6.303602131116349483e+03
6.650368249927537363e+03
6.389361653595143252e+03
6.702628848581802231e+03
6.230572865825993176e+03
6.868279249779317070e+03
6.739198966261945316e+03
6.406798197798167166e+03
6.603347360841978116e+03
6.347201061447703069e+03
6.235166565989842638e+03
6.181207351254322930e+03
5.857406652059088628e+03
6.636298649656042471e+03
6.043968194232254973e+03
5.791742192518056981e+03
5.562939567431619253e+03
4.815254579295638905e+03
4.172684961789228510e+03
3.513790897140915149e+03
3.014287574239377136e+03
1.888410689792984385e+03
1.433068462238387838e+03
2.519397648533009999e+02
2.432881196869288942e+02
2.914323901010046711e+02
