6.005455639854923902e+03
6.532960597230468920e+03
6.968714521433932532e+03
7.068450378799003374e+03
6.434074533840494041e+03
6.448567077991046062e+03
5.293884255277353077e+03
4.512383126809964779e+03
4.067006037679537258e+03
2.874660373347171117e+03
2.250781029785632199e+03
1.555026795106811960e+03
1.348553370030102315e+03
9.580617275635751184e+02
6.790670841179251056e+02
6.800274342345794594e+02
6.369078771844655193e+02
4.167888872453349904e+02
3.646973531591220876e+02
2.459990198144074043e+02
-3.160449079236335734e+01
3.970679630408549770e+02
8.706042431633866840e+01
9.020234414215723007e+01
-1.198210128389819289e+02
2.213750634305748832e+01
-1.367566597167488283e+02
-1.935255584763666832e+02
2.501116049771475218e+02
9.495198901644208433e+01
7.252421815789379878e+01
3.123316783678495199e+02
3.558766267090121573e+02
3.978124481556701539e+02
4.198997605809604465e+02
2.446188323350442602e+02
3.532360291924827607e+02
9.060352199561278894e+02
1.267508124765450930e+03
1.807137582619154500e+03
2.523208109332975255e+03
3.188573087145892259e+03
4.019252113824414209e+03
4.897057214421713979e+03
5.574142428762816962e+03
6.365687877435581868e+03
6.554686593161463861e+03
6.460011897068183316e+03
