-3.172360476970478871e+01
-1.853844200959119632e+02
-2.143154965383118622e+02
-3.194039527051875780e+02
5.515757071292848224e+01
6.956699033961911027e+02
7.516373886545750338e+02
1.584315508667106087e+03
2.305823159616099019e+03
3.125604398154937371e+03
3.730388025714123160e+03
4.139837005293903530e+03
4.645280451114073003e+03
4.834567461850422660e+03
5.274662026576766948e+03
5.704090445971665758e+03
5.648043809401215185e+03
5.756367574591837183e+03
5.405198587473943917e+03
5.443776500141451834e+03
5.799895815095595026e+03
5.684428011567322756e+03
5.969468239031149096e+03
5.419150685305429761e+03
5.922093555188904247e+03
5.947460067303697542e+03
5.958731532440949195e+03
5.855863315114485886e+03
5.720544271734381255e+03
5.974313770939422284e+03
5.670907638520069668e+03
5.681543690130152754e+03
5.670204446467234447e+03
5.833982717523937026e+03
5.652822431474021869e+03
5.656210535747859467e+03
5.319271812914027578e+03
5.174730592070816783e+03
4.773825609316589180e+03
4.142020797469769605e+03
3.695444296231592944e+03
3.064493933967719386e+03
2.498880884124071144e+03
1.632198136606963772e+03
8.097778947223290515e+02
3.666722154518972161e+02
-6.326278599878011732e+01
9.898377644023533151e+01
