6.018521133614786777e+03
6.686971611190215299e+03
7.634396095428581248e+03
7.134234136539736937e+03
7.904544805039580751e+03
6.554618224422912135e+03
6.026618667333863414e+03
4.786801104529322402e+03
3.587617450443062353e+03
2.727650891325841712e+03
2.578904379959626112e+03
1.447786636886102542e+03
1.183703076054488747e+03
8.726736856279120502e+02
1.181298933342326336e+03
5.166877950268733457e+02
5.002860746783726427e+02
4.786260713131266584e+02
5.896274915434038348e+02
4.763910765582733688e+02
1.862687553428191620e+02
-3.534636654339050779e+02
2.078328042468880597e+02
-5.511456511877997855e+01
-2.075549135276697825e+02
2.986521645079126230e+01
1.616735600622772040e+02
1.896234793637803193e+02
2.067581087381836937e+02
3.062149255504564849e+02
4.078240432046417823e+02
4.548954673743202193e+02
4.044336430983827313e+02
2.693046837506682891e+02
5.417326810721194761e+02
4.016756152014297641e+02
6.509157336600300141e+02
1.046770694269494470e+03
1.428082975410899962e+03
1.848912447583949643e+03
2.370734458718322458e+03
3.366351184209212533e+03
4.299947222801223688e+03
5.676516426486299679e+03
6.052535907676334318e+03
6.653077045117913258e+03
7.860693041594246097e+03
7.261053805922391803e+03
