7.559503399942144824e+03
1.014485773981648708e+04
8.354904483176398571e+03
9.055414316561686064e+03
7.686907039523908679e+03
6.405414029519521137e+03
7.025440233427302701e+03
5.352972228912690298e+03
4.510962965456676102e+03
3.566266219860266119e+03
1.999863946432561534e+03
2.418535593876798430e+03
2.155502284736639922e+03
1.280094758410098393e+03
5.304873712898415761e+02
9.772210111027560515e+02
6.319511345806573672e+02
9.831791724474176419e+01
6.327394656732697058e+02
4.401400122999990003e+02
6.303576994502715252e+02
4.332283782222457944e+02
6.894458236280115671e+01
2.983886275421892265e+02
-9.905012808632700683e+01
-1.198132957888071388e+02
5.210400704697382253e+02
-6.047434396942694690e+01
1.509497680928893146e+02
1.530046183275434259e+02
5.766129610880802829e+02
9.263485173690071406e+02
6.227085317908985473e+01
5.149989099852218715e+02
1.772291157711470362e+02
1.114989208575329940e+03
1.017687231847289695e+03
1.027147390463048851e+03
2.006845602834578358e+03
2.153166086193938099e+03
3.473816921908687164e+03
4.133425521786697573e+03
4.351629711696525192e+03
5.141069783480335900e+03
7.889917648427868698e+03
9.115795491776540075e+03
7.971038282222333692e+03
7.995319170586548353e+03
