6.765410717123681934e+03
7.001449760730487469e+03
7.787931957642020279e+03
7.817589531039820031e+03
7.836792250546304786e+03
6.457950063188531203e+03
6.004943245638104599e+03
4.981798235767913866e+03
4.235988228979126689e+03
3.106190449838392851e+03
3.273957556318625848e+03
1.797634677246539923e+03
1.781923988837680326e+03
9.751220316898796909e+02
3.900898225225974443e+02
2.729960023582705162e+02
2.718110222871461588e+02
4.372883025739998857e+02
2.282958044551903853e+01
2.663735729679592055e+02
-7.302224147458714398e+00
2.962208072492115321e+02
2.681735254939937931e+02
7.341983093121835680e+01
1.188229351909908331e+02
7.154204353580858822e+01
1.826569818057146790e+02
-1.238940535693359806e+02
3.669890174246671677e+02
2.464056247808510847e+01
2.314182842957962976e+02
1.510625109660135195e+02
4.909115404961538616e+02
4.764220420220680694e+02
6.879924935278157818e+02
4.329080146535764584e+02
1.281181281889954334e+03
9.297332297517639290e+02
1.294424810949271432e+03
1.723964858518709661e+03
2.133923686751066271e+03
3.103777419374417605e+03
4.313291903178237590e+03
5.372821022745216396e+03
6.182815678468195074e+03
6.733806877755813730e+03
7.541445590842082311e+03
6.648869508703092833e+03
