7.250393794760799210e+03
8.456810651643560050e+03
8.215247871608444257e+03
9.010991090737659761e+03
7.160472221755879218e+03
6.096470774971057836e+03
6.070589152252729036e+03
5.321391683132137587e+03
3.904667589706125455e+03
4.270172335609099719e+03
2.077351616656960232e+03
1.518285047530715019e+03
1.145926383497126153e+03
9.813179193998039409e+02
7.067940538476942720e+02
6.245929196302864739e+02
4.609497076203498978e+02
2.832725449415729031e+02
6.533363393512753419e+02
3.431184848410729273e+02
1.557780294542273793e+02
1.405262265896373890e+02
-3.802521134608497988e+01
-1.446820305445035046e+02
-5.310436086273188039e+01
1.859139738779723814e+02
-5.337691447990055593e+01
-8.123486545976498974e+01
2.970527857976368313e+00
3.791463222241174549e+02
2.399765321396372144e+02
4.007648878987280341e+02
1.918518700739930978e+02
4.244702190306202851e+02
8.224897469579423159e+02
5.571624517408997690e+02
3.771826795912808166e+02
1.101443793467640944e+03
1.427476471485327465e+03
1.750027211328209205e+03
2.616624980613348725e+03
3.838072682893674028e+03
4.781287218460308395e+03
4.847738490305096093e+03
5.646324637642250309e+03
6.242562135841803865e+03
7.011887602225373485e+03
7.603436798452094081e+03
