7.572273445145566257e+03
6.599102913737670860e+03
7.130938502385884021e+03
9.362537972635280312e+03
7.635401594736661536e+03
6.528317463989439602e+03
6.215035756965488872e+03
4.720683990674187044e+03
4.266017942581113857e+03
3.783194321870108524e+03
2.254855806401528753e+03
1.612914845715107731e+03
9.969189036094782068e+02
9.233160743831338095e+02
9.393996525172591419e+02
3.356811588707909095e+02
6.232832318681837478e+02
3.173205212820487304e+02
4.492409026440048478e+02
5.510772087306926323e+02
-1.248576816382964978e+02
2.099793293718509517e+02
3.138754901265522790e+02
-1.324739920272729137e+02
-2.009556615836945426e+01
3.246614582797813000e+02
-1.484043922510501545e+02
2.085345983429075147e+02
-8.913420221667233534e+01
2.686496278039147114e+02
-2.122510033351714043e+01
-8.355510042314658392e+01
3.555489230481112486e+02
2.396156836508296806e+02
7.485885043835223769e+02
7.071082670268183392e+02
4.335925776579462649e+02
7.992002583463550991e+02
1.552591194447594717e+03
2.580572310192183977e+03
2.301339170943812405e+03
2.911585799092426441e+03
4.651131396500024493e+03
5.979560663218926493e+03
5.068086835424358469e+03
7.112899383557293731e+03
7.050150007699200614e+03
6.506628517332199408e+03
