6.128111987656095152e+03
7.249050802114463295e+03
7.133751404381096108e+03
7.419344338352064369e+03
8.341558148507287115e+03
6.144283975244093199e+03
6.638963855426788541e+03
5.198525570863594112e+03
3.596918268391585116e+03
3.004568615365640198e+03
2.333814331254296576e+03
1.577607847840210979e+03
1.197324505221584104e+03
6.175171414808914960e+02
4.523405443461726350e+02
4.451646257091611005e+02
3.405622076711964041e+02
6.479119837170638903e+02
7.312363628278205852e+02
4.430057168028059209e+02
1.285086332485880973e+02
6.509322966094850671e-02
2.234602722691151655e+01
-1.066102110540224714e+02
-6.629857887912513092e+01
-8.800981748632595725e+01
7.763618334003962218e+01
6.304304414690943759e+01
-1.475364121644841475e+02
3.626609750713084850e+02
9.158507774106121246e+01
6.126445986605392591e+02
4.330724611173221206e+02
7.972651830215170321e+02
6.453289704841980665e+02
5.794553562134799449e+02
8.341205607915989049e+02
5.510910105453377810e+02
1.604633625231721453e+03
2.137740604486939446e+03
2.888201461165887395e+03
3.209548234125796625e+03
4.360346394318129569e+03
5.393953976271439387e+03
6.031064879346181442e+03
6.389544242221603781e+03
6.609765701060116953e+03
5.842502781014628454e+03
