7.221688256989832553e+03
6.528263716667274821e+03
7.818712905953238078e+03
7.138393059820634335e+03
8.003958457268976417e+03
7.971968766985257389e+03
7.611630773798523478e+03
5.358299849485661980e+03
4.455119983494195367e+03
2.747377696300368825e+03
1.919002741510709711e+03
2.430964494109398402e+03
2.183195806268185152e+03
1.465781835883360827e+03
5.754491798202617474e+02
7.840933818511780373e+02
5.269425022214915089e+02
1.641966971861116633e+02
5.411777772827933859e+02
2.111514222873677511e+02
3.567667604831158883e+02
1.119374014573335501e+02
2.914457082008274256e+02
-4.709869996426623828e+01
2.550254740590819580e+01
-2.373060438544055728e+02
-1.125964483441693353e+01
6.153470377329013985e+01
-1.670575612368168095e+02
1.584741872580214306e+02
2.054414340188067740e+02
6.006941990660660622e+02
9.259632859583908271e+01
7.530637690134997229e+02
6.886146215072900532e+02
7.569775119662915586e+02
6.436631490454459481e+02
1.267462343962888781e+03
2.302878756699696623e+03
2.732597451090286540e+03
2.725985861548808771e+03
3.897801953633012545e+03
4.756934636043446517e+03
5.947361303360844431e+03
6.437420710454960499e+03
7.300265458690579180e+03
6.223627680879092622e+03
9.418347509850262213e+03
