6.828379995970142772e+03
8.736108048323600087e+03
7.585289193967984829e+03
7.591820656328603036e+03
6.855823611029534732e+03
6.098537760402290587e+03
5.538798530620070778e+03
5.649728173800717741e+03
4.101326262168904577e+03
2.442618595007176737e+03
2.811096353703722798e+03
1.570028424829176629e+03
1.851308696560201042e+03
1.580741743462623845e+03
1.091050597945866002e+03
9.169478994955597955e+02
3.324494554684752075e+02
2.421161529273102246e+02
9.814544258338092675e+01
5.544075382187065770e+02
1.105472826792722856e+02
3.209469116266762967e+02
1.504773322818198089e+01
-9.437305899982285951e+01
-1.391116305312912402e+02
-6.475334872622579496e+01
4.833963088258691414e+02
-2.501129309308278792e+01
4.545534335562362571e+01
1.934065983590164990e+02
4.451530389801398542e+02
3.176013772425166053e+02
4.545306636426552700e+02
7.120824206648126165e+01
5.807131286897874816e+02
3.212343628796849089e+02
5.403281592172191949e+02
9.337667398726467809e+02
1.085405304742218050e+03
2.114879911582953810e+03
2.891589509670599000e+03
3.692766199837031763e+03
5.222165776834621283e+03
4.761879039195559926e+03
6.107195739835358836e+03
6.896335456163405979e+03
7.457111696697555999e+03
7.113290768041550109e+03
