6.372713807179045943e+03
7.716721737198717165e+03
8.089405186782466444e+03
8.581859991474253547e+03
6.994604219744293005e+03
6.753901754700185847e+03
5.815755191336195821e+03
4.656814905063739388e+03
4.087281103457929021e+03
3.613281156127427494e+03
2.156761274492937446e+03
1.931435589074868858e+03
1.760645240209900749e+03
8.006327659978555857e+02
3.270045274583972628e+02
6.271250262436336698e+02
4.776220975007977358e+02
1.777177136989539008e+02
5.950986482713606165e+02
7.580763352254958818e+02
3.485633401260758433e+02
3.360889063395409835e+02
2.669788218292940201e+02
3.589204023447188092e+02
4.055281706535327544e+02
1.743791827277491677e+02
-1.381949262865024650e+02
-1.378390212161995407e+02
2.485144635932697668e+02
4.146745922024419428e+02
8.161435605976119234e+01
-2.204793208999820209e+01
3.246763108497253825e+02
4.691092542052517729e+02
5.208636490394521843e+02
1.011824951797063591e+03
7.556497576700822947e+02
8.172094898589297145e+02
1.430640171476017258e+03
1.938550587495348736e+03
2.907859749681725589e+03
3.565151607885056819e+03
4.374672166504726192e+03
4.905463553412026158e+03
5.977219633058678482e+03
6.565793143095040250e+03
6.591259145113236627e+03
7.075804372508435335e+03
