7.503079742641005396e+03
8.229786190722759784e+03
8.213741205302567323e+03
7.433697237497935021e+03
7.206972057228815174e+03
7.678924014952502148e+03
5.415442997226539774e+03
5.977232259589774912e+03
4.271328727449681537e+03
3.746701033723729324e+03
3.504385581774771254e+03
1.394025049024235614e+03
9.822030927902176245e+02
7.304778018172410157e+02
7.353633375923052427e+02
7.631586810641066450e+02
1.746007234511399702e+02
5.113285253194031270e+02
5.738746955269887167e+02
5.432563637887827781e+02
7.070863358776834957e+02
-1.206650261502482522e+02
3.210282039880984257e+02
5.753812091568143217e+01
6.827140660723226517e+01
-6.479110296163345595e+01
2.597714966816801621e+02
6.604873498070085702e+01
1.533521734862335961e+02
4.128197552328825992e+01
-1.366776665245855327e+02
5.136010795323294360e+02
5.742264258245144219e+02
4.232190257670025630e+02
1.024525476879960706e+03
5.135439576750765127e+02
6.818866398320227518e+02
8.391897592089009095e+02
1.717673590995695804e+03
1.696559306099479727e+03
3.598184690601086004e+03
3.772913559358096791e+03
4.447299235113196119e+03
6.210619059786234175e+03
6.009004270935974091e+03
6.836613082664512149e+03
7.997631520408341203e+03
6.422699181602140925e+03
