4.732018899910449363e+02
1.854977927681042900e+02
-7.007238974677954957e+02
-5.078624764023156786e+02
2.567754557378000513e+01
5.242091455371784150e+02
8.568979494593393156e+02
1.567673649640215672e+03
2.800590221840436243e+03
3.267729558873212227e+03
4.097054951001992777e+03
4.411541907103487574e+03
5.121160491461665515e+03
5.314420728422094726e+03
5.591638055509322839e+03
5.475634439481879781e+03
6.003041321629862068e+03
5.217489678101788741e+03
5.680015709102285655e+03
6.025884135015986431e+03
5.861701173783595550e+03
5.897774685419571142e+03
5.949084446667773591e+03
6.130158707527947627e+03
6.088635670204863345e+03
6.193105982053098160e+03
5.701085197910932038e+03
5.871744772626505437e+03
5.388528362728171487e+03
5.635799204136451408e+03
6.090623351137249301e+03
5.884695849435535820e+03
5.680882687198152780e+03
5.668872898602216992e+03
6.074025218317146937e+03
5.820731003894647984e+03
5.190491380814663898e+03
5.202912983520147463e+03
4.944495821718891420e+03
4.280849826968185880e+03
3.825394926877646412e+03
3.265747686602252088e+03
2.243960431330810479e+03
1.859316466001764411e+03
1.052395762365938026e+03
3.982143868625058758e+02
6.067942677457629088e+02
-2.227720640950806228e+02
