1.805102358966732652e+02
5.349831943027533043e+02
1.136346112996337787e+01
-3.617614068053810570e+02
-6.187259622841069131e+02
2.536304777600992679e+02
-1.726904096972050340e+01
1.798266519528053550e+03
2.771951238961573381e+03
3.461290508489541935e+03
4.397515037965751617e+03
4.855822853274669797e+03
4.920187755024852777e+03
5.330741575339325209e+03
5.810641667597446030e+03
5.889784729605315079e+03
5.515824157553121950e+03
5.711993424200101799e+03
5.603993987805233701e+03
5.657060449568217336e+03
5.534066153160654721e+03
6.111364404887466662e+03
5.794036755680633178e+03
6.131556926787773591e+03
6.168169678259219836e+03
6.039474695845759015e+03
6.266406406716093443e+03
6.014429421355370323e+03
5.829527212904313274e+03
5.818699028173473380e+03
5.672422898139595418e+03
5.954298048212213871e+03
5.674204509801500535e+03
6.077029478428236871e+03
6.241325896757418377e+03
5.686635205337968728e+03
5.884356439511831923e+03
5.918226415246344914e+03
4.756123589175776942e+03
4.478183009977647998e+03
3.531678782590912306e+03
3.327326099286730368e+03
2.477452852234335751e+03
1.180699434594351715e+03
1.153843590297949504e+03
1.727013771378715035e+02
9.619748809179013449e+01
1.048754650973832554e+02
