6.511130602855352663e+03
6.874910719086239624e+03
7.273626107329747356e+03
7.111383879238430382e+03
7.276753039819147489e+03
7.288617803498442299e+03
7.699202422425121767e+03
4.550969701236391302e+03
5.021240580794728885e+03
3.718988989449705969e+03
2.658695691054398139e+03
1.560480054605831810e+03
1.550392802027515245e+03
1.109596498395654407e+03
5.263197289684806037e+02
5.839755084179212190e+02
3.851539920796117826e+02
5.534266101614571198e+02
4.732300441544653609e+02
8.878463338291086302e+02
2.855267723161592244e+02
9.164308399784816572e+01
5.258080430573694741e+01
5.331000821460955308e+01
-1.133681356112973901e+02
-2.676036685341017574e+02
-1.342094485114616873e+02
1.484969238993593876e+02
-1.465567280070598599e+02
4.969268907379879465e+02
3.033146291755532502e+02
3.124919238387279847e+02
7.146024387341832380e+02
3.447559898053967800e+02
7.062991703019458782e+02
2.722798409423361932e+02
9.031787084739714828e+02
1.219060393081131451e+03
1.323935181459875366e+03
1.779543069139088175e+03
3.566237845680077953e+03
3.656641441065644813e+03
4.132219724881315415e+03
5.352948596769608230e+03
5.714223160854602611e+03
6.184303631576935004e+03
6.773191319065701464e+03
7.790775997801418271e+03
