6.306972196359847658e+03
7.035600463219236190e+03
7.250688365253876327e+03
7.214993008543450742e+03
6.463750277679888313e+03
6.364708363280675258e+03
5.902915076110705741e+03
4.829539288860320084e+03
3.800857940419182341e+03
2.836201167426732354e+03
2.346231598107098762e+03
1.641544043909873608e+03
1.120854886401626118e+03
8.043139544862427783e+02
-2.254974949481046451e+02
5.181749374798473582e+02
3.905324353274482405e+02
3.774922482708285543e+02
3.101300327540156445e+02
6.434645666938530439e+02
4.064001040620755134e+02
4.908000607747326853e+02
2.184336499234039479e+02
3.005052919828412996e+02
4.685294504318401891e+02
-2.896677332250831327e+01
-9.489105725863352347e+01
6.809407582295749251e+01
2.178087315862588014e+02
2.320727158672395092e+02
7.300046546795728091e+02
4.049565979492490442e+02
3.852175034499978210e+02
5.036320056547390323e+02
2.338119796049809622e+02
8.540043279463917258e+01
3.294194081687564903e+02
8.752546705966151421e+02
1.552973150044123713e+03
1.575367142788825731e+03
2.394220924813780130e+03
3.375300028673002089e+03
4.399894026052227673e+03
4.577289719888611216e+03
5.695564321661011491e+03
5.887748000049696202e+03
6.683644140495403008e+03
6.494486649802426655e+03
