9.462401762032328634e+01
-2.303462461375174541e+01
-2.859133777732164958e+02
-7.807628869465918342e+01
-2.154782199434543202e+02
5.078784934047632191e+02
1.502902695437397142e+03
1.979650404022504517e+03
2.475664376935534165e+03
3.210908180756367983e+03
3.846681468085080724e+03
5.020206389836324888e+03
5.078977938037878630e+03
5.604177602589505113e+03
5.824502036604960267e+03
6.336150995049916673e+03
5.949268332742075472e+03
5.951192792209583786e+03
6.355031288074718759e+03
6.163892086840809498e+03
6.695018795216651597e+03
6.338668183114679778e+03
6.080174700523501997e+03
6.249615790903076231e+03
6.276843938073601748e+03
6.518084544896355510e+03
6.151598966209581704e+03
6.222699138880221653e+03
6.244103103383360576e+03
6.198070880704734009e+03
5.930577691150827377e+03
6.052286602900243452e+03
6.069076902659829102e+03
6.509804774568247922e+03
5.979558312722286246e+03
6.009771708062009566e+03
5.481064459771410839e+03
5.243993883824853583e+03
5.747805625129192777e+03
4.601249220325355964e+03
4.433743152280148024e+03
3.377749326630455016e+03
2.830685090363761901e+03
1.467949829376855405e+03
6.155698477466961549e+02
8.686718924471171022e+02
-4.680080199129349126e+02
3.145629131097314257e+02
