-2.001813734744040474e+01
2.623603321152262424e+02
-3.525361791496833916e+02
-4.236817673800375132e+02
-1.195983216453494435e+02
6.534740734072759096e+02
1.192856394863146988e+03
1.953250355065226586e+03
2.583178693749401646e+03
4.410159666308870328e+03
5.174698642358726829e+03
5.516736366823811295e+03
5.679266699914603123e+03
5.922230224578137495e+03
6.049077707810119136e+03
6.045759490506957263e+03
5.632729543571125760e+03
6.431615106629632464e+03
6.393402508072633282e+03
6.253476194815352756e+03
6.212474789991720172e+03
6.324405907115947230e+03
6.657019407816759667e+03
6.698042120221244659e+03
6.613455306590227337e+03
6.650871087892828655e+03
6.620722780249984680e+03
6.540752607207748042e+03
6.498133288136483316e+03
6.351203533385225455e+03
6.139014717069198923e+03
6.218359499529718960e+03
6.385910503279392287e+03
6.029050805658335776e+03
6.589256117734047621e+03
6.232270930749182298e+03
5.847315348341894605e+03
5.675256791631625674e+03
5.274101738527219823e+03
4.644395478806189203e+03
4.246726717487859787e+03
3.487018716764910096e+03
2.860166471457959233e+03
1.888120839678004813e+03
1.228936794384404720e+03
1.087535139763703455e+03
4.167536148414212107e+02
4.572200927369418650e+02
