6.670150606597667320e+02
-2.209041624372995614e+02
-6.533867710111683209e+02
-3.423119942503365678e+02
1.276376094019663014e+02
4.219502576370691145e+02
1.108045792925333217e+03
2.120455002297594092e+03
2.830799275020523510e+03
3.454982536511417948e+03
4.278144893316373782e+03
4.756370314515106656e+03
5.234020788538660781e+03
5.499325270374229149e+03
5.827087527999595295e+03
5.965018224051999823e+03
5.644709979178284811e+03
5.822932238128922108e+03
5.812857590012921719e+03
6.046450094480733242e+03
5.831299618728207861e+03
6.157850534086227526e+03
6.086630399678007052e+03
5.844196878923469740e+03
6.210921356267930605e+03
6.374106730975347091e+03
6.064687937869154666e+03
6.345947076977210600e+03
6.260024324286745468e+03
6.190764284986753410e+03
5.655858703019825953e+03
5.769079628960015725e+03
5.694077833199824454e+03
6.185705603077811247e+03
6.138499393744685221e+03
5.588373814326484535e+03
5.674093217737698978e+03
5.475782729144826590e+03
4.622181178116795309e+03
4.270387442941134395e+03
3.751584604907314770e+03
3.058152768170662966e+03
2.761412501012790472e+03
1.501113020352598369e+03
1.222417190013494746e+03
4.796020580086956784e+02
5.516811330412730285e+02
-1.234993316489222224e+02
