6.916928328209910433e+03
7.216569826578592256e+03
9.626567231021395855e+03
7.477935561715523363e+03
8.832721168314717943e+03
6.672547203993307448e+03
7.463006315384944173e+03
4.364730530086781073e+03
4.562293610301911940e+03
4.958760354168038248e+03
2.959012480173427775e+03
2.013955299047278231e+03
1.289425096548093734e+03
8.903073512091748398e+02
5.925002864196251267e+02
6.089926956000040263e+02
4.998991318665889594e+02
9.033666523828395611e+02
5.203776343618384459e+01
4.686246534735510636e+02
5.165422819999340618e+02
2.696415234212005885e+02
-2.509397627536725395e+01
2.498082635603160213e+02
4.012829847601753954e+02
2.674144656111938616e+02
-6.617271148368797640e+01
-1.897970933836048744e+02
1.429989639194335211e+02
2.146167637184194632e+02
7.399077032592093701e+02
2.811697678981348076e+02
5.274346106070431688e+02
4.848544926883574249e+02
5.403793783062884586e+02
8.465739131306388572e+02
1.391419202273190649e+03
1.738380280082234322e+03
1.927522297882366729e+03
3.710799067582177940e+03
3.304584951159880347e+03
3.509917491104566579e+03
4.477462962216151027e+03
6.546770997660803005e+03
6.815972274614015078e+03
7.734279407820001325e+03
7.641808549283005050e+03
9.416865026766228766e+03
