7.088498199468215716e+03
6.887925542790824693e+03
7.155057878218982296e+03
7.505221419789062566e+03
7.169481750694917537e+03
6.823043366419335143e+03
5.489194739399415084e+03
4.758689077622741934e+03
3.612728577585551648e+03
3.460090834130247458e+03
2.380823321545106410e+03
1.709357095352853776e+03
1.192975070189917005e+03
6.782061193331802542e+02
9.149978457076606446e+02
3.002596429027115050e+02
6.518243072535748297e+02
2.820254267697271189e+02
5.883822199018258203e+00
4.571078053849744833e+02
4.159111081093402618e+02
6.231354088621657894e+01
9.055299991290997497e+00
-9.889784939652157902e+01
1.934969386348039322e+01
1.233151318126156326e+02
-2.871943133613419974e+01
4.835799902488641919e+02
-6.005365673925501824e+02
3.793255968002889063e+02
-6.468144135117351823e+01
1.715325295477097427e+02
3.095984273249312650e+02
3.167527500828112466e+02
3.320165693997033713e+02
2.698617184326188294e+02
8.141780869937279022e+02
6.613887188973462798e+02
1.161365010543588369e+03
2.109666801611370374e+03
2.276187960020370610e+03
3.567459857427380030e+03
4.395687710974178117e+03
5.516842351093866455e+03
5.689898677663049057e+03
6.268917861175659709e+03
6.645779341483524149e+03
6.065138770014546935e+03
