1.463768206359678459e+02
3.183841530041338501e+02
2.493744342629616142e+02
-4.521786904599222794e+02
-8.091873190704465060e+02
5.472306016273022351e+02
1.216647831321189415e+03
1.953021038475393425e+03
2.376721732523191804e+03
3.187403994291054460e+03
4.104168273380462779e+03
4.354315480708251926e+03
4.671147521526829223e+03
5.374045329331393987e+03
5.809306536523297837e+03
5.493622283427647744e+03
5.445496371684267615e+03
5.464968256513222514e+03
5.259085038247023476e+03
5.512567475989733794e+03
5.906425396633932905e+03
5.831822677761229897e+03
5.887819208068958687e+03
5.737957386000060069e+03
5.850004652317825276e+03
6.017711134905276595e+03
5.879687066823476016e+03
6.001528262815638300e+03
5.820436175989924777e+03
5.637220234881928263e+03
5.781611547705380872e+03
5.634343114040206274e+03
5.627754363978751826e+03
5.751637597415951859e+03
5.427554960283406217e+03
5.708798208373038506e+03
5.339248260879515328e+03
5.213981879427209606e+03
4.827599550416167403e+03
4.274418783922121293e+03
3.589960468182862314e+03
2.928313625772261275e+03
2.586394437619605014e+03
1.782223059168006557e+03
1.240920908248683645e+03
1.200590032643198697e+02
4.115420521930388986e+02
-1.046789075393974997e+02
