5.843455914939205286e+03
6.871752756968237009e+03
6.819266550384424590e+03
6.975481317346590004e+03
6.850855237960247905e+03
6.173882448511167240e+03
5.309760911210417362e+03
4.825467737714880968e+03
4.313628032029233509e+03
3.100247591283677139e+03
2.233291721101672010e+03
1.816422750023026083e+03
8.259967490527189966e+02
6.979142023470911909e+02
7.442280112312203073e+02
5.608810511561617886e+02
3.824336230425438430e+02
9.208256467600014048e+02
2.458001542097816809e+02
2.018262109758912572e+02
2.248454770621619900e+02
2.757919735875982497e+02
1.772693108517736675e+02
2.196838951990418423e+02
2.328264665863722200e+02
-5.076586583061244369e+02
-1.550338448964040481e+02
1.075594848245132056e+02
2.788403146017827225e+02
1.584693185365586920e+01
3.409322119803999840e+02
3.297959994126750871e+02
1.269162584535192480e+02
1.172889491390561858e+02
4.152412043168145033e+02
3.645253627666326111e+02
6.717031158686751269e+02
5.039280095992115207e+02
1.378387440416458048e+03
1.813370467751614342e+03
2.464261157678725795e+03
3.239255386300984810e+03
3.725051647021999997e+03
4.793604281593638007e+03
5.344979103465028857e+03
5.757124350839281760e+03
6.297879018771732262e+03
6.230750801089332526e+03
