5.863283800991128373e+03
7.798479117765370574e+03
9.317364833783381982e+03
9.554142547779551023e+03
7.006469870455778619e+03
9.811166849807717881e+03
6.291068701192258231e+03
6.922664498124442616e+03
4.168856874495759257e+03
3.694309704811224037e+03
3.607586516428212690e+03
1.788409139272137054e+03
1.443103793818149370e+03
5.934185441037992632e+02
1.232877853569239278e+03
6.875620659072862964e+02
3.557115406547595740e+02
9.718040649873000802e+02
5.241055285083440367e+02
6.582717388867229147e+02
3.127936238636656299e+02
-1.315513891500610555e+02
2.597983893844414069e+02
1.100277057218770977e+02
-6.039624342940039270e+01
-1.991800666411349141e+02
-2.483459460441328872e+02
5.309364887183286328e+02
1.722292043289731396e+02
1.938414748085621966e+02
2.912424692734845735e+02
7.069531870886207798e+02
1.601999991328625583e+02
7.312438754173027746e+02
6.413619391099019822e+02
1.015604581151595539e+03
1.224851831720141263e+03
1.301836637978562294e+03
1.943728611882560699e+03
2.420531481121320667e+03
3.254491185103696353e+03
4.827746225486208459e+03
4.828308149613701062e+03
5.368136097908506599e+03
5.266114213196619858e+03
7.033034450559166544e+03
7.967328160477430174e+03
6.149446656180436548e+03
