6.741594876164854213e+03
7.926116911431947301e+03
7.492327813914844228e+03
7.580626526219890366e+03
7.372906051558380568e+03
6.346350481435959409e+03
6.018316186192560053e+03
4.917036574356772689e+03
3.732670406238882606e+03
2.727686194082981729e+03
2.458258538412961116e+03
1.792865237272922286e+03
1.314114736331304812e+03
8.828207663351744259e+02
5.859506155144248396e+02
2.684091996308291641e+02
2.351460448031273813e+02
2.751266544851281424e+02
3.153706668194895997e+02
1.287385306907945903e+02
1.102928830254936372e+02
-1.662352707092159676e+01
2.572884096927457449e+02
5.479303191525943930e+02
-5.112955089444673717e+01
-6.507389457527156651e+01
4.686372204811850573e-01
2.352107071903384110e+02
3.174150976473978290e+02
1.869629341474555417e+01
5.208839065592291036e+02
1.132038543490571101e+02
2.746090051553280453e+00
8.396513787858013700e+01
2.086127835822105396e+02
3.805624823086556034e+02
5.079972126283647071e+02
8.050483450185600987e+02
1.421664851156174791e+03
1.321924526854068745e+03
2.669397293150066616e+03
4.048117311534172586e+03
4.232003688144436637e+03
4.845981662033629618e+03
5.456669335512392536e+03
6.485477996887886547e+03
6.744005782026504676e+03
7.182600197764352743e+03
