6.243772127504133095e+03
6.886360191306102934e+03
7.119000585348715504e+03
7.504176631167420965e+03
6.842865727045704261e+03
6.584777870795410308e+03
5.744072483236744119e+03
4.726712479894378703e+03
3.551564674652422582e+03
3.119241932473505585e+03
2.408668214299537794e+03
1.710833668627722773e+03
1.132574673748184978e+03
8.429001144500959981e+02
4.861036690083377039e+02
4.193138080061518167e+02
2.852645620775628572e+02
2.240787454017878702e+02
4.534694339735742687e+02
-3.716713777874456923e+02
2.555316791495059476e+02
3.169115997355455647e+02
1.977552437243634245e+02
-2.167046580741317428e+02
-5.644674479495208175e+01
2.704417224382563845e+01
2.515172710744151630e+02
3.002615271141937683e+02
5.579700876221011185e+01
3.976414763589389167e+02
6.742783560216319074e+02
2.111066489181602179e+01
4.609394553713023868e+01
8.625054156728016324e+02
2.689150267932433280e+02
7.011149305108133376e+02
6.532758841188430097e+02
9.905619436476482633e+02
1.019445208784132092e+03
2.112207307549912912e+03
2.332051624142186938e+03
2.988790186077888393e+03
3.833893915399228717e+03
4.801541362191979715e+03
6.268781416649793755e+03
6.384024095522325297e+03
6.491484923455363969e+03
7.226629007728229226e+03
