6.121845422684338700e+03
6.702848307921388368e+03
7.145215723613504451e+03
7.288502678342704712e+03
7.187306967267766595e+03
6.569539441358247132e+03
6.052571354048268404e+03
5.130502617470265250e+03
3.972846249620768049e+03
2.917285217292986545e+03
2.259597928404130926e+03
1.588233465245236857e+03
9.918115299089207610e+02
9.100665078724313162e+02
6.376451273498893215e+02
4.509754327105629272e+02
5.306298821173610349e+02
3.336130361226188938e+02
4.152879025720542359e+02
4.658723308386246345e+02
2.293454879250397767e+02
2.217307896667101090e+02
9.428535675524605608e+01
7.367558659093076301e+01
2.158880131263009332e+02
1.890165541624737955e+02
1.945110441835126949e+02
8.251690487406216334e+01
5.140646749601747842e+02
6.633712005651776735e+02
1.420828953115117770e+02
3.458490371141123774e+02
5.356134989582380967e+02
-3.861383631286014406e+01
1.866602084529010028e+02
4.920093309779846322e+02
3.946414102576324581e+02
7.683820329981842860e+02
1.234119972508887940e+03
2.096583278822754437e+03
2.383178205880015412e+03
3.337124329084153942e+03
3.742968533184279750e+03
5.157003238082873395e+03
5.649162190295791333e+03
6.946387369525908071e+03
6.572043165871861675e+03
6.351501314580385042e+03
