9.173851111742676949e+03
7.335256401023576473e+03
8.631386440946344010e+03
8.568674279453538475e+03
7.976627022642990596e+03
8.623810281689189651e+03
5.907766847984711603e+03
5.000631462642751103e+03
3.808220749187899855e+03
3.040341178423178917e+03
2.997416629910266693e+03
1.563923893411891186e+03
1.630702187218005747e+03
8.481488211687307057e+02
7.843773880951981710e+02
8.534709046604199330e+02
6.558717886960221222e+02
2.520072104427777049e+02
4.839759076260384631e+02
8.612868219276065247e+02
4.354499038681011029e+02
1.771753288403527051e+02
2.949626720646265454e+01
1.495063258873586847e+02
-1.158253257138795220e+02
-7.038843310380019602e+01
-2.151324431679638138e+01
2.271366100388124494e+02
4.046059498164343040e+02
1.831947427745224104e+02
4.391317080419897820e+02
2.881845096801849309e+02
4.197568053996959065e+02
3.031418368696600965e+02
5.698116614437153657e+02
7.915839002485989795e+02
4.165677119073845347e+02
7.775442787273859722e+02
1.336125128100833990e+03
2.316376919797799019e+03
2.846540043502416665e+03
3.908653802300837924e+03
4.267561696138282059e+03
5.382068268988497039e+03
6.295471573676302796e+03
6.110654651955175723e+03
6.534520197129750159e+03
6.741104247596859750e+03
