2.117362573695302501e+02
4.714356658142741452e+01
-3.705440350158880847e+02
-4.844965251090857805e+02
-6.998953359263892082e+01
6.661502697666551285e+02
1.182869360004875944e+03
1.907103047464858719e+03
2.773901599765285027e+03
3.373002901248892158e+03
4.185555852107403553e+03
4.872100083689827443e+03
4.919303382193056677e+03
5.480692943702982120e+03
5.783843264358666602e+03
5.914972088475195960e+03
5.764582975248480579e+03
5.873084964277783001e+03
5.794669922171215148e+03
5.936174861018491356e+03
6.227380283608853460e+03
5.835266744500949244e+03
5.850215067397901294e+03
6.055212832529397929e+03
6.589273251549444467e+03
6.282788043938874580e+03
6.381833961867846483e+03
6.195122877776955647e+03
5.942403560762400957e+03
6.041116969274615258e+03
5.677063839768164144e+03
5.718604317435923804e+03
5.774440573626317018e+03
5.951396996926026077e+03
5.648452442311344385e+03
5.691789185088670820e+03
5.752595332838300237e+03
5.170273307893080528e+03
5.005355409093333947e+03
4.508281018008285173e+03
3.881917235424749379e+03
2.937145001452681754e+03
2.421054220100089424e+03
1.576461272704013709e+03
1.114381545573602352e+03
8.321114562462142885e+02
1.041785119241204285e+02
5.604964192219612187e+02
