8.254859173313325300e+03
9.459569375408344058e+03
7.254041578824923818e+03
1.061794930049993127e+04
8.444411119763819443e+03
8.405588686956589299e+03
7.227724036271895784e+03
4.442799611734891187e+03
3.862754054125479342e+03
3.440535853508911259e+03
3.035519193332229861e+03
2.843423141828107873e+03
1.478069661692664795e+03
1.151220252646101699e+03
6.578368913604739419e+02
3.715445923067667309e+02
8.089130916958081343e+02
7.207185581634091704e+02
4.039864343303127043e+02
6.494476580333705442e+02
2.367193879142917581e+02
6.002255658192112833e+02
2.479692596591830807e+02
-1.094534972778843418e+01
-7.957666726281252068e+01
-9.665726273359725340e+00
-2.203477292717706746e+02
-2.169651655395230136e+02
-1.067428964685749122e+02
6.136907642598398382e+01
5.171382451231078221e+02
6.765624734248148116e+02
5.763402904858767215e+02
2.986110498623230001e+02
5.096095965523130076e+02
4.056791039170955173e+02
7.766877873580943970e+02
1.794055792154395704e+03
2.120010538672900111e+03
1.588192651291175935e+03
2.565718830778916526e+03
5.361595704774861588e+03
4.560127491909788660e+03
5.090159638712824744e+03
6.347966543619072581e+03
7.292912101027584868e+03
6.917239167505609657e+03
9.962001120638162320e+03
