8.010707389984354450e+03
9.315175472344495574e+03
9.450891910160409680e+03
7.387774302545727551e+03
7.053602583990412313e+03
6.426672956578908270e+03
6.640712396861515117e+03
5.174477745442995001e+03
4.254428739570149446e+03
3.008651534206383985e+03
3.134141058992121998e+03
1.608375604192567152e+03
1.439229878230818940e+03
8.798775911703751262e+02
6.092652819431003763e+02
4.998699769978359200e+02
7.204404105388031212e+02
4.374183593943899950e+02
3.481347277990326461e+02
2.445268708810692431e+02
-2.322755024917473747e+02
1.145867855645330167e+02
1.371868126689274447e+02
-2.897904360088031126e+02
-2.624155967075525950e+02
-6.892259739975747834e+01
-2.231739988152595231e+02
1.820781741315268789e+02
1.080415542675987552e+02
1.641821041626196802e+02
1.260853325922065267e+02
3.259067358257709657e+02
3.508001903548252471e+02
5.568403585890883960e+02
6.417874757777414061e+02
6.366228489921473965e+02
1.218383718392638912e+03
9.438285887468526880e+02
2.541903270182356209e+03
2.107304326565543306e+03
3.202128489010707199e+03
3.213554295278757309e+03
4.140837930205266275e+03
5.972298204052315668e+03
5.667074125712246314e+03
6.473535087366684820e+03
6.952087248170988460e+03
6.970081459635826832e+03
