1.000563645068082951e+04
8.821397366250712366e+03
8.103281371236666928e+03
8.294957321631442028e+03
7.140485783355081367e+03
7.406502310891722118e+03
6.024185070770550738e+03
6.420754493569076658e+03
4.337058820050909162e+03
4.062015546789253222e+03
3.025886676640033784e+03
1.743752632517040183e+03
1.131610785712682400e+03
1.053119420748654420e+03
8.219928933752156581e+02
9.527356373123848243e+02
5.231568880758456999e+02
2.942046974151636505e+02
4.085199182135477258e+02
2.948010203685059878e+02
6.030428908907271079e+02
-2.724418899919117507e+02
7.368141007177801782e+01
-4.558859883456644724e+01
-1.150189072467439999e+01
1.576778730727656637e+02
-2.185098602646757797e+02
-3.338444900058871099e+02
-9.523640621501819226e+01
-8.351317514137066667e+01
1.689848526558190258e+02
2.174063960062331091e+02
2.745298078017029297e+02
5.667802556177432507e+02
2.247222551165150151e+02
9.580798630137899181e+02
5.796675105647027522e+02
8.309942181081468107e+02
1.662339167478207628e+03
1.833833287608300679e+03
3.280139775072880639e+03
3.767480430697182783e+03
4.234804896423485843e+03
5.300842532267327442e+03
6.059418271349849419e+03
7.485386467872614958e+03
7.713601693260785396e+03
7.238941502638757811e+03
