6.186107080464541468e+03
7.269970625214644315e+03
6.999638437400646580e+03
7.148333154144783293e+03
6.812177513775140142e+03
6.451352573059943097e+03
6.075450226630574434e+03
4.566530049407710067e+03
3.763886462719690826e+03
2.924660684734914867e+03
2.400802209379196938e+03
1.867650100920719069e+03
1.315759440965504609e+03
7.719635808808928914e+02
6.545930185261701126e+02
5.154830442979110785e+02
5.230159037081805309e+02
3.884330976310342862e+02
-6.165538211177726424e+01
5.064064497975718382e+02
3.103572031160698543e+02
3.204648673607391629e+02
4.487224161103177380e+02
-1.688066378817256563e+01
-8.680844823945800215e+01
-2.062373194286421096e+02
-1.664100229434026232e+02
-1.186645897759225221e+02
1.708511136056051427e+01
-1.434815512048352844e+02
1.564121495091827683e+02
-3.715582886057987366e+02
7.083604959893215209e+02
2.991694610037524740e+02
1.586237046871668781e+02
3.691223217843528346e+02
6.572755209064933979e+02
9.127756800813928066e+02
1.278552352054397033e+03
2.168671917421962917e+03
2.260841625807124274e+03
3.308223141065919663e+03
4.231216622349662430e+03
4.961337210918808523e+03
5.493250071560750257e+03
6.078572929841795485e+03
6.433396120118634826e+03
7.022235506646127760e+03
