7.468841990829590941e+03
9.531655551154570276e+03
9.304537890657837124e+03
8.220437020030360145e+03
1.247775503031424523e+04
6.794175661425149883e+03
7.673011441487154116e+03
5.338408729088029759e+03
5.957823757689207923e+03
4.256311474605689000e+03
2.437286954674163553e+03
1.826730368476730291e+03
1.333545786678011609e+03
1.853100911114285509e+03
9.309914361288169857e+02
9.624410638637242528e+02
5.833164507380184887e+02
4.068066633147338962e+02
6.249932990500469714e+02
5.049728487760397684e+02
2.213877368825635870e+02
-2.223962082559741660e+01
1.199028752965162568e+02
-3.454725934177201907e+02
1.508450420635211344e+02
-1.062961601065711221e+02
2.543355347886649298e+01
-7.670734305052800295e+00
2.651934976095490129e+02
4.353828232862933874e+02
3.515968079174658101e+02
3.674339435162013956e+02
9.516144081334421116e+02
2.430827376131689448e+02
8.937253919850408010e+02
9.511171871283976316e+02
1.016572298975269064e+03
1.259911130631690412e+03
1.625717755496591963e+03
3.257017607964640774e+03
2.851613957878499605e+03
4.308215166754474012e+03
4.994584898877928936e+03
5.750721957267077414e+03
5.968690213038248658e+03
6.125740662293067544e+03
8.701268323827234781e+03
7.423889018127764757e+03
