6.661287292932133823e+03
7.344899366793456466e+03
6.896413759368851061e+03
8.170556170417531575e+03
7.422016330136629222e+03
6.815537737449559245e+03
5.575980174132721004e+03
4.747159844240389248e+03
3.923703763221662939e+03
3.239880051113126683e+03
2.376221745802371061e+03
1.678698136294624646e+03
1.268244830080885777e+03
1.013499143173811149e+03
5.073742021942917404e+02
5.242821109168278326e+02
1.697786867046978614e+02
1.057411944446377703e+02
3.021291064803454560e+02
3.764587139724591793e+02
4.406754897400002733e+02
4.578468245240969168e+02
4.027542150887360322e+02
-3.694983424643100420e+02
1.901309848059481737e+02
-3.285254156027642694e+02
2.921319892426003548e+02
-3.721294097310818643e+02
4.994588208834403531e+02
5.297209666712791432e+02
5.079328658207866738e+02
2.286006726634499842e+02
6.966146070443098779e+02
1.046939527701500481e+02
2.180206747175435851e+02
3.714640434780395140e+01
1.003905492398041019e+03
9.739899220349632287e+02
1.544900251847891468e+03
1.833766048305493086e+03
2.389727746002647109e+03
3.096999741347648069e+03
4.002191670553937911e+03
5.908586001632588705e+03
5.851215703465851220e+03
6.490388364045605158e+03
7.515862576190468644e+03
6.899185411815579755e+03
