9.128952550294425237e+03
7.298235857684783696e+03
9.603936329781869063e+03
7.304621239427074215e+03
8.039258254653411313e+03
7.113017680534085230e+03
6.195078084087684147e+03
5.607761687851543684e+03
4.130329623021132647e+03
3.294767312420879534e+03
2.057033147734105114e+03
2.158027258989886832e+03
1.208066707218461488e+03
1.063751017779285348e+03
1.090092589831552914e+03
4.726189512933096921e+02
6.346874620275156076e+02
3.607781944275180308e+02
5.034869946889530183e+02
3.310360971995555701e+02
2.680187493259143707e+02
3.505231367737767414e+02
1.018839286526281853e+02
-2.654479270843100949e+02
1.293354824241993697e+02
7.537231152076888918e+01
-2.227186185282637254e+01
3.273005075587904571e+02
-4.282692264087278033e+01
2.807763907026097741e+02
3.502715938613089293e+02
3.885330247454928099e+02
3.017187169957104516e+02
1.862256564992947858e+02
3.887139198106864910e+02
8.364009300271441134e+02
5.055691557375927232e+02
1.403744296580293394e+03
1.353177889860834512e+03
1.870631782573733290e+03
2.578194265648799501e+03
3.557144637922911443e+03
4.913300787687338016e+03
4.792699609509217225e+03
6.404667177802649348e+03
6.185950545849206719e+03
9.204613690265137848e+03
7.104173044729088360e+03
