5.913516025667465328e+03
6.920447661426936975e+03
7.136312615617776828e+03
7.182506419750437090e+03
7.026862622290571380e+03
6.327872807840308269e+03
5.840024856896829078e+03
4.866401437461296155e+03
3.924767550330419908e+03
2.903748141832013971e+03
2.184909073293481015e+03
1.703068404930346333e+03
6.776852046184471874e+02
7.318034444404265741e+02
5.018294748898741773e+02
3.467475865827475445e+02
6.494824663796406412e+02
5.645934732020433557e+02
4.111718072652441265e+02
4.647695544496833691e+02
3.853534903438524566e+02
3.351996941119687108e+02
1.421366162591471927e+01
-2.384040127271182712e+02
-8.995233012108910486e+01
8.284747723228463201e+01
2.182331982334804721e+01
2.282162174602111691e+02
5.351715964202426221e+02
3.374707408948600573e+02
2.793684144512878333e+02
3.555451421682092814e+02
9.953947060708338768e+01
1.910953801999711459e+02
8.053310388579350274e+02
5.565066023944057179e+02
6.183873949722540146e+02
6.736282725455503169e+02
1.786033958559799430e+03
2.326912171119922277e+03
2.534904777903446757e+03
2.717927678921557799e+03
4.064020266839585474e+03
4.805702113520625971e+03
5.704414041765591719e+03
6.630397501260536046e+03
6.778500938554615459e+03
7.266802208202656402e+03
