5.909957858415475130e+03
6.771798413107325359e+03
7.048511299254178084e+03
6.965349341577671112e+03
6.698047438638264794e+03
6.153812777841751085e+03
5.438244498808984645e+03
4.752286877724270198e+03
3.268993328632393059e+03
2.626251517122193491e+03
1.951442383540894298e+03
1.476789865537082960e+03
1.319992824758130837e+03
1.047190503354783459e+03
3.914353631786848382e+02
4.268474091900653207e+02
4.014541173075913072e+00
3.605699285357198391e+02
3.821259575046125292e+02
3.803769123618401409e+02
1.289635392684986641e+02
2.462426145240613948e+02
2.141058233786218423e+01
5.606347165357439621e+01
-1.085739078422877242e+02
-1.370318719526901532e+02
2.444049141589853757e+00
-5.775297758705570317e+01
9.990392454265287370e+01
2.382954101560592051e+02
1.401052283993399215e+02
2.756665808110466855e+02
4.369029279929407039e+02
5.365794507857888220e+02
2.985759083407576213e+02
1.000837106412666685e+03
4.391540036893158003e+02
6.386474858578820886e+02
1.261084736655812549e+03
1.683012983398464257e+03
2.699553620199088073e+03
3.148317401996778244e+03
4.026763301227485044e+03
4.884016201885719056e+03
5.434039461826240768e+03
5.655635582226383121e+03
6.578452652538560869e+03
6.322991067734613353e+03
