3.159087703775711020e+02
3.367012766412607903e+02
-6.442634356487076275e+02
-4.405092492251782232e+02
-1.268210747899396580e+02
5.589837126449924654e+02
1.225603024216794665e+03
2.076739318772450588e+03
3.051742673247027597e+03
3.901236764503990344e+03
4.294734530867396643e+03
5.186235575973185405e+03
5.458435327387314828e+03
5.517713608556906365e+03
5.759535663337825099e+03
5.940720144294668899e+03
5.650634135180195699e+03
5.818903515001899905e+03
5.710206058580282843e+03
5.704261791970479862e+03
5.605232080366132323e+03
5.941134278898442972e+03
6.119495191648205946e+03
5.953429538300239074e+03
5.961195979518459353e+03
6.216659005603570222e+03
6.153402090266496998e+03
6.242694679084599557e+03
6.400199387754827512e+03
6.301908461585207078e+03
5.861357251334417924e+03
5.842324024238473612e+03
5.976321888494733685e+03
5.889055842741337074e+03
5.825034944092448313e+03
5.668333709380257460e+03
5.758346106650718866e+03
5.213852750576859762e+03
4.848800426163808879e+03
4.947068634143280178e+03
4.009862005812022289e+03
3.086896941547573078e+03
2.468384491986133071e+03
2.229036007806437738e+03
8.478380891377008766e+02
4.972565315462520061e+02
1.813986508620608902e+02
2.360143464535050555e+02
