6.182238845321519875e+03
7.237161552705031681e+03
7.120939083058182405e+03
7.636053577072942062e+03
6.764690090483288259e+03
6.178983801826700983e+03
5.675376462202149924e+03
4.430094137237919313e+03
3.785864051541728713e+03
3.513991145693586532e+03
2.219642781994206416e+03
1.316591175396578137e+03
1.309194772921200411e+03
8.662192228079228471e+02
6.620151656612567876e+02
-9.941472228094202990e+01
5.895957703078707937e+02
4.124500704504202417e+02
5.613757093982441120e+02
3.843828798966808069e+00
6.896845557461647047e+01
2.600520484714231770e+02
4.816077559754216963e+02
1.477853229043821841e+02
2.168581398373891318e+02
1.864960728230339839e+02
7.946692272835257143e+01
-2.247412023615228236e+02
5.261627665337363169e+02
2.404706892374342875e+00
1.844000410136138441e+02
-1.155314448386687189e+02
2.008358259746930514e+02
1.940369066343575071e+02
7.217813477647416676e+02
3.781619055279184067e+02
1.040238129494466193e+03
7.061938086699395853e+02
1.304605234617601582e+03
1.759063951494871617e+03
2.382225482422026744e+03
2.986424623893045009e+03
3.806591783464636592e+03
5.154464339431696317e+03
5.811378099749246758e+03
6.629108744893592302e+03
6.397980846358784220e+03
6.319760909779192843e+03
