9.042243264504377294e+03
6.798791179200466104e+03
9.023411858478721115e+03
7.459586481434050256e+03
7.859163619889680376e+03
6.449513256093297969e+03
6.085723916507010472e+03
5.116701089690862318e+03
5.075081142838895175e+03
2.524143313881886570e+03
2.207031058711242622e+03
1.484362900506913775e+03
1.891442610099029480e+03
8.419256383109907347e+02
8.057659460986802742e+02
7.639998724951389022e+02
4.429005139114079839e+02
-2.849354740718665653e+02
4.427751522886610474e+02
1.230996952506174438e+02
5.799461462799475839e+02
-1.706407767266809472e+01
2.737651612417483875e+02
-7.423869548440369215e+01
3.151827371697677549e+01
-1.217926137282340875e+02
-3.969455597770398185e+02
1.718140844683181570e+02
1.859461606575866313e+02
9.330768957575531886e+01
4.877494920380221402e+02
8.596367129532654872e+01
3.663194869867301122e+02
6.231128183938793654e+02
3.911074944472030097e+02
1.031115448626912467e+02
1.160031066854784513e+03
1.358186920467593382e+03
1.505929169899040517e+03
2.727313764714367153e+03
2.361091343102329574e+03
3.904626377474843139e+03
4.716308783679730368e+03
5.256971896618544633e+03
6.326086160804521569e+03
8.104993671222169723e+03
7.125609914970424143e+03
6.714990706022696031e+03
