5.794413324336329424e+03
6.562354248562185603e+03
7.145623073165261303e+03
7.205554049563344051e+03
6.762015035955338135e+03
5.881622341535826308e+03
5.292980850710416235e+03
4.673829733274512364e+03
3.204807341502574218e+03
2.984867693189466536e+03
1.801208811815065246e+03
1.916718462671379939e+03
9.259192643528084545e+02
4.416524929312828931e+02
5.412680444084111286e+02
1.559164189756155565e+02
2.327785792808924157e+02
4.522951472574007425e+02
3.171342465188112580e+00
3.103258802934063851e+02
4.597476108836456206e+02
6.163518906403075448e+01
3.260870928185583466e+02
3.836570394368073380e+02
6.634840912571235094e+01
-5.514383447049930282e+02
2.219543026515916040e+01
5.555317597722402922e+01
3.766658440500408744e+01
1.258172168786985736e+02
4.138953003208737158e+01
3.260115953089451750e+02
9.360832771021738719e-01
4.626431511650359880e+02
1.978565503763691709e+02
4.511814080652198982e+02
9.043046978006462950e+02
1.085622739536351219e+03
1.283720902826976044e+03
1.853735412926085473e+03
2.040613557000445780e+03
3.464824350110795876e+03
4.097930481933921328e+03
5.118835932931934622e+03
5.523936105202047656e+03
5.790574619911632908e+03
6.351879743927151139e+03
6.430915335760566450e+03
