6.980359891524848535e+03
6.815660357774974727e+03
7.434906279124082175e+03
6.799994251425642688e+03
6.896629325467114541e+03
6.772415045982529591e+03
6.183322426672489200e+03
4.936643039094494270e+03
4.656320499721802662e+03
2.512462769997882333e+03
2.119331247059807538e+03
1.825389765312222153e+03
1.101561345392312660e+03
2.602564322884382477e+02
7.247698911732504712e+02
8.058851242746358139e+02
4.213889012643611522e+02
1.181981623932342842e+02
1.904653663107442583e+02
2.097534188810081446e+02
3.307059049462099551e+02
2.294834640885705994e+02
1.028947472205699398e+02
1.815704993793124231e+02
7.598824530968269642e+01
-4.589399656741885565e+02
-3.736571020495533730e+02
1.656991729839616596e+02
4.805196579737572051e+02
3.202310345609920432e+02
5.228774776749659736e+01
2.518660534900303674e+02
5.951164836647967604e+02
1.475675301200980698e+02
5.668681602837622222e+02
1.004165561519895618e+03
8.659768704937606572e+02
1.098292706340302630e+03
1.656448469329463251e+03
1.317078040275137255e+03
2.412710551482879509e+03
3.293544502163681955e+03
4.073488278226698640e+03
5.184541585311854760e+03
5.583650039747518349e+03
7.218161247622751944e+03
6.780608465004333084e+03
7.023650773118046345e+03
