9.614112998253203557e+01
-2.694209795793067315e+02
-3.036738543568972659e+02
1.132169823203928445e+02
-6.720876501227877498e+01
4.309454866455590718e+02
7.699534580808166311e+02
2.108971148596635885e+03
2.325429290567249609e+03
3.339655028811388092e+03
4.087230716048847171e+03
4.848628412578094867e+03
5.407938305516185210e+03
5.353588328483986515e+03
5.753577491300792644e+03
6.117892044057191015e+03
5.964915319194007679e+03
5.986593339534438201e+03
5.889629639601166673e+03
5.870462400672631702e+03
5.908969105048658093e+03
6.095578822249512086e+03
6.425799930485743971e+03
6.187267965468628063e+03
6.475920073128620970e+03
6.383718266155151468e+03
6.078488027037785287e+03
6.392805558047621162e+03
5.897882794249976541e+03
6.495931631278274835e+03
6.180293941294681645e+03
5.841030519109473971e+03
6.056545115809715753e+03
5.797599680441961937e+03
6.163034808221322237e+03
5.632227557891034849e+03
6.030866326922855478e+03
5.672312628621323711e+03
5.236687137339847141e+03
4.729906902230332889e+03
3.767509622430668969e+03
3.440897193903518655e+03
2.609449229488816854e+03
1.515414027913801647e+03
7.308344404900863083e+02
4.916758631746441779e+02
-1.750828522450563582e+02
2.425523200284440239e+00
