9.371141799814009573e+03
8.469902340309756255e+03
8.677597791876560223e+03
7.130118683820162914e+03
7.800348444590154031e+03
7.605608597395775178e+03
7.492119864108548427e+03
4.876521171827841499e+03
4.273824112362480264e+03
3.676379047850426559e+03
2.956691409062207185e+03
1.379187765067661758e+03
1.983350832602234959e+03
1.259791661766879770e+03
1.404442071736270464e+03
9.289527299515815457e+02
8.442649902364505579e+02
9.171057049911796639e+02
5.372253910769462948e+01
7.723860482838259713e+02
3.893197496593933806e+02
1.227101337078868539e+02
7.900877219654706778e+02
1.732404358958403918e+02
-1.751768161896259812e+01
-2.920598880649585567e+02
-1.425070988801070015e+01
-7.217892235965922509e+01
2.268049055682348580e+02
-9.061540445121686105e+01
3.364656727384496548e+02
-1.712067644301914697e+02
7.782813957497657498e+01
5.054765418356503801e+02
1.087563981480781422e+03
5.642740946405073146e+02
9.217631608418316773e+02
1.036000660684959257e+03
1.588634505640374982e+03
2.626457000070896356e+03
2.699053852972908771e+03
3.688216929256986532e+03
4.618789680950117145e+03
6.046758851269608385e+03
7.968121254695902280e+03
7.825779620996756421e+03
6.699091806072925465e+03
8.130202981230854675e+03
