6.409169129606387287e+03
8.294667538737487121e+03
7.489785531467496185e+03
7.037425218607640090e+03
7.088411748025934685e+03
6.569982788496535250e+03
5.685402273777012851e+03
4.782440351257269867e+03
3.584902556109238049e+03
3.544135358462404838e+03
2.190248690013479973e+03
1.582021789582350493e+03
1.601086486919806703e+03
1.232934490932214885e+03
6.869800681651263403e+02
2.919782408488417218e+02
1.149730151778001527e+03
5.145670068242704929e+02
7.187945046129347020e+02
1.930076055857883262e+02
2.508340798319869691e+02
3.002550267765918193e+02
3.485155067250440197e+01
-1.553095662829766255e+01
2.303486667801155932e+02
-8.543564949122067276e+01
-7.691386276247962428e+01
3.191197352724834104e+02
9.818919765954107959e+01
5.329850038390809459e+02
4.122540741178019630e+02
4.831312132418871101e+02
2.635887010248743536e+02
1.634925384861628572e+02
1.957986362493109027e+02
3.766269870604381822e+02
9.777005116728485064e+02
8.581545231616677256e+02
1.279274974484537324e+03
1.422555348892413349e+03
2.434618949142155998e+03
3.178765148524493725e+03
4.035896104421675773e+03
6.211141404310797043e+03
6.637341462599911210e+03
6.059481391622501178e+03
6.925796613097867521e+03
6.933355798527198203e+03
