6.221892981197277550e+03
6.740374989367119269e+03
7.164602516165684392e+03
7.192902537961057533e+03
7.263170702101846473e+03
6.140968116074713180e+03
5.349764369600985447e+03
4.865952850592517279e+03
4.077278798968087358e+03
3.124522087686328632e+03
2.354844863571735004e+03
1.560022843353681765e+03
8.369517812596186559e+02
6.151205519984413286e+02
5.811193029622422728e+02
4.417376467522425401e+02
4.318036539971656680e+02
7.705028612675003785e+01
3.451388883910611298e+02
6.857985199569613997e+02
-1.713040705934753021e+02
3.869280995146507394e+02
3.235801969147444197e+02
1.247337841875678350e+02
1.482035254320323929e+02
-7.374382845874115411e+00
-6.453612854822394240e+01
2.188715513664076582e+02
1.673661788491477580e+02
-1.691639478273251882e+02
4.671217878424004653e+02
8.371645551989271894e+01
1.199503508024481278e+02
-9.923270436875819556e+00
4.764199814683269665e+02
4.337343039150413233e+02
4.604463657701554098e+02
7.358661395333942892e+02
1.180364778482141219e+03
2.042855132606987581e+03
2.612835621742704461e+03
3.036841645480087209e+03
3.775166113562675491e+03
4.877492837306779620e+03
5.606898789399079760e+03
6.115118225099759002e+03
6.433000809971732451e+03
6.688778093557904867e+03
