6.828803947796625835e+03
7.013416334457030644e+03
7.221745263626179621e+03
7.012868438661783330e+03
6.983762384112491418e+03
6.388197380566221909e+03
5.715570761386998129e+03
5.004660897524616303e+03
3.948180436099556573e+03
2.798878429169772971e+03
2.411043797453332445e+03
1.505971431490811938e+03
8.263051790850668112e+02
4.955407424540744614e+02
6.111594113418071856e+02
4.554654585711354002e+02
5.918906987580121495e+02
6.081163953132497682e+02
4.736011389306663659e+02
2.002023115662020132e+02
5.196509489761900795e+02
3.681737049874512877e+02
1.578329187795658015e+02
5.480907950238124471e+01
4.946341062714264325e+01
3.019776235672688358e+02
2.903506757193545695e+02
3.281650116856274053e+02
9.609671733488595180e+01
1.964395009614107153e+02
4.067831345312445137e+02
1.766305227880169753e+02
6.099664704086533220e+02
3.355452680310353344e+02
9.946198526020971542e+01
7.335396818043548137e+02
2.303365385120070243e+02
1.015429611007291101e+03
1.218799995877405308e+03
1.677234277050079072e+03
2.553625014273827219e+03
3.301235605305592799e+03
4.344244987718372613e+03
4.864183675892091742e+03
6.119911333512854981e+03
5.979641707018063244e+03
7.110850425722793261e+03
6.511504167761413555e+03
