6.204217131663004693e+03
7.665161181740561915e+03
8.437113491870431972e+03
1.028100192009788043e+04
1.005975520871590925e+04
7.862938549275816513e+03
5.810377476256311638e+03
5.762535871544710062e+03
6.338384817906480748e+03
4.600358686726636734e+03
2.840468219694955678e+03
2.251622537788732643e+03
1.531542891057930547e+03
3.325300730755573682e+02
1.326999076722685231e+03
8.132437759904479435e+02
6.926626242651072971e+02
5.665457781443410568e+02
6.257901207789122964e+02
2.325817489835477261e+02
2.818602564789350708e+02
3.163572832015818790e+02
3.085201734571678571e+02
1.902372224084217294e+02
-2.494019765865955947e+02
-9.448378360580133517e+01
-4.265353362005853910e+02
-1.692853678117070899e+02
7.594531460581282545e+01
2.453540938694444833e+02
2.611540297834134776e+02
6.029489932988324199e+02
6.318495711912092929e+02
3.408226034948116876e+02
1.192693163172534469e+03
8.930517899558999488e+02
5.393680260410363871e+02
1.401880069387366802e+03
2.325386521018942858e+03
2.583572624515207281e+03
3.618876881811125259e+03
3.935456159206187749e+03
4.446631140143060293e+03
5.659129555477156828e+03
6.543265171460046986e+03
7.268230641281155840e+03
6.111309986035235852e+03
9.138853661433853631e+03
