6.193324519581390632e+03
6.478984225344586775e+03
6.894558449264173760e+03
7.041374333605001993e+03
6.662756967999156586e+03
6.449032419895733256e+03
5.779518353493497671e+03
4.824792285928846468e+03
3.971918964322415377e+03
2.620349835359106237e+03
2.315081157624774733e+03
1.258421956954430470e+03
9.864391130496132973e+02
7.371102370493157423e+02
2.871276451008051822e+02
3.730352818760674154e+02
1.553751937059480497e+02
4.141130993184046929e+02
4.981613231970517859e+02
3.569691869423496087e+02
3.348179233179133121e+02
1.015245483328828868e+02
2.510364344086639221e+02
1.024401833071682120e+02
1.145886655307148203e+02
-1.257300095435597882e+02
-5.682132227480583708e+01
2.731869310184603705e+02
3.308845123455252519e+02
4.797185772909134585e+02
1.711205879795856788e+02
2.430163737799596220e+02
2.312802405606608147e+02
3.498380546678508267e+02
5.243522042984897098e+02
8.210074934100505288e+02
6.627298014579854453e+02
1.342031184381785351e+03
1.282004253289741200e+03
1.690128156294384326e+03
2.144749016964099610e+03
3.135269936826092362e+03
3.903588703111622635e+03
5.090243577620187352e+03
5.040885741115689598e+03
6.083139776994141357e+03
6.360326191193462364e+03
6.648350027144282649e+03
