5.766849328480149097e+02
7.957094007843573991e+01
3.382828335596178349e+00
-6.675451405837384300e+02
-3.070477830910995181e+02
3.149542224127873737e+02
9.307389833360874718e+02
1.342382009045321865e+03
2.951258906859022773e+03
3.824722127138626547e+03
4.019694408584310167e+03
4.459465380924946658e+03
5.125928613177029547e+03
5.513635274718415531e+03
5.807511229786151489e+03
6.063371908358190922e+03
6.084960904158023368e+03
6.047043192110059863e+03
5.833951100642774691e+03
6.178587175640319401e+03
6.602302427604732657e+03
6.510977355344599346e+03
6.617193882613196365e+03
6.475930339225335047e+03
6.425873064207784410e+03
6.043325866386914640e+03
6.234312613503122520e+03
5.835544314478441265e+03
6.225082565380289452e+03
6.499934285235591233e+03
6.147651839731373911e+03
5.909143367149380538e+03
6.048377280394200170e+03
6.310225852499513167e+03
5.921835060063005585e+03
6.170672008379107865e+03
6.101337139944828778e+03
5.277067284832586665e+03
5.391663016115623577e+03
4.665248277113659242e+03
3.944435667192959500e+03
3.381542749823829581e+03
2.508959048861927386e+03
1.658866757291090380e+03
8.225607347796213844e+02
4.260630427595222045e+02
5.455163571085255398e+02
-3.368805654519274526e+02
