7.058962942891511375e+03
7.912927141239788398e+03
7.435844487666822715e+03
9.230429134620626428e+03
7.866520556421559377e+03
7.140363914956796179e+03
6.033390700361535892e+03
4.719297158494874566e+03
4.569386129301904475e+03
3.034229989489574109e+03
2.930670989861229828e+03
1.895826634302002276e+03
1.181708102367412494e+03
9.862896488143310307e+02
5.099243210011421183e+02
8.610871338146831704e+02
6.106715701626985719e+02
2.698367345310343808e+02
2.035032765012097968e+02
2.230950692716429842e+02
1.532019975207418554e+02
1.197820771536494817e+02
1.284102102983345617e+02
-2.477557377097465690e+02
7.671280907663712867e+01
-4.836328995250545404e+02
-3.400231267407211817e+02
-9.385892316006012948e+01
1.812738261896946028e+02
6.031392455631311122e+01
4.386975660526257315e+01
2.421494423808482850e+02
2.934022259240993336e+01
5.887738245839590263e+02
4.263417164032941855e+02
7.489460910235787878e+02
1.094747227214306577e+03
7.108885422142238895e+02
1.143313407813552431e+03
2.109724424946109593e+03
2.798851687106929148e+03
3.855183054698763954e+03
4.483914179074195999e+03
5.725245510466129417e+03
5.871642702230072246e+03
6.695720160219698300e+03
7.969532158116500796e+03
6.938634801744544347e+03
