5.100482707646380618e+02
1.321115173036443196e+02
1.883919007466188589e+01
-6.367007547713274107e+02
-2.498129733967740265e+02
2.255147500251584063e+02
1.144474523953484550e+03
2.102665299014704942e+03
2.911678652499793316e+03
3.852296676881403528e+03
4.162198178890241252e+03
5.143715672075498333e+03
5.555982414971275830e+03
5.625201006086023881e+03
5.881182707859336915e+03
5.950160776977269052e+03
6.093861513226202078e+03
5.847824574566132469e+03
5.906354533409506985e+03
6.296347997628947269e+03
6.389827973085549274e+03
6.176312589021061285e+03
6.176385563253130385e+03
6.377203778654377857e+03
6.614105834859897186e+03
5.964771329220983716e+03
6.764452724708400638e+03
6.835270975726482902e+03
6.472454707069517099e+03
6.441102027964240733e+03
6.596339772451801764e+03
6.098824410342888768e+03
6.305241214468104772e+03
6.407307958187206168e+03
5.884477105735178156e+03
5.619979473266379500e+03
5.725038017917016077e+03
5.556174489685739900e+03
5.145262846062831159e+03
4.688851127250052741e+03
4.203263332292328414e+03
3.395081589506968612e+03
2.309285385270479310e+03
1.570604674218408491e+03
1.274223474608995957e+03
6.533598900067146360e+02
2.001975068770067878e+02
1.351554937465216426e+02
