7.268456383224567617e+03
7.112455783878431248e+03
7.611296756350639043e+03
8.290266801653651783e+03
7.014288693114515809e+03
6.174617512997057020e+03
5.989118291595917071e+03
5.161311607475702658e+03
3.681021552588601935e+03
2.900348458583302545e+03
2.397778393539040280e+03
1.642688298281911557e+03
1.461948635489975231e+03
1.021159635784448596e+03
1.038451660039532499e+03
8.330919771123442388e+02
1.754432740848742185e+02
7.468716814198979819e+02
9.114977531286724854e+01
2.521346094078076874e+02
4.636677462819631046e+02
8.796582806756342165e+01
-3.726950805614077922e+01
-1.938998858090254771e+02
-1.056942026239591144e+02
-1.321620645015264301e+02
3.430358427993537020e+02
2.473395157247854215e+01
1.560041940053728524e+02
-2.496612595758688258e+02
3.033399675068561123e+02
3.684561617252737165e+02
4.247089185617412568e+02
-9.629469290780139090e+01
3.203434003303611917e+02
8.761872475192544130e+01
7.308433037195842417e+02
6.515442057125737847e+02
1.468386290991611077e+03
1.676783823373416681e+03
2.342085606374042527e+03
3.586333421033463765e+03
4.055536864584204977e+03
5.195286386836114616e+03
5.895898630883911210e+03
6.162621927706960378e+03
7.729990727134052577e+03
7.308774657803501213e+03
