8.287654436427594192e+03
8.854366526427276767e+03
8.398460791886038351e+03
7.224505986452638354e+03
7.349283201626194568e+03
6.724976024560310179e+03
6.392176139230859008e+03
4.276593948508308131e+03
4.196866784232198370e+03
4.408472983722450408e+03
2.732868112737217871e+03
1.382792153312087976e+03
1.027474835556930202e+03
1.656760282534860607e+03
6.363994963678369459e+02
5.951463510912932406e+02
8.700745344557602721e+02
7.893957239098392620e+02
5.149991725658201176e+02
6.094012817093104104e+02
5.042429045706358437e+01
1.694414491528694668e+02
3.963932919789232869e+02
3.536093160051952964e+02
2.619647617037274472e+02
-2.821245855639036648e+01
-2.100399940776775054e+02
3.858375346673336992e+01
-4.687547663292888700e+01
-2.948491963231275008e+02
-1.017401658556882467e+02
-1.393000640614536110e+02
2.801070564643700891e+02
6.482805158240107630e+02
1.710353777474547314e+02
1.029265227792317091e+03
7.210645766321518977e+02
1.033665077580490333e+03
1.470817387271393727e+03
1.829243943055072805e+03
2.077976871662957365e+03
4.148195444903065436e+03
6.298333261005521308e+03
6.927411368246813254e+03
7.662873095552284212e+03
6.775689611920627613e+03
8.048909368335925137e+03
7.304828589870018732e+03
