8.389458076583713364e+02
2.208906525912048266e+02
-7.784132442250620443e+02
-8.732770714533584169e+02
3.395520697660395513e+02
2.523017856628084132e+02
4.155023694794646616e+01
1.224728333788004193e+03
2.197761283114308753e+03
3.419281632482154237e+03
3.920718782772355098e+03
4.600154486017412637e+03
5.100529843255848391e+03
5.179014089386631895e+03
5.745737830133818534e+03
5.441052318288740935e+03
5.426683746033704665e+03
5.871110724711926196e+03
5.938178464981854631e+03
5.771725583478463705e+03
5.790416730668755918e+03
5.828064452176594386e+03
6.074596657064804276e+03
6.053966673727652960e+03
6.262417688558130976e+03
6.057617471789106276e+03
6.255666951861426242e+03
6.331379439160124093e+03
6.334005370446310735e+03
6.035337608010076110e+03
5.881972913346266068e+03
5.967033147008029118e+03
6.340021585402648270e+03
6.013985433223153450e+03
5.767524088999471132e+03
5.728502144797736946e+03
5.546165755452099802e+03
5.800297412669386176e+03
5.114990065342581147e+03
4.689052789955808294e+03
3.860663154299432790e+03
3.316688095497986524e+03
2.331933601115806596e+03
1.376365418370119414e+03
6.031575951515957286e+02
9.566275537854731681e+01
-2.500495297428297192e+02
-6.726988614281660261e+01
