2.920430061775868467e+02
-1.666238826348965461e+02
-5.518717055059420318e+02
-2.491210413571916433e+02
3.314053473530322549e+02
3.441682759674099543e+02
1.292461619358610051e+03
1.767749105900202267e+03
2.559264930627285139e+03
3.263041270337591868e+03
3.837199203744732586e+03
4.900565667479295371e+03
5.082465902804626239e+03
4.837023555407066851e+03
5.315396983777269270e+03
5.153198943938146840e+03
5.122697181224938504e+03
5.829817254162836434e+03
5.777916900469442226e+03
5.894135941562831249e+03
5.504081755086624071e+03
5.494962751984324314e+03
5.775074559492607477e+03
5.696793035938251705e+03
5.927264244541881453e+03
5.913360487488318540e+03
5.777073507961717041e+03
5.857976498882428132e+03
5.836922166815497803e+03
5.944147072122094869e+03
5.550965666641282041e+03
5.475175814573539355e+03
5.786243298019898248e+03
5.939514818190308688e+03
5.579677241540607611e+03
5.556360839165822654e+03
5.595803863792762058e+03
4.967637848627347012e+03
4.767117591459918913e+03
4.546403451154030336e+03
3.652058541024165152e+03
2.898634035999025855e+03
2.824194553730720600e+03
1.550190996601750612e+03
1.251931139715899917e+03
5.662683322633138232e+02
-2.285308931419500880e+02
4.382392995457523170e+02
