5.303558084132034764e+02
2.776189888204573819e+01
-1.968206107087364387e+02
-7.324959951723139966e+02
-2.945525766210585630e+02
6.657514752068620965e+02
7.849066019555492630e+02
1.799553804673524382e+03
2.552212207363885682e+03
3.236247955217902927e+03
4.082170037977729862e+03
4.371601475988645689e+03
4.852716984175032849e+03
5.330089317144513188e+03
5.942367316252484670e+03
5.628288791157378910e+03
5.886102445862418790e+03
6.040041690980395288e+03
5.740706996078005432e+03
5.737072438136486198e+03
5.910220111277298201e+03
6.143350624130619508e+03
6.146395250347603906e+03
5.930841632318579286e+03
6.037289188452501548e+03
6.020273118411985706e+03
5.969281170510495031e+03
6.130518777504585159e+03
6.076111620892840619e+03
5.748096441505119401e+03
5.742976159331857161e+03
6.064177012744152307e+03
5.866604051488872756e+03
5.540608043324316895e+03
5.716254292056996746e+03
5.404372641134149490e+03
5.388939094368073711e+03
5.564791774322116908e+03
4.738094979997170412e+03
4.643582789839358156e+03
3.548955738849969293e+03
2.942226320049760034e+03
2.759669584592872525e+03
1.968721882159804863e+03
1.059882808134014795e+03
4.230491248197407685e+02
2.243929789025614809e+02
4.838176740517163807e+02
