8.140918282986799568e+03
8.215225151936136172e+03
7.719482753196423801e+03
8.593254399348905281e+03
7.759285350761525478e+03
7.132856914262360988e+03
6.496808820603909226e+03
5.727986046400630585e+03
4.836013464798645145e+03
3.082221698793835458e+03
2.816623562060500262e+03
1.952941191539363672e+03
1.143739137249385067e+03
1.063823943233441014e+03
6.011377979944819572e+02
3.565209608682964699e+02
5.627982689208423608e+02
7.096744166608094702e+02
7.000312156668503576e+02
2.140709298585284444e+02
3.550236209989242866e+02
9.361716425252105012e+01
2.393115357545177915e+02
1.819578831291002246e+02
-1.365870962543383982e+01
1.939916625358839610e+02
-1.808699993036800890e+02
7.157941136054954256e+01
3.557054989635452102e+02
1.347946639845536367e+02
5.157311888429860574e+02
4.664887445884159547e+02
7.009545560129278101e+02
6.243329802647822362e+02
6.588058497495221673e+02
8.498193829054663411e+02
5.756407456986472653e+02
1.108654370033298392e+03
9.552089900876308093e+02
1.679243153550269426e+03
4.362162294890495104e+03
3.697495007574867032e+03
5.071903204383208504e+03
5.706835506443435406e+03
5.704613896091223978e+03
6.490978372850644519e+03
6.706327659685733124e+03
7.468919338235381474e+03
