5.472297289700165948e+02
1.861122735261363914e+01
-9.690828956058262520e+02
3.173857932276409315e+02
-5.711392028152264402e+02
6.569953488707805036e+02
8.481114300704263087e+02
1.800081262908757481e+03
2.159481782974389716e+03
3.593464889546983159e+03
4.360088827555216085e+03
4.800545189057128482e+03
5.159434208362516074e+03
5.388879980291193533e+03
5.431101705176542964e+03
5.747131405839710169e+03
6.101504060322691657e+03
5.960759991672842261e+03
5.975666895030266460e+03
5.967972261950056236e+03
5.986045836232746296e+03
5.997082377964351508e+03
6.204354799220633140e+03
6.209184556382848314e+03
5.941436256090149982e+03
6.028061875122234596e+03
6.228981495296615321e+03
6.581105990821724845e+03
6.374333838300791285e+03
6.334628272612101682e+03
6.083206925805582614e+03
6.365845894185240468e+03
5.823209908955725950e+03
6.154667686116811637e+03
6.285557439898677330e+03
5.558410190967588278e+03
6.005083091605288246e+03
5.883702246272683624e+03
5.095789716954353935e+03
4.673919110290855315e+03
4.177333082441236911e+03
3.482537733991176992e+03
2.198699265013205149e+03
1.973863848967262129e+03
6.666092263182732722e+02
7.627837139285195462e+02
-6.959791128531463755e+01
-3.733870130004972339e+02
