5.993406277618951208e+03
7.106439030617120807e+03
7.256335733592241013e+03
7.595695190576734603e+03
6.798950192335638349e+03
6.126364640791312922e+03
5.764788327321401084e+03
4.618441775010121091e+03
3.837927914984133167e+03
2.932098178330211795e+03
2.397348997719631825e+03
1.299175591716797499e+03
1.190983335087162914e+03
3.891491916145724304e+02
8.240412309412121203e+02
7.202150391256649300e+02
3.661892043395882297e+02
4.652753464090980060e+02
2.944438798962592614e+02
2.697833664047628872e+02
3.403865400824262224e+02
2.051853990027744601e+02
3.707762502507733302e+02
-1.973233751304813381e+02
-7.433343590404161150e-01
3.124609767609814526e+01
1.376235046950178287e+02
4.652119630430475183e+01
2.121747387042579192e+02
1.184161717450167117e+02
-4.571121163681014821e+01
3.605486612215275954e+02
4.663985258535665253e+02
1.119850001669123287e+02
2.862887472713035208e+02
2.969825128161751877e+02
3.305820005812100248e+02
9.247022727541964287e+02
1.514435843237383324e+03
1.322777390139572617e+03
2.684447139056622291e+03
3.203545394583897632e+03
3.827297655216580097e+03
4.940076235395353251e+03
6.055846516689824966e+03
5.959567270839445882e+03
6.074366834505560291e+03
6.236672864895164821e+03
