6.364859317784992527e+03
6.747234597075450438e+03
7.286975950249291600e+03
7.127092565239676333e+03
7.083219595283741910e+03
6.380022219709479032e+03
5.504063106097652053e+03
4.848148875237417087e+03
3.932351345500565003e+03
3.006611505359236617e+03
2.571351202482809640e+03
1.682869289005116570e+03
1.140200774534911716e+03
5.125854498718985042e+02
4.542536366447021123e+02
5.533908355421268652e+02
7.802806924085592755e+02
5.185161447333682645e+02
2.891569060838262430e+02
4.741871218484749306e+02
4.235796968774146194e+02
2.342309762675542473e+01
3.224703582759304368e+02
3.187745667632735831e+02
2.742938521503765514e+02
3.316511460731871352e+02
-2.087479597017793864e+01
4.508268038865688823e+02
2.523019007700650036e+02
4.106583910960547996e+02
1.336219599641418370e+02
5.386902072504193484e+02
2.764141403855117005e+02
4.560868779803079747e+02
4.980834506386505041e+02
7.864085596079827383e+02
2.926025465331617852e+02
7.995948979220756883e+02
1.540585897230157570e+03
1.868783835758122450e+03
2.465128274236871675e+03
3.607196474201455658e+03
4.062292709458669378e+03
5.179101243025216718e+03
5.588456403273825345e+03
5.845954544204983904e+03
6.683342146227413650e+03
6.388328363742280089e+03
