6.327943690643778609e+03
6.905043271853238366e+03
7.435791057698100303e+03
7.127275260990536481e+03
7.692657195600542764e+03
6.488580706297060715e+03
5.497686013914579235e+03
5.173821378148706572e+03
4.262924065108263676e+03
3.232184510524486541e+03
2.236688750751751286e+03
1.427562298766101094e+03
1.677709023641358044e+03
5.941525610618493829e+02
8.025698811131675257e+02
6.040928354039486976e+02
7.056345097157820874e+02
6.715664879681261255e+02
5.810504009200005839e+02
2.368437548646365940e+02
4.839418197341803989e+02
2.691232332938068339e+02
5.455765228279818757e+02
3.415679839819565018e+02
2.452945781453864811e+02
-2.282269045027464927e+02
3.169264432110625762e+02
8.112568176584760238e+01
1.234213123222592401e+02
5.209329586308054649e-01
3.219796772675263696e+02
-1.511968437100495777e+01
6.597442284942359265e+02
1.919203319463798607e+02
6.252876149819999227e+02
5.778478346070517091e+02
1.049145861290793164e+03
8.786787011844689914e+02
1.123230042811016119e+03
2.611504825792150768e+03
2.991121581365035581e+03
3.523669565367556061e+03
4.306876180644185297e+03
5.348516272423709779e+03
5.852592348312868126e+03
6.078346057431787813e+03
6.896818743918634027e+03
7.103274785111548226e+03
