8.580927854913492411e+03
6.991578559957860307e+03
9.190651933610770357e+03
8.003231463758145765e+03
6.826378029761815924e+03
7.475809567071010861e+03
6.618577136153013271e+03
5.505543543271062845e+03
4.378797217430538694e+03
3.609070370007026213e+03
2.943391793484957816e+03
2.835447132623272410e+03
1.604731819267238961e+03
1.799782461577234471e+03
8.113267389066395481e+02
6.741676983778598924e+02
7.011387157510802126e+02
3.518145059439510192e+02
3.273867820368583352e+02
2.549667985939718307e+01
3.086955617998270895e+02
1.213986904476872439e+02
2.121383195253586109e+02
2.580774231822808247e+02
1.222774016328319959e+02
3.181995524136420954e+02
1.930469140889688333e+02
-2.860314547800218179e+02
3.151256538260744833e+02
1.335307380856099257e+02
1.742991848928681407e+02
2.141949754546042470e+02
3.393188496955205551e+02
5.033333619811659787e+02
2.174426366178984154e+02
6.427906011507278663e+02
6.426173633273896257e+02
1.124926144819668934e+03
2.439935321902958549e+03
2.273799157728543378e+03
3.816738440747596997e+03
4.631597988779651132e+03
5.175144637425262772e+03
5.401374158462287596e+03
6.491147987005997493e+03
5.641270894550884805e+03
6.938107429887550097e+03
8.120744846306273757e+03
