4.542895311832157290e+02
-1.360555946872967183e+02
-3.172404420359188748e+02
-3.455105047617577156e+02
-8.773022620542906225e+01
4.322472365071940317e+02
1.630272075021450291e+03
2.083057288222409625e+03
3.099037117873590887e+03
3.770604359846040552e+03
4.240597224363511486e+03
5.285696194448761162e+03
5.573885473031533365e+03
6.112387898996717013e+03
6.223075715821512858e+03
6.603360227039485835e+03
6.331378184931610122e+03
6.090644603584875767e+03
6.449259003159377244e+03
6.230483421723600259e+03
6.289718035570644133e+03
6.720313033510201421e+03
6.451752744003102634e+03
6.700703606060722450e+03
6.742392619781524445e+03
6.352853705495833310e+03
6.688964563389305113e+03
6.829638978752481307e+03
6.331762224589208017e+03
6.879351680548483273e+03
6.382036104198431531e+03
6.149579492680080875e+03
6.440827978829815947e+03
6.230188591561231078e+03
6.400940695325887646e+03
6.401131401734786778e+03
6.312415015499414039e+03
5.580675684212861597e+03
5.377291364616336068e+03
5.353347519521335926e+03
4.501668818399724842e+03
3.627288630416531305e+03
2.938245094396849709e+03
1.840983864920377073e+03
1.278768510338976739e+03
8.847713699399719189e+02
1.200531741423649379e+02
6.245579099544903556e+02
