6.326749734226371402e+03
8.494899984431312987e+03
8.447628744155857930e+03
7.383973745715222321e+03
6.653344998783860319e+03
7.178212399301921323e+03
5.603354396552304934e+03
5.205166690561324685e+03
3.550475368808200528e+03
3.230061135570539136e+03
2.476385817165916706e+03
1.677988381139421790e+03
1.162700811584677012e+03
6.906469799345079537e+02
7.295803025247633968e+02
9.939106534770517101e+02
5.215570697892944736e+02
3.165939142170235527e+02
4.112690949434820027e+02
4.467225625212795421e+02
3.453822784526681744e+02
4.505639424792740328e+02
6.567878774884900395e+01
-5.542252763431926610e+01
-6.604763220604891671e+01
1.210937412306338956e+02
-2.538975667598361667e+02
3.680791756551098359e+01
6.101845379663821234e+01
2.482354050833456824e+02
-8.627851387904921410e+01
4.371606878004336636e+02
4.200188295295546368e+02
3.775708412236530762e+02
3.190911598211192199e+02
6.259522168252347001e+02
5.418851617390452020e+02
8.563624336734949338e+02
1.689670582223641986e+03
1.992612121820736775e+03
2.790036567224829014e+03
3.051657437223167562e+03
4.080130574254742442e+03
4.745954209295426153e+03
5.684137612234617336e+03
6.812650106527999014e+03
6.901567450208173796e+03
6.581401946829880217e+03
