6.987683976310220714e+03
7.629777659945749292e+03
7.048647234654586100e+03
7.352040222152563729e+03
7.241956580961521468e+03
7.028369955176878648e+03
5.626946659897388599e+03
5.123291203741488061e+03
3.815555395903566478e+03
3.693509169701615519e+03
2.349664801085577437e+03
1.519552001803355779e+03
1.388019882590012685e+03
1.083670352389201753e+03
6.481898600463008506e+02
2.045166998585214060e+02
4.413875820299365955e+02
3.394106049304347152e+02
5.402449916862397004e+02
1.281300853622225873e+02
4.880275819797051327e+02
4.519518813189845332e+02
4.945899254541915298e+02
-1.289699499825146063e+02
1.140981021799213480e+01
5.055479012159440089e+01
1.315488272332153485e+02
4.796708118887567593e+02
2.430061642983918659e+02
2.047469295152486097e+02
-2.301718794948544087e+02
2.335000456308228536e+02
3.147785406245570812e+02
1.999427275402112514e+02
7.041776736805550172e+02
3.437448373826614443e+02
7.894988742125199224e+02
9.748914878028376734e+02
1.852782178927440782e+03
1.743056607228934354e+03
2.686466323357684814e+03
3.359103642009504711e+03
4.050004641673739570e+03
5.225183216478461873e+03
5.708101558869246219e+03
7.258013967134842460e+03
6.910736457365394926e+03
7.355939242989585182e+03
