6.945931039615151349e+03
7.045294265865873058e+03
7.545154267271431308e+03
7.233179433885587059e+03
7.163960472086293521e+03
5.977449450576370509e+03
5.708362029847817212e+03
4.650726503094596410e+03
3.998813382321558038e+03
2.882395278447284909e+03
2.361029198535847172e+03
1.276859039295610955e+03
9.879089709532775032e+02
1.142034383465495011e+03
6.330695902000671822e+02
4.341054788052096569e+02
-3.127381027408601000e+01
7.564297212448126402e+02
4.541403931357262991e+02
2.607369838241832554e+02
9.629263073703137934e+02
-3.621275455437245796e+02
1.706278828404514769e+01
1.408952756973785938e+02
-3.155877139387321861e+01
-4.089553107017147227e+01
-3.112814890412716977e+02
1.134151815317944596e+02
3.673279085009650657e+02
1.972885295979976661e+02
-8.477703658221001248e+00
-8.807667857077841944e+00
3.260181299705803326e+02
2.489219372613040662e+02
4.330395952159040576e+02
7.090925669945999061e+02
4.690495452304019182e+02
6.329184230978405594e+02
1.605542105280839905e+03
2.049138307958803125e+03
2.962440438665031252e+03
3.418478720428447559e+03
4.170920937680454699e+03
4.379104740419956215e+03
5.488436437816740181e+03
6.508291223583421925e+03
7.217703499563754121e+03
6.560763298173542353e+03
