6.278699815108055191e+03
6.680637033641804010e+03
6.886363283093149221e+03
7.247233485678243596e+03
7.143835194849528307e+03
6.362664432201646378e+03
5.447633400078511841e+03
4.410534751325704747e+03
3.889095506458925229e+03
2.791216079371430169e+03
2.305412569336509023e+03
1.505982372334515730e+03
1.238649214235690124e+03
7.347921607923218517e+02
3.893354846873485258e+02
7.463185681577019750e+02
3.728048036811849215e+02
5.030758260828914672e+02
5.401940942477265253e+02
7.027611792497303895e+02
1.544920872272844576e+02
3.236764625440334271e+02
3.608661794530258362e+02
-9.212782180611313265e+00
-3.482076023528649955e+01
9.558872445902366621e+01
-4.585690539969221646e+01
-3.601905430196521820e+02
1.926157521745527390e+01
2.037465950596881612e+02
4.779348502379915544e+02
1.544178375301540598e+02
3.638069662828745550e+02
4.747543288874415452e+02
1.556602294542170739e+02
3.072121900309730904e+02
8.404549562190373990e+01
8.907797300475971269e+02
1.292694368852826074e+03
1.304966118202975622e+03
2.422078663423895250e+03
3.569972850292624116e+03
3.926611824050445193e+03
4.614850634584343425e+03
5.807851374364120602e+03
5.783980896692107308e+03
7.070756480519674369e+03
6.595026076814453518e+03
