1.234418922843239557e+02
-1.557564291255725664e+02
-3.046604836319788205e+02
4.446239124741249782e+01
-1.520538069651447302e+02
4.445664361909632021e+02
8.708332963390994337e+02
1.614458704078676192e+03
2.600977444543606452e+03
3.576486842295899351e+03
4.159346404813615663e+03
4.578216078197358001e+03
5.482826215101192247e+03
5.379759087256778002e+03
5.597105727289113929e+03
5.955937230282538621e+03
5.940101561592712642e+03
5.748555643641904680e+03
5.766286976452610361e+03
6.381703767090807560e+03
6.089576318126063597e+03
6.196622595645452748e+03
6.014829749880977033e+03
6.516469682225711949e+03
6.296393118892085113e+03
6.258382619396042173e+03
6.002096176865326925e+03
6.208462021408507098e+03
6.282878796380728090e+03
6.404267999684300776e+03
5.656559809840476191e+03
5.697832713539282850e+03
5.660780298109241812e+03
6.061045855319041038e+03
6.175211791956486195e+03
5.963326393342417759e+03
5.438528163340271021e+03
5.631153685568105175e+03
5.393635842155460523e+03
4.502805175498571771e+03
4.155031765816870575e+03
3.113815634984140615e+03
2.451662962943581988e+03
1.518535200765153377e+03
8.307644304032354512e+02
1.463182751794496639e+01
-1.308237977206547953e+01
4.501699040137975771e+02
