7.022619572427409366e+03
8.302202762450277078e+03
7.118702140033298747e+03
8.344402979151320324e+03
7.247602036103345199e+03
7.625243524312813861e+03
6.302256320575749669e+03
5.278986418525320914e+03
4.362968243007567253e+03
2.995877428919866816e+03
2.181171320253608428e+03
1.865772073734706282e+03
1.648686616255364925e+03
1.264911623837454272e+03
8.027499831916287576e+02
7.634777466252488693e+02
2.789446332392472527e+02
3.218251018034389404e+02
3.007658895423231229e+02
5.313755879298414584e+02
4.491133583085034502e+02
-1.209200193133203243e+02
1.631726873801266038e+02
1.093097969268457206e+02
-1.727109496728230909e+02
-1.701924156291031522e+02
2.711167055152484977e+02
-4.400101017733501862e+02
2.141830673030291337e+02
2.701634952072103033e+02
-2.977489559979706613e+01
3.965550290197336949e+02
3.361964669562498216e+02
6.673767370527846197e+02
2.736673554331283853e+01
2.722488667195559060e+02
9.302813459736037203e+02
1.242841454249048184e+03
1.819897352132086326e+03
2.110022845633435281e+03
2.667710442296086967e+03
3.945063911204257238e+03
3.944923452863350576e+03
5.422756175683641231e+03
5.777738230421772641e+03
6.650824667904737908e+03
7.019500050421153901e+03
7.683842066255631835e+03
