5.459784952760970782e+02
-3.668331156979675001e+01
-4.278103234376479236e+02
-3.481663515320128965e+01
-3.695386835455300911e+02
3.228704584300801343e+02
9.500638462396353816e+02
2.208694425929002136e+03
2.612522678778213049e+03
3.731984222180915822e+03
4.442920475914947019e+03
4.967640013365289633e+03
5.498649400796128248e+03
5.825286505647331069e+03
5.583375878548003129e+03
5.872105849880952519e+03
6.008582228347009732e+03
6.378848836023334115e+03
6.125476127494777757e+03
6.346993110217602407e+03
6.045107697262294096e+03
6.356599445029434719e+03
6.138213317547038969e+03
6.625760672626261112e+03
6.062709584595712840e+03
6.748485438432623596e+03
6.517740886932368085e+03
6.499124080541912008e+03
6.520671865412259649e+03
6.123579801421405136e+03
6.280717368648611227e+03
6.370762329441296060e+03
6.225802914284157850e+03
6.013101779969948439e+03
6.138266688184152372e+03
6.180987665467043371e+03
6.040405874511763614e+03
5.746229591616437574e+03
5.134122957783747552e+03
4.771238416113933454e+03
4.467780224071401790e+03
3.587359694017648508e+03
2.657627545732368617e+03
1.992334513392152303e+03
1.370602340767039777e+03
9.079874359103391726e+02
4.494777970048084512e+02
2.784330222512944033e+02
