7.028263293155951942e+03
7.321204123634944153e+03
8.019001756481476150e+03
9.902473635288200967e+03
7.183535588333744272e+03
6.549047890208876197e+03
5.848193952452109443e+03
4.842943400180149183e+03
3.913865660895100063e+03
3.466496767398275551e+03
3.176509430255730422e+03
1.735304103679334276e+03
1.195103412743734907e+03
1.448111335161283250e+03
7.926181438290061578e+02
5.889916721191510760e+02
5.491628747934620378e+02
1.828440325367381263e+02
3.800159511984184064e+02
6.106405497970788474e+02
2.898499668034258434e+02
1.840728259583599993e+02
1.766932142809101549e+02
4.990685854451774617e+01
9.843368233672862289e+01
1.773533445021032264e+02
-1.359968162157799441e+02
-1.480000064446839758e+02
5.490269861646483918e+01
1.776905800463331175e+01
1.098929861868077467e+02
2.871502288498990652e+02
3.888954992066020395e+02
2.725391131030071392e+02
2.706182668865336041e+02
5.981670111409819128e+02
9.085881508830301527e+02
1.336646132947100568e+03
1.132832725102030736e+03
2.022103529096080138e+03
2.696584374497762838e+03
3.313350302691820616e+03
4.435806549710918262e+03
5.187625449274970379e+03
6.054540840410973033e+03
7.062719241815440910e+03
7.749807719344510588e+03
7.831692883388678638e+03
