6.436669386021131686e+03
6.768574419894127459e+03
6.930055796935462240e+03
7.090140794252858541e+03
7.203377660401273715e+03
6.593702286920627557e+03
5.531288388240301174e+03
4.484921262441353065e+03
3.694539439970259082e+03
2.860552051017098165e+03
2.362019495332522183e+03
1.632195273481679124e+03
9.101295600834912420e+02
8.909120677312578209e+02
7.361924403898055971e+02
6.086523860366307872e+02
3.970386735901515181e+02
5.328482085443553160e+02
4.789931955090780775e+02
8.233343208154703063e+01
3.342595694779039377e+02
6.040971256745533680e+01
3.367539443014543963e+02
3.848408180044124265e+02
-1.035287576988966407e+02
-4.619695241400393826e+01
7.726091816916505195e+01
-3.878722857425096748e+01
-1.186268114438382781e+02
8.819153381062888286e+01
9.986122580457433173e+01
5.224764301937992741e+02
4.128327773805044103e+02
5.536582809231331339e+02
2.347808766766378596e+02
4.968562672948260683e+02
8.285376976224426926e+02
7.575077767412819867e+02
1.366150748213817451e+03
2.049955011278587790e+03
2.081086267698270603e+03
3.287953998651376423e+03
4.122200563518113086e+03
5.072216765530759403e+03
5.596494324313983270e+03
6.187641891124625545e+03
6.366349014267683742e+03
6.777661479071107351e+03
