4.418796409242014533e+02
1.577607813044636771e+02
-7.265843199152852776e+02
-5.329372559220051926e+02
-7.130893097765641642e+01
7.311900845862828646e+02
1.229637534255293986e+03
2.274258690447070876e+03
2.630672846231774201e+03
3.613309629714181938e+03
4.101525186492655848e+03
4.280029154262820157e+03
5.066517069875873858e+03
5.475682913273658414e+03
5.805002536223606512e+03
5.584985616239578121e+03
5.809725034795311331e+03
5.819433724272405925e+03
5.887885828695139026e+03
5.851087180334720870e+03
5.821748019000665408e+03
5.775188593305240829e+03
5.682577872373944047e+03
5.999296599864718701e+03
6.001452318226843090e+03
5.819025574151541150e+03
6.368157659571654222e+03
6.142349380128621306e+03
5.985111994890466121e+03
6.112144476237331219e+03
6.073918721164167437e+03
6.043638649488712872e+03
5.788636691483819050e+03
5.934927791127586715e+03
5.749920017026698588e+03
5.706429664352693180e+03
5.735654188595271989e+03
5.412006053468994651e+03
5.183712510409544848e+03
4.654878863961672323e+03
4.060611746246911025e+03
3.199907385211183737e+03
2.736119779263132841e+03
1.904728654749891575e+03
9.760383028189936567e+02
8.083261702159941251e+02
1.929839622026154018e+02
-1.151563166820461674e+02
