9.835741443881589703e+02
1.712321497247873481e+01
-6.770250433682689390e+02
-2.662572170973566017e+02
-3.081172607962840857e+02
2.507021619012706992e+02
7.764483139584262972e+02
1.740174730508431367e+03
2.676544526291796956e+03
3.365651076705075866e+03
3.799263565900329922e+03
5.503030479111204841e+03
5.429493638213996746e+03
6.112103327724620613e+03
6.314431020434046332e+03
6.246780891734961187e+03
6.120515099077763807e+03
6.252150137311014078e+03
6.114860620143123924e+03
6.325998136183809038e+03
6.214225790363110718e+03
6.374282671878339897e+03
6.399585866913596874e+03
6.339222035580912234e+03
6.125849496274408921e+03
6.430369144007811883e+03
6.627459505578124663e+03
6.309781109716852370e+03
6.285788490836072015e+03
6.389315405433044361e+03
6.270141069029414211e+03
6.466859627599319538e+03
6.485994782730800580e+03
6.050558891359989502e+03
6.556299167848595971e+03
5.796892742293221090e+03
5.934494875705172490e+03
5.940583213898977192e+03
5.149745294362734967e+03
4.637929191026330955e+03
4.071512078757765721e+03
3.266358027094202953e+03
2.330371192699488347e+03
9.860374810593642678e+02
1.118347482214736146e+03
-4.831482887028368367e+01
9.048242940123078881e+01
-2.058319028463332074e+02
