6.602217218268720899e+03
8.796855778999917675e+03
9.107672867238576146e+03
8.379275583760952941e+03
9.974601082794790273e+03
8.388078717795982811e+03
8.014486708285097848e+03
5.790965904809207132e+03
4.045636625202800587e+03
4.326365905856826430e+03
3.071410117154958698e+03
1.670749240413314510e+03
8.362337681332413695e+02
1.644899117794875565e+03
6.476967309230714136e+02
4.660290050329307974e+02
7.977490234464435161e+02
6.266797198314187654e+02
6.509793046348377175e+02
4.194867017844471775e+02
3.815563343152396101e+02
4.412824934047871466e+02
1.555854217308430236e+02
-7.828640766415928454e+01
1.419540951283503603e+02
-1.755831265634516569e+02
3.108989554694000503e+02
1.460411048639071794e+02
1.365975976571885724e+02
2.311971226575533649e+02
1.772143280940423153e+02
1.739793398774459376e+02
4.265251647998532576e+02
4.641937179066820818e+02
9.338363844171300343e+02
4.601842601844529668e+02
3.874057487158899562e+02
1.731433339269111002e+03
1.959865086901940458e+03
2.910862852302934698e+03
3.903785236287043062e+03
5.264786537439712447e+03
4.957232662375397013e+03
6.986094573964755909e+03
6.078451910612827305e+03
8.065157876185389796e+03
8.067563370968849995e+03
8.320499626603836077e+03
