9.132890777389615323e+03
8.350038738810235373e+03
9.218688038259702807e+03
7.667789779260395335e+03
9.229786356323038490e+03
7.723646758998435871e+03
6.265860780873613294e+03
4.855126463897398025e+03
4.899798665300542780e+03
3.581893295481064342e+03
2.114943251478323418e+03
1.984488416577438556e+03
2.229734417910978664e+03
1.240129741318011611e+03
6.720058034956349502e+02
1.044688863507046108e+03
6.616604279906886177e+02
4.718484937736611755e+02
2.814224884758021403e+02
4.192455921145568141e+02
2.493019795926908841e+02
3.425530423199335814e+02
4.588380173116944434e+02
-2.858628637265778138e+02
8.799976565355477476e+01
-3.251049887038010411e+02
-2.292791191641687760e+02
-2.632635863090570183e+02
-1.358759740149267543e+02
-1.098754010683060578e+01
7.210861821564113825e+02
1.186054063786479560e+02
7.662884103098753030e+02
5.890739702256328201e+02
4.106017364418427178e+02
9.387075039230892344e+02
5.606533562790124279e+02
6.117387091232282046e+02
1.059479581417745521e+03
1.905676471977312531e+03
2.861078950400243230e+03
4.088710093124437208e+03
4.055761298673985948e+03
5.358189629118413905e+03
6.274745106540585766e+03
7.640675666875043134e+03
9.286175126508149333e+03
7.048451009000346858e+03
