6.413064959416976308e+03
7.936525621976376897e+03
6.870697971674543624e+03
9.087652609481503532e+03
7.448003355345288583e+03
6.541133188369994969e+03
5.436498213191895047e+03
6.079878686779335112e+03
3.471160733911342049e+03
3.070358176092726808e+03
2.485868642351152630e+03
1.513760761024732801e+03
1.237564306054025565e+03
1.235497925187138208e+03
4.630988604700496580e+02
2.894123387742332056e+02
2.731203789651736997e+02
4.137381604976351355e+02
6.546903008485382998e+02
4.750508283505815825e+02
3.597920805987414496e+02
3.694931894295798998e+02
-9.733853975088945276e+01
2.878754412294575218e+02
3.689464500003344227e+01
2.536790949499088867e+02
1.782215617226353856e+02
3.507466929458793174e+02
-1.595648573813411986e+02
1.998948623880721414e+02
1.284269504563882549e+02
1.862350480204154621e+02
2.464599871227155461e+02
4.426344364154533650e+02
1.539750286246711255e+02
6.309399548878488986e+02
7.915393799462473226e+02
1.195252893212149957e+03
1.616364672946749579e+03
2.354574583030720078e+03
2.776178511620002155e+03
4.116544328233226224e+03
3.817084593607346051e+03
5.668027608826856522e+03
5.864861947747758677e+03
6.693937258885283882e+03
7.456413735280993023e+03
6.576016242080448137e+03
