6.584093725364837155e+03
7.855588676237734944e+03
7.508206815898971399e+03
7.453234646193466688e+03
7.019335843036573351e+03
6.661124316371331588e+03
6.202800516559487733e+03
5.024545360582038484e+03
3.921524255145191546e+03
3.306054317028267178e+03
2.577410249967478194e+03
1.421326450747380250e+03
1.536113625028016713e+03
1.387606167796413274e+03
7.345314447459946905e+02
5.449607860698409922e+02
4.299785346471308571e+02
3.416369668885060946e+02
5.132575040793572043e+02
4.819831907199012448e+02
5.620056640744222705e+02
8.505942290569517183e+01
2.906981201035227969e+02
-3.820192792848415309e+01
-8.061549155009471690e+01
-9.183218563483748653e+01
-3.705573993937195496e+02
-1.749136310148158486e+02
1.619608850526389006e+02
1.119948713795445485e+02
2.283096601287486465e+02
2.618777413744071509e+02
2.546496588402407326e+02
8.211681636766697920e+02
4.346791799548572044e+02
8.584427120574001719e+02
8.205113888808746196e+02
1.067316505323806723e+03
1.181577772232783673e+03
1.770992655287355092e+03
2.996242394177153983e+03
3.883027727331584174e+03
4.197884079372085580e+03
5.638329972049255048e+03
6.199212678832325764e+03
6.237724810373138098e+03
6.517078641910263286e+03
6.513083862707448134e+03
