6.213950437509771291e+03
9.341190541967222089e+03
7.646131178805662785e+03
8.505947771212566295e+03
6.830683380360106639e+03
6.766688611336286158e+03
5.729468337501944006e+03
5.156850514520087927e+03
3.881147992441888164e+03
3.281408143321598345e+03
2.442043451261119571e+03
2.269787979454901233e+03
1.111917856191785404e+03
6.386028829523810373e+02
1.006632784418417259e+03
5.221289398969855711e+02
7.678193705428676594e+02
4.534921000372424373e+02
7.306664203337634262e+02
4.293082065004032302e+02
7.378639241415395134e+01
3.500059008154480580e+02
-4.479559867912966098e+01
3.612903645754948911e+02
1.522925830726742333e+02
-1.064034288165773319e+02
9.743821656747929438e+00
1.528859860772331558e+02
4.663558421415346800e+01
5.077961764205256827e+02
3.250546457139481049e+02
4.240821603045098414e+02
3.032959171781170085e+02
2.580830081606930548e+02
2.351735804233617557e+02
5.582501516069057743e+02
7.542354155475896960e+02
1.225603631641267839e+03
1.046693498295394420e+03
2.670701143938960286e+03
2.844635643857545347e+03
3.872296589423143814e+03
4.790350218041357948e+03
5.635718595484731850e+03
5.342474239479352036e+03
6.796224279796137125e+03
7.189992960476425651e+03
6.416965850269472867e+03
