9.368243373599443657e+03
6.809330202435621686e+03
8.605647424180831877e+03
7.746670330135283621e+03
7.294596941656846866e+03
7.670382888910567999e+03
6.399747683362734278e+03
5.592819378731830511e+03
4.117587742052523026e+03
3.024221841794981174e+03
2.892170904110628726e+03
1.622130369087929239e+03
1.869375531395738790e+03
4.413506950927305184e+02
8.945756025062551089e+02
5.897018465330504569e+02
6.849220395418265070e+02
7.760062299317697807e+02
7.937347202019202541e+02
1.352237236764064789e+02
3.574169413909042419e+02
8.037307360987556422e+02
-4.111251389446759958e+02
-1.032230372800167686e+02
2.806293767895824089e+02
7.000765316028663676e+01
-1.464507717333655421e+02
-7.889513747810151578e+00
1.299858158403359027e+02
5.829957917438536441e+01
1.668163241651366491e+02
3.142830234183780362e+02
2.047636305178639304e+02
4.045651159632416238e+02
5.230960229736692781e+02
6.908306425817600029e+02
1.005709318868023615e+03
1.522509457002981890e+03
1.475685864103990525e+03
1.958764373060441130e+03
2.799234217858866486e+03
3.932836974768663367e+03
5.498894276032825474e+03
4.984177852310827802e+03
6.103747207951435485e+03
7.371572985819079804e+03
6.531273924143091790e+03
6.786177108660812337e+03
