6.463259476978527346e+03
7.077040543027267631e+03
7.242538822706219435e+03
7.517851519653095238e+03
7.152800830877390581e+03
6.264799640386224382e+03
6.237186842939770941e+03
4.656502390758143520e+03
3.857897354774969244e+03
3.463617983130853645e+03
2.575927037194873265e+03
2.178279438335498071e+03
1.400054756427763550e+03
6.986801952234663986e+02
5.359350052637217914e+02
3.655539034919867731e+02
6.064954932628475035e+02
4.649931399861472983e+02
2.534879317195011481e+02
6.140564148759680165e+02
7.183049260430790355e+02
4.587897789091460368e+02
3.117355736076362405e+02
1.487841056584562978e+02
-1.501575917192891154e+02
1.189098442834007443e+02
-8.412842442591396264e+01
2.814194953281864855e+02
2.220513408310967520e+02
1.829188346009684381e+02
9.670281364620861098e+01
-1.211239144244703958e+01
1.280617685869356990e+02
-2.136853760266992808e+01
2.488004482056865641e+02
8.385151940285874161e+02
5.227045500259540631e+02
1.253486604036201697e+03
1.443315255869136990e+03
2.160916464753929631e+03
2.746618004814530650e+03
3.963200598889045068e+03
4.854526431081079863e+03
4.862776291097803551e+03
5.906996012203872851e+03
7.021190514518446435e+03
7.702321485385185952e+03
6.729994057598997642e+03
