6.246129342102824921e+03
6.938892031976813996e+03
7.814513334984936591e+03
1.001281827473544035e+04
8.058547759596739525e+03
6.380057433214767116e+03
6.064395520920400486e+03
5.155426624653980070e+03
4.532759517534450424e+03
2.897168825673799802e+03
2.843297059187583727e+03
2.136302961614062042e+03
1.005479866708824488e+03
1.051840493179826581e+03
5.598750978191327476e+02
6.960712960777511853e+02
6.574379694562373970e+02
6.417697967993078692e+02
5.703054813274228536e+02
5.810047988386120323e+02
3.363962288499540705e+02
3.800122532834362232e+02
3.682240447776683823e+02
1.124665728363373489e+02
-6.771323984537660579e+01
1.741721756510522425e+02
-1.806509733256616812e+02
1.771504913377328592e+02
6.126029169352209465e+02
-5.961678636955345922e+01
1.082142213832520241e+02
8.667159780550043990e+01
7.423245497436234928e+02
5.856040861699527511e+01
9.323720575405167210e+02
5.040914572235187734e+02
9.181947636227779412e+02
1.497664282342893557e+03
1.766833098001297913e+03
1.873379836938034714e+03
2.609227757062644741e+03
4.624667382056906717e+03
4.350265597018280459e+03
5.130148428954844348e+03
5.509174326098934216e+03
5.998092874877699614e+03
6.780373512431000563e+03
6.799613984949320184e+03
