6.747155338885881065e+03
6.645703650482269040e+03
7.049752819695654580e+03
6.809044186647059178e+03
7.192890601978198902e+03
6.288682974282131909e+03
5.626676135453570168e+03
4.941902670425376527e+03
3.976218537792704410e+03
2.800324699743684050e+03
2.294826711277835329e+03
1.866759008831977098e+03
1.287065321442040386e+03
8.073252918520053072e+02
6.245737477231848516e+02
2.412093045137098386e+02
2.597228317202710741e+02
4.514658029612693895e+02
4.147650092009374134e+02
4.625537153110429927e+02
2.727538464446829991e+01
3.751805451120017096e+02
2.277357895808501382e+02
1.599913340234296832e+01
1.261290147765235901e+02
-1.290941352721834789e+02
3.693367974008261285e+02
-2.597803094460898023e+02
2.464888443453030220e+02
7.043209856910569897e+02
3.550548426786277787e+02
6.256090290091996167e+02
6.290606909368771085e+02
2.174362651092799865e+02
3.214165463143378929e+02
9.503186179124608088e+02
6.586262170267378906e+02
7.913507844441903671e+02
1.763482991398006106e+03
1.652032697180585046e+03
2.565886292206801500e+03
3.244892696614720535e+03
4.131116763444394564e+03
4.632017726428031892e+03
5.255806473112124877e+03
6.203011295225646791e+03
6.896185017531071026e+03
6.971344294250018720e+03
