6.135402983633598524e+03
6.834465005687754456e+03
6.977044863853906463e+03
7.049160340604923476e+03
7.195555476418234321e+03
6.076495622443456341e+03
5.190454717396556589e+03
4.694686919326100906e+03
3.929844092893892594e+03
2.722427024895712293e+03
2.350409666544109314e+03
1.385968267978001450e+03
1.230351672750892476e+03
8.731417583072995967e+02
8.076627542435071518e+02
2.573694314197933863e+02
5.028435962034522504e+02
3.620001218656389597e+02
2.087997376116684336e+02
3.021359560627788596e+02
3.618417020925603111e+01
4.628286526586686023e+02
1.918136400843283411e+02
6.860184724331905848e+00
-1.468953901341791379e+02
-1.806626515953230125e+02
-1.438889015374146574e+01
3.179159679123989690e+02
5.323570497681949121e+01
3.746440724371122428e+02
-8.343505950514275016e-01
2.448665880101236780e+02
1.011824368133934513e+02
4.874682052890829453e+01
1.563565594067515860e+02
6.813523330303648891e+02
6.442486951133854518e+02
9.682091053846513660e+02
1.365348493277125272e+03
1.526607145251667362e+03
2.226328311803579254e+03
3.352039956123844149e+03
4.239529042647433016e+03
4.773856522007978128e+03
5.457903394747950188e+03
5.807455158887859398e+03
6.519443831789010801e+03
6.746805348607863380e+03
