2.683871002523170546e+02
-1.241744160453123555e+02
-1.670641859673698661e+02
-1.433353383434670150e+02
1.029598660464778703e+02
6.322697405735787868e+01
1.368826870541578728e+03
1.478108780933675234e+03
2.881771121789650806e+03
3.831839079916714581e+03
4.103455170883475148e+03
4.931327209964360009e+03
5.084638558614623435e+03
5.477997726706978938e+03
5.619107841819777605e+03
5.594435196871524568e+03
6.011745936369791707e+03
6.016880077372660708e+03
6.041079309964537060e+03
6.205550922397552313e+03
6.111521574558661996e+03
6.194488113501499356e+03
6.054839197359988248e+03
6.182315017069760870e+03
6.251014216348666196e+03
6.095428977821617082e+03
6.089984883669867486e+03
6.212713832025903685e+03
6.228160057496806076e+03
6.387036596595883566e+03
6.107750196245381630e+03
6.099592421501542049e+03
5.630854425549630832e+03
5.890882813664931746e+03
5.949691818308254369e+03
6.108438784084881263e+03
5.921476058884892154e+03
5.708060761618204197e+03
4.777975782664870167e+03
4.549833654665132599e+03
3.755516537051818432e+03
3.488555013459058500e+03
2.408010577504379853e+03
2.000006093036205357e+03
7.285431992449209702e+02
4.211582499872486665e+02
-7.157797906330644366e+01
6.405204621975304917e+02
