6.608974907969151900e+03
6.844598912649158592e+03
7.732933525040719360e+03
7.430467298470142850e+03
7.019942203689828602e+03
6.619005683974344720e+03
5.784763125738198141e+03
5.423824698778254970e+03
3.550631330996397992e+03
3.192886856578993502e+03
2.502706059831738457e+03
1.602413804877839993e+03
1.044971528616514888e+03
9.550155784798271270e+02
4.726113207603852402e+02
6.458609893944945952e+02
6.537302504641236283e+02
5.313770147248808371e+02
3.480107328972640062e+02
5.470018405561392001e+02
2.914352967298377166e+02
4.677952187249499616e+02
3.297723423985701743e+02
-1.041184628889872101e+02
1.444829019460604229e+02
-2.425441980004066238e+02
2.335662788217424861e+02
8.222168120099647126e+01
1.702282599138114847e+02
2.350812756140911119e+02
3.340497774352751321e+02
4.749942593478538129e+02
1.889264308394545822e+02
8.738808126813476918e+01
6.082940425271006006e+02
6.917840682696281647e+02
9.377130560223537259e+02
1.507066954439697156e+03
1.131019268492155334e+03
1.776464144506063349e+03
2.619588118885168115e+03
3.499823730163511300e+03
4.358229423335505999e+03
4.845889450594674599e+03
5.602681442254934154e+03
6.180912297604438209e+03
6.715738406008117636e+03
7.177531840374141211e+03
