6.169571141541485304e+03
7.306231790853193161e+03
7.350866405635719275e+03
8.234722504838322493e+03
8.312451078138963567e+03
8.271413154454183314e+03
5.659959824738218231e+03
5.565263940457040917e+03
4.850023725214543447e+03
3.356354972858380734e+03
2.459325916219142528e+03
2.388712281412698303e+03
1.241222092581420839e+03
1.299691425645588197e+03
9.708302523858820905e+02
6.804344471622406445e+02
2.755521077910281065e+02
6.359110162014579828e+02
4.825385002262050307e+02
6.223683011089249248e+02
5.036299385663818384e+02
5.441826133409460908e+02
1.960977914831062776e+02
-7.636634200716673604e+01
1.297474240562719956e+02
5.437142300787497788e+02
7.101646239193355825e+01
1.730079705982236362e+02
-1.851623643772061030e+02
8.825717567080774018e+01
4.544286554319927518e+02
-9.433293284781639443e+01
6.922495562625506409e+02
3.458854004815407848e+02
7.239187757011904978e+02
6.996380033611869749e+02
5.050318346115851682e+02
1.432485554012644798e+03
2.048445570439596395e+03
2.157160217316762555e+03
2.252761266529508703e+03
3.590618566946199735e+03
4.161621719442839094e+03
5.327727798139953848e+03
6.340057592334337642e+03
6.648943722747522770e+03
6.570294827460905253e+03
7.653187947259729299e+03
