5.992230578013854938e+03
6.392142521301917441e+03
7.051942246466191136e+03
7.097354895891130582e+03
6.432936953624893249e+03
6.167390849522577810e+03
5.281797668496232291e+03
4.564431517220409660e+03
3.876181423522336445e+03
2.805649410669067947e+03
2.052837598032414462e+03
1.558006570293891173e+03
4.425646483560815909e+02
5.872022815068429509e+02
7.689285088353690298e+02
3.752319203827706815e+02
4.903543049082737184e+02
2.056061157777938320e+02
4.018909988666343338e+02
3.839653450237177594e+02
-3.757434509125204158e+01
4.475386107718546782e+02
3.965644520066263823e+01
-1.305228077377809086e+02
8.237799208205130341e+00
-2.395733498595523656e+02
3.879960991395668657e+01
3.670506135703916470e+02
1.811545627469142516e+02
-1.338080838208997818e+02
2.167203752074433680e+02
1.592204116626717507e+02
3.875866237087634669e+00
3.557357775551939199e+02
4.961570358187105398e+02
4.900318348617744846e+02
2.693628247472526596e+02
1.105756491625660829e+03
1.336516938933389156e+03
2.050394960628583704e+03
2.553695901635679547e+03
3.087605870124867579e+03
4.130386504144766150e+03
4.489216347073661382e+03
5.587786436481879718e+03
6.125080788117628799e+03
6.368823044564797783e+03
6.241848434784855272e+03
