6.325792464775634471e+03
6.405369614532273772e+03
7.122486402918213571e+03
7.182796489873884639e+03
6.601449787970220314e+03
6.466198677664921888e+03
5.209705506590154073e+03
4.591480209841790384e+03
3.792073082192293441e+03
2.832162248873924909e+03
2.088345718824371033e+03
1.335665225839381719e+03
1.058451999071439786e+03
6.912774018076408993e+02
4.311382462963019861e+02
2.367637631607353796e+02
4.098803981699185783e+02
3.709653064829714140e+02
2.292711382291669509e+02
1.938627502015952189e+02
4.929856171992427250e+01
4.110590803523846830e+02
6.339512643356913557e+00
4.597175938646000759e+02
4.301736506933229620e+00
-3.460145366323876601e+02
4.155196876046775856e+02
-4.441474027398508184e+01
1.836059321378171205e+02
9.697488665319065149e+01
3.486774783524049326e+02
3.454734379749164077e+02
5.831724225156567627e+02
1.021838882768116008e+02
4.575067716970485066e+01
3.469156222799584839e+02
5.360166929982307238e+02
9.921500758801992106e+02
1.573902329106101888e+03
1.893000309334599251e+03
2.469642484435094957e+03
3.299028749715891990e+03
3.494047837975132552e+03
4.645338803588432711e+03
5.120593058349189960e+03
6.415088639998029066e+03
6.374327789449115699e+03
6.716650156792227790e+03
