5.912204336718327795e+03
6.866572899805129055e+03
7.317690928799146604e+03
6.773110190760388832e+03
6.895863044090220683e+03
6.122863020069615231e+03
5.716249372745862274e+03
4.578982257203161680e+03
3.766240769800539965e+03
2.939901760842995373e+03
2.057449132692499461e+03
1.322075523593424350e+03
1.473713210175376844e+03
5.333221009348179678e+02
4.119736786765863599e+02
3.184035216602355263e+02
6.016742641387827462e+02
4.297781897753283147e+02
3.245985508502207040e+02
8.399115422233569461e+02
2.342153564167390982e+02
2.041608413535778936e+02
4.177000149985152575e+02
-5.351556724924667918e+01
7.680181230565563055e+01
-1.409714950735521768e+02
-5.481238466187082281e+01
4.115801685364875340e+01
-1.750733245181981488e+02
-6.448975104145819159e+01
1.647729566471705311e+02
4.230330619891874449e+02
1.006839849126412290e+01
4.255827947312384651e+01
3.723830923710429488e+02
1.986006442550664133e+02
4.670611358740021615e+02
2.496743178967841175e+02
1.265911553640356260e+03
2.001331583672842271e+03
2.306646632629074702e+03
3.153958638991809039e+03
3.718780698198829668e+03
4.568804961438136161e+03
5.370018021988329565e+03
6.086008024704430682e+03
6.684504050108269439e+03
6.348110923635231302e+03
