3.651342425666994131e+02
-1.413457012147842420e+02
-4.080354350220011383e+02
-3.502270581158524188e-01
-2.342145838383344767e+02
4.188117045665385945e+02
1.201910357487696274e+03
1.801700751883826115e+03
2.687181420767729833e+03
3.591665058236881123e+03
3.945187244676148111e+03
4.655603949269209807e+03
5.241364604795965533e+03
5.393666463861523880e+03
6.060055379786726917e+03
5.867765778480305926e+03
5.501489534088409528e+03
6.001695687282513973e+03
6.087220028886804357e+03
6.062501005489328236e+03
5.933986735105946536e+03
5.880750255658452261e+03
6.001797006631297336e+03
6.430754016452128781e+03
5.992666390201416107e+03
6.071771581344703918e+03
6.044791192424871042e+03
6.112269052899441704e+03
6.025396008552352214e+03
6.296104947381927559e+03
5.901240067067514246e+03
5.999986458473244966e+03
5.717166872542223246e+03
6.114890718346747235e+03
5.935642050326559001e+03
5.733276587801798087e+03
5.822791050973859456e+03
5.691147825272947557e+03
5.264256866217666357e+03
4.888165572702891950e+03
3.564759908268600611e+03
3.164619692051439415e+03
2.624672471815898916e+03
1.963029901970012361e+03
8.787379400812070571e+02
2.698745479523271342e+02
7.441852542006814986e+01
1.466276020228668244e+02
