6.297597298626222255e+03
7.191442198712810750e+03
7.453745488199238025e+03
7.629156611219800652e+03
7.031385425783976643e+03
6.565276639147268725e+03
5.471923639365992130e+03
4.494213122270592976e+03
4.039146183783872857e+03
3.135038777968566137e+03
2.049188195259992426e+03
1.323871751396038007e+03
1.302972150291326898e+03
9.729457572709058013e+02
3.041359502018593162e+02
6.440223118885108988e+02
4.631047478117038736e+02
5.603855832555748293e+02
2.646392939722407505e+02
7.341818045150009766e+02
2.256593590322223974e+02
4.899811647997247519e+02
1.520091071054332588e+02
-9.050698726303140518e+01
4.808343618389418594e+01
-1.973612164725875218e+01
2.969713983842452194e+02
1.168709120950827298e+02
4.217886075854390349e+00
4.297731817444757212e+02
-3.471946980492292312e+01
5.042226545748637818e+02
8.097858210563695991e+01
1.933348654076062019e+02
2.587612058611968564e+02
3.485771927324475428e+02
6.819900829170130692e+02
9.870332107260770726e+02
1.746965521931622789e+03
1.794848643787616538e+03
2.402533411622426229e+03
3.097131069553525776e+03
3.997820370420511153e+03
4.978825584072732454e+03
5.876576805151224107e+03
6.166717110000093271e+03
6.270538284884252789e+03
6.538385548160003054e+03
