6.235592404743161751e+03
6.604840662454377707e+03
7.032926225170646831e+03
6.988384311441769569e+03
7.033555770788572772e+03
5.948952759986450474e+03
5.373434544195333729e+03
4.434323439474391307e+03
3.691825999538445558e+03
3.115766263980176518e+03
2.464540147076281301e+03
1.430502719862682397e+03
8.767651973193995900e+02
4.800743815860166706e+02
3.094562886080812518e+02
5.488888086793696175e+02
4.350682790079619622e+02
4.193697721047348637e+02
3.991580062845500265e+02
3.566595146274763692e+02
8.023888695753020102e+02
2.374825856970028042e+02
1.720969182698875670e+02
-1.595661971405308464e+02
-6.437683545006280816e+00
1.049443955517501905e+02
-1.642155023442611537e+02
-2.200325848215755897e+01
5.831481874304009807e+02
2.097523253235310392e+02
6.686650639000760066e+01
4.407611601847629572e+02
3.289734649013574312e+02
3.237146676033397625e+02
3.437139742416844683e+02
1.674311132533137823e+02
6.770239036006445303e+02
1.027364268127044170e+03
1.375702247704560705e+03
1.602078148743094289e+03
2.418511450934072400e+03
3.342176306494751771e+03
3.853004127571783101e+03
4.758978269077817458e+03
5.737295991945557034e+03
6.195983747046437202e+03
6.071003721603998201e+03
6.126991045565605418e+03
