7.298150838285472673e+03
1.055748989820293355e+04
7.017454098332472313e+03
7.601356693891084433e+03
9.941718374297481205e+03
7.488762372523795420e+03
5.654426553303196670e+03
5.006995955544285607e+03
5.002561919214721456e+03
3.227297656170439041e+03
2.488681666674704502e+03
2.103114687149315614e+03
1.629740018990982890e+03
1.271619862641429336e+03
4.428654604059327653e+02
1.011479276433047517e+03
8.111609538604499221e+02
1.208177657395222013e+03
3.739464839729629944e+02
6.518041366272567529e+02
8.815684981027219465e+02
2.290690304214132027e+02
-4.927793291863291358e+01
1.155762252057375150e+02
-1.384632972897658192e+02
-1.901432615362736556e+02
1.225408734442412282e+02
1.042523295090493036e+02
2.823975711941086502e+02
1.438270526361207828e+02
1.161288304817817050e+02
1.606366678288501078e+02
5.391820258545646993e+02
4.168886649941333644e+02
8.366175648038090458e+02
6.680708008655821004e+02
1.230582871938117250e+03
1.188955728243525527e+03
1.492478938645534527e+03
2.432431674662024761e+03
2.726734183566902175e+03
4.076742469616088329e+03
3.966629211032221519e+03
4.921008568231460231e+03
6.308727637344265531e+03
6.105406072902913365e+03
7.112432207634901715e+03
6.314286253542566556e+03
