6.196088367531835502e+03
7.054187301182719239e+03
6.806200741139846286e+03
7.400037053794492749e+03
6.920209805008955300e+03
6.565651277514232788e+03
5.803908102416922702e+03
5.281661463572252615e+03
4.139007329463943279e+03
3.246934968534357722e+03
2.332463067747356490e+03
1.493909628313931762e+03
1.234278901951627859e+03
9.065042057651356799e+02
4.972001161132470770e+02
4.478347199970136785e+02
5.983762224883728322e+02
1.652192272774610871e+01
3.882739677858803589e+02
7.987969831763596176e+02
2.476944560614374211e+02
2.343813951721017474e+02
2.042515712679190187e+02
3.735232973634789744e+01
3.230953825810776721e+02
2.285413700019203986e+02
3.269550662243115084e+02
3.797889347087594558e+01
4.097808288852559144e+02
-5.412392428448540471e+01
3.313616173314634921e+02
1.600344687708277718e+02
2.663966169357813669e+02
5.323627327297023157e+02
5.013309663003768151e+02
5.496431256964889371e+02
7.674714232950483392e+02
7.752647552089468945e+02
1.456675787510991313e+03
1.850579260889840953e+03
2.860990245588531252e+03
3.269401985665423581e+03
3.294130500541108177e+03
4.386194686641241788e+03
5.399253695272370351e+03
6.344770363425278447e+03
6.844376416737170985e+03
7.096474352320156868e+03
