9.026004988079668692e+03
1.039495034164019853e+04
7.864547209582520736e+03
6.884419207429258677e+03
6.904866153215838494e+03
6.898578483380391845e+03
8.047592489436971846e+03
5.795747090956683678e+03
5.012725614273688734e+03
3.161096129515298799e+03
2.433185260569588991e+03
2.916643107835886894e+03
8.066429044366004746e+02
9.478691378746519831e+02
7.987900875992389729e+02
7.040810935240416484e+02
7.183970135453855619e+02
7.239800802339318579e+02
4.325293151750913125e+02
3.960988707593090794e+02
2.538950414414494219e+02
-4.447960092093089735e+00
2.527613527686215207e+02
2.272800788433813182e+02
-7.726139749979222415e+01
3.486727880659238963e+02
2.595225983266124103e+02
2.487179398884393322e+02
3.157548946153299312e+02
8.310232862915808028e+01
-4.080213067689124529e+01
4.559370455535031397e+02
2.348824218311433754e+02
4.830052869267934739e+02
7.086605917426578571e+02
3.390590463084128032e+02
9.304605145397035812e+02
1.169271828757285448e+03
1.666420103474069720e+03
1.892271358034586910e+03
3.132701332346122854e+03
4.247288615425390162e+03
4.284332001409521581e+03
6.456769205491319553e+03
6.389029400089468254e+03
7.147812387057827436e+03
9.052422013779296321e+03
6.877956717188973926e+03
