9.469108455271926914e+02
6.647259332871254855e+01
-5.947386726995188155e+02
-7.263264228742029900e+02
-5.000801135275222720e+01
3.576896680705688141e+02
1.296294488104430229e+03
1.824386576402502214e+03
2.673083972695352713e+03
3.369102558459630927e+03
4.449429058534740761e+03
4.774431718680424638e+03
5.228969026990136626e+03
5.822015133154443902e+03
5.629085336328947960e+03
5.751878350453001985e+03
5.926912876916405367e+03
6.195561188490581117e+03
5.917531962491367267e+03
6.136317799486152580e+03
6.190402998914081763e+03
6.025559892205179494e+03
6.327537972645583068e+03
6.381543610382208499e+03
5.895099966582121851e+03
6.177508377747847589e+03
6.520649945633028437e+03
6.395515966053503689e+03
6.053308139305254372e+03
6.185712414122725932e+03
6.313169525261342642e+03
5.928360469168713280e+03
5.643812935306556028e+03
5.968827228550298969e+03
6.107747676230057550e+03
5.940244741665382207e+03
5.348207199440249497e+03
5.512420421522331708e+03
5.378856838115915707e+03
4.909491582413636024e+03
4.079319956617238859e+03
3.064243299572435717e+03
2.801758626283830836e+03
2.317622313810182732e+03
1.142983719071595942e+03
7.222161484765622390e+02
4.447122609713262023e+02
-8.604039279742949020e+01
