3.981998413949620499e+02
1.873777127846060466e+02
-7.686650679138873556e+02
-2.978022204622317304e+02
3.535896065992223924e+01
4.455307735366250768e+02
1.085894932733137011e+03
2.013779856410316825e+03
2.756840515491679071e+03
3.381908597859191559e+03
4.434340243434893637e+03
4.987541139534852846e+03
5.220869516343938812e+03
5.664107631070291063e+03
5.628752084509977067e+03
6.100847634440348884e+03
6.242210331674687041e+03
6.122115649433381805e+03
6.217651340849049120e+03
6.424785484401212670e+03
6.294621106417202100e+03
5.771546703002871254e+03
6.690654958829361931e+03
6.419385432241297167e+03
6.676487423717928323e+03
6.817809211904271251e+03
6.499133013709510124e+03
6.515163497022894262e+03
6.762568575728692849e+03
6.353258923886672164e+03
6.392920662822560189e+03
6.342605869201885071e+03
6.568479743937748026e+03
6.261206966060496597e+03
5.905408566454895663e+03
6.343350996042693623e+03
6.052766377162150093e+03
5.759687242404270364e+03
5.099321964972790738e+03
4.733685605009145547e+03
3.917506475801341821e+03
3.282946906806732386e+03
2.531296914709633711e+03
2.140508853757049110e+03
1.228137567749013897e+03
3.226197756861650419e+02
1.238260793545248077e+02
2.135768836838685729e+02
