6.947952034577840550e+02
5.275355783653695596e+01
-4.613508949798555818e+02
-2.848374476494381042e+02
1.579932860572386915e+02
-1.593537047222624778e+02
1.471332710830623910e+03
2.226536312132023340e+03
3.208542655761775677e+03
3.548121227147303216e+03
4.430412104527535121e+03
4.881396345203445890e+03
5.835021988397281348e+03
6.204373887119648316e+03
5.992253846850942864e+03
6.032056430887754686e+03
6.293314774409443999e+03
6.300074760562931260e+03
6.602573156557983566e+03
6.352700711536261224e+03
6.476530683750023854e+03
6.267708308236113226e+03
6.441593565664490598e+03
6.325247987367528367e+03
6.556651618876196153e+03
6.465323210170121456e+03
6.688098115538285128e+03
6.219196091464941674e+03
6.864579600052789829e+03
6.434919936215478629e+03
6.667169337248762531e+03
6.413826615180691078e+03
6.569804691437884685e+03
6.107551171078763218e+03
5.922963467934347136e+03
5.870898413651349074e+03
6.561234385725128050e+03
5.834374534687368396e+03
5.226032058611755929e+03
4.762793677975341780e+03
4.597903813396303121e+03
3.610300261927662177e+03
2.791693520304003869e+03
1.820546422843737901e+03
9.333888763484341098e+02
9.796557352098834599e+02
6.842583436926681770e+02
-2.453671551978920604e+02
