8.962316349455033560e+03
8.101806998102259058e+03
7.603598125204730422e+03
1.098828362187133826e+04
7.066191019908115777e+03
8.490585097892497288e+03
6.023778645548914028e+03
6.661951943604199187e+03
3.802153299144807079e+03
3.302395175654284685e+03
2.192395066960917575e+03
2.759850643690107063e+03
1.627291687540549447e+03
1.027287072658333955e+03
4.404137135107562244e+02
2.626247639962189737e+02
1.100199741620172517e+03
5.372579732948158835e+02
7.632766038767382497e+02
-7.917602281622164639e+01
5.928250444600415676e+02
4.947449361514881048e+02
-4.048926247118818367e+01
2.891959766882623626e+02
3.332280094602597220e+00
1.077739111758376396e+02
1.870821598765036953e+01
2.948707753532552829e+02
3.512206077519252858e+02
4.420779078070127071e+02
5.184903954016705256e+02
2.863361941227217926e+02
3.627457071636649175e+02
4.482378508018277330e+02
7.424903984708008693e+02
5.941532181639489636e+02
1.412747867507133378e+03
1.612262404262358586e+03
1.250859394414522058e+03
2.713868800508213553e+03
3.666243869816238202e+03
4.057894708503527454e+03
4.378134275391910705e+03
4.805481373088272449e+03
5.789460401508030372e+03
6.544318559976499273e+03
6.541025999705969298e+03
7.602270429600317584e+03
