7.556440624536144242e+03
7.565115229631312104e+03
7.139120978589430706e+03
1.006907166440860783e+04
7.704966783911630046e+03
6.618166814147772129e+03
5.320098481651930342e+03
4.611556114338331099e+03
4.041704610931519710e+03
4.514170859285190090e+03
3.181876677171817846e+03
1.749324588876641883e+03
1.026916601261840469e+03
1.191536979901284894e+03
6.325914858992150585e+02
3.094639017011519400e+02
7.639691084691990000e+02
5.092357383544141953e+02
5.938014476213479611e+02
3.755611455579481799e+02
4.973474208068323037e+02
1.768174112258920445e+02
6.011464095829679621e+01
2.111552524347881388e+02
-3.413430339409784153e+01
1.329387936842580054e+01
-7.222310591676790636e+01
-1.450691597241727493e+02
1.144763109535757053e+02
-2.343198920188821077e+01
1.756553635252886636e+02
5.251647744017747073e+02
4.606339160540062494e+02
3.505562252064769382e+02
7.488040869735389151e+02
7.894511437507010214e+02
1.771759794900921179e+03
1.060286858880514046e+03
1.197616861025880326e+03
2.142539749923884301e+03
3.847454197304145964e+03
3.649861157900967100e+03
4.303651564080186290e+03
5.719012405343993123e+03
7.001592678320622326e+03
6.089100339044690372e+03
7.016376091414430448e+03
6.777500922142792660e+03
