6.258761776344214923e+03
7.066207090902732489e+03
7.478629502037165366e+03
7.787798466897665094e+03
7.556978005035558454e+03
6.403849683326187005e+03
6.187203163938463149e+03
4.526978785011595392e+03
3.779605540076328452e+03
3.552694440549099909e+03
2.082696204752837275e+03
1.956750775027732061e+03
1.135387100662673902e+03
6.700539906690569296e+02
7.487102393860155871e+02
8.327309710053773415e+02
4.611683803521219147e+02
4.665912062074589812e+02
3.939135478062336801e+02
6.562319175891097984e+02
2.605783680080201066e+02
4.329163381773789183e+02
4.454456781346147523e+02
2.690318168929767939e+00
1.731018584796069035e+02
1.101676963220043746e+02
-1.547553880140824845e+02
8.200520778896640550e+00
1.034550983282757528e+02
1.880971824027640480e+02
3.829422340792637556e+02
5.125498654824286859e+02
3.953827854895824885e+02
1.943537703871310782e+02
4.059820391335182990e+02
2.464655918963795216e+02
4.179206096553795078e+02
5.621152662577401316e+02
1.287267279507291960e+03
2.059113173770292633e+03
2.665119629602163968e+03
3.144157349353502013e+03
4.315154248048689624e+03
5.056784802841050805e+03
5.714818418409749029e+03
6.305768187315950854e+03
7.252389800598600232e+03
6.844955117452710510e+03
