6.862797376875365444e+03
6.733595080170082838e+03
7.088538801359231911e+03
7.053386096086617727e+03
7.233455889768054476e+03
6.323083188227339633e+03
6.021798199726136772e+03
4.924866526647739192e+03
3.346672009013487695e+03
3.115329822305491234e+03
2.376296138889415033e+03
2.278386366496504706e+03
1.457720117041988260e+03
7.168662461961838517e+02
6.757348407811093693e+02
8.823224159384325276e+02
3.234389364399451665e+02
3.715986943064607431e+02
4.836127625116176318e+02
5.206426213619315604e+02
3.415892004803188229e+02
-1.189373059532744890e+02
-2.172107662635803820e+02
-1.331848836017454687e+02
1.823547464426487466e+02
5.559973021125490789e+01
-2.899704135236932530e+02
-1.366628423444403495e+02
-9.002259467404674353e+01
2.329759011412294569e+02
4.090376890677629831e+02
2.318277155160620850e+02
2.834548699878126286e+02
1.859043059516357346e+02
3.125392083087207880e+02
8.074229542391210543e+02
7.751763798100240592e+02
9.040657655783842301e+02
1.173399618111656537e+03
2.068219969596674218e+03
2.312876057744739683e+03
3.085441303651120961e+03
4.072073041878663389e+03
4.826500204317498174e+03
6.000371662084770833e+03
6.105772699438196469e+03
7.084499673334707040e+03
6.614898972803455763e+03
