1.226229533670479668e+03
1.896934620732943699e+02
-1.020009002542296798e+03
-6.133630394591907589e+02
-5.212698645634597483e+01
2.695760327140642971e+02
1.437927239614634118e+03
2.524496233449999181e+03
3.148148766450460244e+03
3.791240064160658221e+03
4.718716153766859861e+03
5.331469829611445675e+03
5.681976362003999384e+03
5.954202212342305756e+03
6.119830380438290376e+03
5.959435843386483612e+03
6.273929757654471359e+03
6.026673895269676905e+03
5.814590458087981460e+03
6.507283671344313916e+03
6.347447511447290708e+03
6.137760736256666860e+03
6.246251997328491598e+03
6.323966454166574295e+03
6.248358905368033447e+03
6.447176158525565370e+03
6.389727349239260548e+03
6.261014982203575528e+03
6.393377089030255775e+03
6.349357007988864098e+03
6.284324216072527634e+03
6.487812967561289952e+03
6.152199662716318926e+03
6.522108278681152115e+03
6.475531358533396087e+03
5.835721290065977882e+03
5.868282719242698477e+03
6.134380322974017872e+03
5.713927442702151893e+03
4.690206362330815864e+03
4.173561583316489305e+03
3.264654013456284247e+03
2.497658605891981551e+03
2.115482726116790673e+03
1.162735412378361161e+03
1.197870970043115904e+03
7.364854704117688016e+02
9.180783784984548674e+02
