4.918495325796597228e+01
4.522601242395271015e+01
-3.788250825597790481e+02
-1.082944893418939643e+02
-1.916758517949968166e+02
5.843844580147477927e+02
9.365088002881842613e+02
1.964871510791194169e+03
2.791412114305378054e+03
3.866645177383181817e+03
4.381678015057604171e+03
4.606839396901968939e+03
5.176254032076561998e+03
5.702176521851172765e+03
5.772599998627810237e+03
5.845501018830991597e+03
5.738782572322520537e+03
5.883255926017707679e+03
5.878023054988725562e+03
6.024618108039148865e+03
5.836534183946454505e+03
5.845159075853355716e+03
6.132759588274232556e+03
5.924701587199232563e+03
5.987453306204837645e+03
6.098169720419378791e+03
6.223967434310253338e+03
6.065310839181184747e+03
5.840104482247386841e+03
6.085181553197837275e+03
6.072515791409811754e+03
6.249248655764222349e+03
6.034038305529704303e+03
6.190015179956091742e+03
5.615117462754840744e+03
5.785591043236547193e+03
5.887370233160379939e+03
5.500652711158018064e+03
4.725878866522678436e+03
4.319204255539966653e+03
3.722017110347814196e+03
3.322745875029801937e+03
2.270768090892539931e+03
1.652210060623349364e+03
7.813737206574996890e+02
6.102450979400997539e+02
1.278282123671487227e+02
1.870310437572909734e+02
