2.218510497051111372e+02
-3.838318989761550029e+02
2.114665837373200361e+02
-3.726237109124820535e+01
-8.619055336446263027e+01
7.396718998943347856e+01
1.173267598016067268e+03
1.989163320829580471e+03
2.880111721626230519e+03
3.506111197231360165e+03
4.759146088726114613e+03
4.877886451196523922e+03
5.287656573913543070e+03
5.936642241847722289e+03
5.857280978162253632e+03
6.175631560647731021e+03
5.772825819563652658e+03
5.984891271571477773e+03
5.782946515231800731e+03
6.287546715780987142e+03
6.320028772881923032e+03
6.129808381641075357e+03
6.262712488043295707e+03
6.305891849942197041e+03
6.432680966926322071e+03
6.429839244620091449e+03
6.269663275427667941e+03
6.487558237181866389e+03
6.480773849492197769e+03
6.112725066319597317e+03
6.094397907424418918e+03
6.070600830659569510e+03
6.342745993629056102e+03
6.023774929329946644e+03
6.307820050265572718e+03
6.062734179022758326e+03
5.935987024504203873e+03
5.623024871375473595e+03
5.428776569267860395e+03
4.788946647798263257e+03
3.820790556518400535e+03
3.559729575833827312e+03
2.667626587114275480e+03
1.915911631275364471e+03
1.353668620534728234e+03
1.053438388759469717e+03
6.476957897916680622e+02
8.860437348385303267e+02
