3.160315852826453806e+02
-2.245771200918567558e+02
2.402716275810803381e+01
-5.600712890053275714e+02
-2.061414660595635837e+02
6.507311271159885564e+02
9.775738066656562069e+02
2.021148517708056033e+03
2.956062388388457748e+03
3.375523162588751802e+03
4.089265329140590893e+03
4.646407382172572397e+03
5.585671343678649464e+03
5.710351149003948194e+03
5.888142789615353649e+03
5.825695042248196842e+03
6.002076637762590508e+03
5.820853936765242906e+03
5.897573917529138271e+03
5.997011279092461336e+03
6.368143559521652605e+03
6.027031430807081051e+03
6.580449412553054572e+03
6.306280038735369999e+03
6.662361770855710347e+03
6.488465358863360052e+03
6.489020097194434129e+03
6.358314735355399534e+03
6.436427393467514776e+03
6.288878681691469865e+03
6.249861430828017546e+03
6.309158817702491433e+03
5.836419653162454779e+03
5.981973465897715869e+03
6.050520312065263170e+03
5.955933523915228761e+03
5.782027484366643876e+03
5.515265209880997645e+03
5.118827177217540338e+03
4.430191070811407371e+03
3.349961881784664456e+03
3.189343666542666597e+03
2.460717484794547090e+03
1.678671941776258109e+03
1.082306581074184351e+03
5.518638576308566144e+02
2.042897772988462748e+02
-3.649132389514052477e+01
