5.308473493208223317e+02
-1.617890519027203311e+02
-4.200281533718343780e+02
-4.021278415816114489e+02
4.487233661884849312e+01
4.082253609164975501e+02
1.536002399052743385e+03
1.802864682040432626e+03
2.749854001840149976e+03
3.644479851327296274e+03
4.457179432316833299e+03
4.626292085566872629e+03
5.156628757459890949e+03
5.137118725924236060e+03
5.452129915752947454e+03
5.834865770340515155e+03
5.940959156439777871e+03
5.789161316322631137e+03
5.874134066943033758e+03
5.496391235528072684e+03
5.718678174054259216e+03
6.057425746622400766e+03
5.918968015060251673e+03
6.105242198705646842e+03
6.461701046892664635e+03
6.210429257050509477e+03
5.976679092265884719e+03
6.146199550967895448e+03
6.263208758333687911e+03
5.806774634910874738e+03
5.996055019060312588e+03
6.268355567135135061e+03
5.952621560359863906e+03
5.995840791698315115e+03
5.657238705544059485e+03
6.332739348678056558e+03
6.107959904878682210e+03
5.237804954589243607e+03
4.991853971285356238e+03
4.471231010608067663e+03
4.009786264079884859e+03
3.118915920487893800e+03
2.525869485094035554e+03
1.483772293424631016e+03
1.212699062499214733e+03
4.503711864077017708e+02
1.689461228445484835e+02
6.228035691835465286e+02
