1.247546053808125407e+03
-4.364815776393469378e+02
3.082445829503983532e+02
-8.484180337103189231e+02
-1.228432176829152809e+02
-1.480478077259403733e+02
3.785370830110856559e+02
1.606782851982911779e+03
1.795775485425064744e+03
3.114673537625560130e+03
3.612106270539391517e+03
4.111811728501623293e+03
4.742609766350699829e+03
5.398491707482068705e+03
5.221241230023769276e+03
5.547942592888673971e+03
5.429947492139624956e+03
5.165516756515594352e+03
5.175062689648872947e+03
5.365372288560569359e+03
5.117314246148729580e+03
5.823293083668685540e+03
5.198804606647026958e+03
5.770032393970742305e+03
5.461642762779227269e+03
5.888666638453981250e+03
5.714882832776974283e+03
5.799129790523944393e+03
5.677466625883705092e+03
5.396386741845823963e+03
5.528008593748119893e+03
5.754960821803701037e+03
5.519314281058807865e+03
5.235785905997313421e+03
5.048808694748531707e+03
5.587501502067348156e+03
4.689337062312947637e+03
4.878810958270298215e+03
4.208014854842406749e+03
4.229144622827418971e+03
3.438023324060605319e+03
2.593142237711730104e+03
1.684798211560458867e+03
1.343235925855831056e+03
5.138084104540106409e+02
4.766027695463062628e+02
-1.432624945820670064e+02
-8.990527885510109627e+02
