7.046158231522807910e+03
8.157053088938042492e+03
7.207432320007485032e+03
9.078649269372321214e+03
6.900421215379534260e+03
6.366264483268909316e+03
6.031051223497917817e+03
5.745051228866820566e+03
4.587074752922797416e+03
2.749803889101458481e+03
3.026589995351946527e+03
2.268892781694860787e+03
1.956055846933883004e+03
9.077218050911209275e+02
8.693523053412916397e+02
3.349713959943017016e+02
6.382217787543171426e+02
4.348702192768824375e+02
5.803081959257643803e+02
5.242392892066354761e+02
4.386491873092699052e+02
1.300244100304045674e+02
-3.249120354852471451e+02
1.459159368107177102e+02
-3.147148298547631029e+01
1.906778695280189311e+02
8.040955086212437664e+01
-3.519498737604166649e+02
4.412808240615520816e+01
1.354760866391449383e+02
2.916369407740321549e+02
6.206702471386221553e+00
3.629160953369201934e+02
3.989632204840488043e+02
7.053455097566353516e+02
5.947490454989656428e+02
6.390967934401584216e+02
9.558251093519952519e+02
1.718012549001899970e+03
2.239646557134334216e+03
3.104430467985873747e+03
3.607268701806329318e+03
4.703104799888946218e+03
4.895035734522797611e+03
5.819341308699913498e+03
6.184057669228569466e+03
7.618324411488790247e+03
7.006078135584651136e+03
