5.332781264263090861e+02
-3.615074104686104874e+02
-2.885845968013530864e+02
-8.546045442712750173e+01
-3.011040353865449788e+02
5.033783706573269683e+02
1.395482802147673510e+03
1.540700768638457021e+03
2.716333620153406173e+03
3.731500176269761141e+03
4.085868195163618566e+03
4.986948582490938861e+03
5.434417211008394588e+03
5.432721464080419537e+03
5.717728363710820304e+03
5.675703028867568719e+03
5.868125195200404960e+03
5.848940658923790579e+03
6.117893700469553551e+03
5.968084974620685898e+03
5.972290668278987141e+03
5.889733052952871731e+03
6.258252703372572796e+03
6.043643190285157289e+03
6.531292837633201998e+03
6.131801189571689065e+03
6.111584749695931350e+03
6.071243286302666093e+03
6.233420605007075210e+03
6.585723157254605212e+03
6.318890691477211476e+03
6.414357876634811873e+03
6.106754263836986865e+03
6.019268291129271347e+03
5.820539335760119684e+03
5.615286139182208899e+03
5.483512161448375991e+03
5.544459873639384568e+03
5.442156815885008655e+03
4.838652672273139615e+03
4.046372870417131253e+03
3.589159898148850971e+03
2.295119963170918254e+03
1.420401828341197643e+03
1.057125244294895310e+03
7.475538404308103964e+02
2.835038137481657259e+02
3.733311948325055027e+02
