7.144970309884216476e+03
7.599662636134518834e+03
8.441608147532870134e+03
8.227565343080743332e+03
6.754737329681282063e+03
7.429688273000900153e+03
5.918409472269697289e+03
5.564052297205132163e+03
3.634014897548643148e+03
3.123057658455854835e+03
2.430587088946768745e+03
1.643461963316840411e+03
1.390599306954873327e+03
1.266401854833413609e+03
1.085820010322350299e+03
5.349555441076163333e+02
3.675441461201786524e+02
4.957500061629832544e+02
1.746616968619412376e+02
7.714962583603619350e+02
3.443158552795178196e+01
2.009159199759448882e+02
1.134066612194834818e+02
4.607259343734851313e+02
-1.763923414283190425e+02
1.541457336034625030e+02
5.916708180931861705e+01
4.556786719453118621e+02
-5.500938355002504210e+01
4.341392295786374120e+02
2.345550331490995575e+02
2.196362924141348572e+02
3.901886818583848253e+02
3.581475182745850248e+02
4.387175727729350001e+02
9.993487557780440511e+02
1.259575211303787910e+03
1.230890591166423974e+03
2.066195183515701956e+03
1.890251006377229942e+03
3.079978061696583154e+03
4.822452424254095604e+03
3.845363728867443569e+03
5.239965900082674125e+03
5.552498086500414502e+03
7.304373301176255154e+03
6.618659423836320457e+03
6.703183253622553821e+03
