8.448901080924566486e+03
7.305092197878401748e+03
9.035278970910154385e+03
8.819939141074723011e+03
8.223324459423505687e+03
7.228768975438437337e+03
6.050444961701055036e+03
5.306024109734365993e+03
4.914998243196718249e+03
2.981362339509966660e+03
3.300402701967134362e+03
2.308761353638004948e+03
1.289334419557178308e+03
1.049446967962192957e+03
6.958030000044954022e+02
9.906744886179210425e+02
3.568638947108385082e+02
1.047440434913768286e+03
6.117367963107894866e+02
3.236221279861117068e+02
2.737761570470682955e+02
2.499100520261054896e+02
3.817694444227549866e+02
-2.162457828735660996e+02
2.068645338913658804e+02
-8.158417201026044552e+01
-6.675383836531699444e+01
-1.001698235648807014e+02
2.898131968760453105e+02
-7.352364346444753096e+01
2.570344816939913812e+02
2.889822959605096457e+02
5.797907713196369741e+02
6.541586730556375642e+02
5.322840316806530154e+02
6.083023167997465634e+02
1.492965094514316888e+03
1.425998611229096696e+03
1.692957926705198588e+03
1.860016025696148517e+03
4.089266804108694487e+03
3.854996326595599385e+03
4.728044584933934857e+03
6.465521545093512941e+03
5.844559174831544624e+03
6.531167658340564230e+03
6.831226768539285331e+03
6.838516137799924763e+03
