4.023159213418030618e+02
-1.802789787543806312e+02
2.513579247368788288e+02
-6.448765793509492141e+02
7.286058271559994637e+01
9.862112931105048119e+01
1.051433765789400923e+03
2.222957524612400903e+03
2.585510143992557005e+03
3.094670057079236813e+03
4.447815616203319223e+03
4.400792567933707687e+03
5.398190076753926405e+03
5.794873076421225051e+03
5.824996607643261086e+03
5.805000279476379546e+03
5.407903164947120786e+03
5.841878303471208710e+03
6.079818687745587340e+03
6.168025996925570325e+03
6.236993433542356797e+03
6.158357697063930573e+03
5.965805676221542853e+03
5.778487232677219254e+03
6.364939112254429347e+03
6.395608920738142842e+03
6.295027509876785189e+03
6.006225888706459955e+03
6.095206719978084948e+03
6.495695926865149886e+03
5.626597917326258539e+03
5.940262475244246161e+03
5.932529447451449414e+03
6.004069148338679042e+03
5.967063920486451934e+03
5.489021478813593603e+03
5.796921744869562644e+03
5.481856987018417385e+03
5.139772348178769789e+03
4.621296186396531084e+03
3.612071054190429550e+03
2.977986820668158543e+03
2.065122326477988281e+03
1.800037029888808320e+03
8.480986780863894410e+02
4.799308766634728158e+02
-1.266292299609530545e+02
-3.331817306096713338e+00
