-1.246045174851592634e+02
2.591696257015656215e+02
-5.035110461821622607e+02
-1.890963035514249384e+02
-3.323884072854463767e+01
5.912810822457289532e+02
1.335309581827928014e+03
2.266313811082051416e+03
2.948204931274312457e+03
3.404894059576008658e+03
4.129000015740632989e+03
5.036244121201571943e+03
5.233639237933331060e+03
5.276149204452154663e+03
5.572915278733865307e+03
5.722037279071411831e+03
5.739608358168280574e+03
6.072890819092739548e+03
5.845909214933790281e+03
5.727516212357776567e+03
5.601243750237983477e+03
6.293942890515673753e+03
6.050073318567619935e+03
5.818287264767465786e+03
6.376055131837420959e+03
5.940490776781033674e+03
6.174721665711309470e+03
6.075415260722495987e+03
5.880342221013343988e+03
5.852354733810502694e+03
6.040033466256199063e+03
5.827470014608416022e+03
5.957595525151463335e+03
5.770680022704335897e+03
6.049903033732188305e+03
5.919672600470958059e+03
5.659221153822963970e+03
5.554502866015955078e+03
5.147786631547650359e+03
4.550656321541162470e+03
3.968009408389558757e+03
3.341073266947928005e+03
2.545897206973195352e+03
1.991992060818795380e+03
1.275997305383514686e+03
1.211753360926742289e+03
4.357990737800898273e+02
4.613269904964238322e+02
