6.018616336206563574e+03
6.836667435605259925e+03
7.018461842590942069e+03
6.948911569751234310e+03
6.814319314827866947e+03
6.134330008771842586e+03
5.386091368956909719e+03
4.695563308372697065e+03
3.734728068015534518e+03
3.038289378435641538e+03
1.829671415131653475e+03
1.184167081111934749e+03
1.099897493343054293e+03
7.378853198694038156e+02
2.031529884630574259e+02
6.328388077554944857e+02
6.576411727179953459e+02
3.231409577040236627e+02
5.780527202245131235e+01
3.478336741054396271e+02
2.613041052499770558e+02
-1.989145528603409616e+02
1.982985749465095182e+02
1.768179248821695353e+02
3.957918829029223957e+02
-8.513430591792155155e+01
2.577585107456312130e+02
-3.407529715543345219e+02
-1.870545837643706477e+02
1.082201284906271042e+02
7.572384827204919588e+01
1.103948735594214554e+02
3.229961884259089402e+02
7.241716796936171932e+02
2.033468904573610416e+02
4.672042085899348081e+02
1.953862089416497270e+02
8.760579054733304929e+02
1.441555888432396387e+03
1.879084141117642048e+03
2.311869524266478493e+03
3.109699367575394263e+03
3.935204022462653938e+03
4.741133984748252260e+03
5.746538320033780110e+03
6.138260320787861929e+03
6.388325413003155518e+03
6.784929768321034317e+03
