2.541549128066535843e+02
-1.280140116814279772e+01
-2.926092502274213984e+02
-6.283934906107521101e+02
1.770528180695464471e+02
5.025964111301162802e+02
5.896394005529650713e+02
1.918280594279888419e+03
2.713828388883840944e+03
3.355660043987035351e+03
3.918059373177482030e+03
4.830093667472624475e+03
5.595045023986173874e+03
5.371491703327333198e+03
5.675839713136410865e+03
5.897035885968824005e+03
5.586687892934786760e+03
5.790255951163631835e+03
6.056869954967930425e+03
5.978644416415002524e+03
5.886565542774968890e+03
6.126524320930581780e+03
6.056037835564618035e+03
6.056663084500825789e+03
5.790755598729431767e+03
6.186662189669003965e+03
6.170052889770387083e+03
6.255070052776398370e+03
6.241489326977025485e+03
5.940912751927203317e+03
6.124479329436306216e+03
5.762490810776444050e+03
6.126676374957889493e+03
5.665303435079183146e+03
5.585801818646164975e+03
5.891258205286560951e+03
5.898091764586147292e+03
5.727588656720010476e+03
4.904041193188470061e+03
4.435676070395807983e+03
4.157355552368628196e+03
3.062696984936416811e+03
2.222343776589474146e+03
1.955601282958170714e+03
1.307517967138183849e+03
7.179103722321468695e+02
2.058961335250469631e+02
3.022395369856423031e+02
