5.272237680751090920e+02
-3.382252459399680333e+02
-2.825586017589689618e+02
-4.625029116537652953e+02
-3.120989030557004895e+01
5.872728815831608244e+02
1.476503024940056321e+03
2.074978408763838161e+03
2.718422364806252517e+03
3.319270246644186045e+03
3.933999093387930770e+03
4.566486943494935076e+03
5.017835657662774793e+03
5.442281374329015307e+03
5.622064257578020261e+03
5.808981041283505874e+03
6.080527374372262784e+03
5.821980986442532412e+03
5.764782410016789072e+03
5.838659840449098738e+03
6.145608463460400344e+03
6.037281453048830372e+03
6.133763711985236114e+03
6.040611181085726457e+03
6.035144684844141921e+03
6.002174304470768220e+03
6.333826161181770658e+03
6.204027006163379156e+03
6.045877881803906348e+03
5.897631204552440977e+03
5.637596931683860930e+03
5.657651980865301084e+03
5.776816125455703514e+03
5.747726945516760679e+03
6.018164232150962562e+03
5.503719231404624225e+03
5.700463825256334530e+03
5.092179754209085331e+03
4.853603941256076723e+03
4.277428260595384927e+03
3.655573466585178267e+03
3.037840952898683554e+03
2.508237611107044813e+03
1.621109591628996213e+03
1.267142244794432145e+03
4.649165622586561994e+02
5.704506485907121061e+01
3.249069855142627716e+02
