4.524859802861997764e+02
-3.228511940443444246e+02
-2.422874892602998500e+02
-4.366679144414338225e+02
2.681470141900438264e+01
5.225059160408713979e+02
1.276726867623637645e+03
2.224980214807652828e+03
2.907205817875293633e+03
3.577422598182864022e+03
4.435807320203237396e+03
5.058256451075066252e+03
6.063469052265471873e+03
6.242866698403897317e+03
6.439918954290802503e+03
6.330534852911197049e+03
6.370624854420156225e+03
6.206748159635097181e+03
6.407258045975551795e+03
6.414771092570957080e+03
6.272987100132721025e+03
6.773021591406239168e+03
6.469531138660031502e+03
6.658199786981658690e+03
6.920703796099546707e+03
7.024197278685629499e+03
6.550532378221947511e+03
6.742849927747599395e+03
6.736386590158634135e+03
6.490073033790585214e+03
6.612395481298792220e+03
6.640700740196274637e+03
6.290972105520535479e+03
6.513362539578387441e+03
6.477324264830177526e+03
6.785910751761037318e+03
6.521860436324700458e+03
5.850617595902755966e+03
5.633578784753608488e+03
5.100319380893171001e+03
4.692883367171649297e+03
3.816552483392971226e+03
2.813600703329913813e+03
1.554526082130091027e+03
1.152069259184542489e+03
7.684050918288810408e+02
3.072498445011270860e+02
2.134020477934411986e+02
