8.187668875381399630e+03
7.822431644736323506e+03
7.429963843190074840e+03
7.040239808610541331e+03
8.569982391990672113e+03
6.875730175366548792e+03
5.646718475478804066e+03
5.463685193235269253e+03
3.993842356358795769e+03
4.298075094990131220e+03
2.478273819530151286e+03
1.565715270567193784e+03
7.632679855830507449e+02
1.002568612120626540e+03
1.265867964790207907e+03
2.791345445374316796e+02
5.717065201170581759e+02
5.704620573034958397e+02
4.131707962604079398e+02
3.822329834550321834e+02
8.816627203124546952e+01
1.233541636489979680e+02
4.291361799230144669e+01
-1.016522715332005333e+02
-1.026808881803978153e+02
2.297894093929800476e+02
1.162996039365276175e+02
6.324682503693239966e+01
1.772686087384656446e+02
4.002166338388728377e+02
2.909700385093237855e+02
5.517011261635180972e+02
3.210331172445989409e+02
9.559031864783185029e+02
1.280934341790817371e+03
7.019976985872905288e+02
7.404309168690426759e+02
8.446054669105848234e+02
1.035399114884928167e+03
2.487221113661038544e+03
3.047780635958776202e+03
4.667958309186754377e+03
5.185847321014472982e+03
5.244310481357587378e+03
6.804853173804746802e+03
7.435990101706427595e+03
6.482516909041105464e+03
7.761033749485878616e+03
