6.443429378830456699e+03
8.879316182179023599e+03
7.489256403665584912e+03
7.752983493415626981e+03
7.436877450924806908e+03
6.343038859352403961e+03
7.244665978508995977e+03
4.911062433372504529e+03
4.208830625380864149e+03
3.127601333045744013e+03
2.978179228808901826e+03
1.547557571916959205e+03
8.079894343982122109e+02
9.907861436973315676e+02
8.687634038596297614e+02
4.594274247423582551e+02
3.029340910014919928e+02
5.262701038501554649e+02
6.798036700649143995e+02
1.667745364941393689e+02
2.752213956991942609e+02
6.841982171240734090e+01
3.744560828578598688e+01
1.776480791681573237e+02
2.495959774554542037e+02
-1.066365620100163341e+02
-1.192452203117051246e+00
7.904075000605875800e+01
3.502605441219773752e+02
1.391334777721043565e+02
3.129965406919271800e+02
3.691924765633396532e+02
4.370777694652659875e+02
4.195456422541462302e+02
6.414605886419714125e+02
8.596100991384216741e+02
4.622953704702291020e+02
8.654106661876185171e+02
1.416945983349741937e+03
1.406779619320749589e+03
2.838465457430242168e+03
3.330656589173603606e+03
4.118872019483880649e+03
5.180001079948779989e+03
6.154242640703139841e+03
7.992142048534192327e+03
6.899859333483971568e+03
6.387928184497993243e+03
