9.979887562934361995e+03
1.029491970608913289e+04
8.476192595544522192e+03
7.569193892576075086e+03
6.772021578598007181e+03
7.220236464725427140e+03
5.857979888231941004e+03
6.171463283135518395e+03
4.587764959277313210e+03
3.457704052500533180e+03
2.584740469647425471e+03
2.131220222891874982e+03
1.520622430629792234e+03
7.384554009885017649e+02
1.060546755864486386e+03
6.589090059602075371e+02
1.263628249737151009e+03
2.981880532969874480e+02
7.487422088895871184e+02
3.447441919660923304e+02
4.984191510098326034e+02
1.459515981605365376e+01
1.280993711811391336e+02
1.324629450597263087e+02
9.644823214096547304e+01
1.231385938169188705e+02
1.971393483392646431e+02
-5.393295460770711003e+01
2.549115687076085237e+02
2.961885540204463041e+02
3.032387653685805731e+02
3.144530299102668209e+02
3.246562495064747509e+02
4.042363473790012449e+02
3.837336173481585888e+02
1.678250693060718106e+02
1.058211485171822915e+03
1.320658432309813634e+03
1.941760411321835818e+03
2.494913237702255628e+03
3.142263061814698176e+03
3.922082091510989358e+03
4.658163949293742007e+03
7.218533751403817405e+03
5.815322460356513147e+03
9.770011160892436237e+03
7.187785003665361728e+03
6.388355418413181724e+03
