4.206256795179252208e+02
-3.556332358788928332e+02
2.143985016019553598e+02
-4.755763702325275517e+02
1.516765339994290116e+02
4.450889099211563149e+01
9.542185104034954293e+02
2.074624638214442712e+03
2.890575692633701692e+03
3.538411834122653090e+03
4.136228940304207754e+03
5.199829712050683156e+03
5.649518666795828722e+03
5.936677886008593305e+03
5.780163231590175201e+03
5.610263526126161196e+03
5.979090256092573327e+03
5.691941644382679442e+03
6.444052654435336990e+03
6.069653084756813769e+03
6.061213013667272207e+03
6.105002080118437334e+03
5.905854478952471254e+03
6.352643753790854134e+03
6.529670494256574784e+03
6.474184319988830794e+03
6.591929052202458479e+03
6.472978912702712478e+03
6.048394977562350505e+03
6.172416957965125221e+03
5.941770066933725502e+03
6.516309632210583914e+03
6.041096322488184342e+03
5.913397347347020514e+03
5.967211499737371923e+03
6.061876086802704776e+03
6.007168037832847403e+03
5.299322243490390065e+03
4.915559588578042167e+03
4.329354537771384457e+03
4.178068812756345324e+03
3.504987497855908259e+03
2.768728572233559134e+03
1.602605108858029780e+03
1.014256123820034759e+03
6.486425310473021000e+02
3.591743605883270334e+02
-3.122233598885823653e+02
