6.628353097175379844e+03
6.701010215500140475e+03
7.817808995028215577e+03
6.821045423715016113e+03
6.929088922438120790e+03
6.419462744254746212e+03
5.987305880736100335e+03
5.066030018547328837e+03
3.847378389115889149e+03
3.377464157924802294e+03
2.378258851366789258e+03
1.264338213432816929e+03
1.318012076223986014e+03
7.677143445544498945e+02
4.794648562801867229e+02
4.894322460748809931e+02
4.409264020187681581e+02
8.561423222196672214e+02
2.153734464573293792e+02
2.520130272844696862e+01
5.380591577554610438e+01
1.791957350709995467e+02
1.781190585800780184e+02
-1.353690075930754801e+02
-2.659493328197414712e+02
-9.357274334999236487e+01
-3.168576486403072749e+02
1.272888683273717874e+02
-1.428548794315694863e+02
4.323232529268963731e+02
-4.571994288925267114e+01
1.814972632543082796e+02
4.355390937795179980e+02
2.618584644431710444e+02
4.991885581147998323e+02
1.807806563387196093e+02
6.911866545234364594e+02
1.349795611732555471e+03
1.632423453682052013e+03
1.794588820815756890e+03
2.734130379294736940e+03
3.766817210637987500e+03
4.274845932277838074e+03
5.173105725279579019e+03
5.312123907072112161e+03
5.999253754572328035e+03
6.826739700969545993e+03
6.604956363731952479e+03
