5.933875394950814552e+02
-4.336901650994996089e+02
-1.423511935929628862e+02
-2.902819079465846812e+02
1.884752501505828661e+02
8.446047699337830750e+01
1.269320606222466267e+03
1.830601659973628557e+03
2.848947473154365071e+03
3.056527700926944817e+03
4.058855748030531231e+03
4.915757559622927147e+03
5.185183969710580641e+03
5.374110362233864180e+03
5.266453634857317411e+03
5.400255939646011029e+03
5.441590885577197696e+03
5.589683192140148094e+03
5.810795781263489516e+03
5.549762689106673861e+03
5.711493639049120247e+03
5.985314241095856232e+03
5.915368435596369636e+03
5.654540403452880128e+03
5.819456879991658752e+03
5.729849230721884851e+03
6.169200863176113671e+03
5.884228187981158044e+03
5.864019815474390271e+03
5.939943427733490353e+03
5.722495138342760583e+03
5.706079254546365519e+03
5.692167210624929794e+03
5.611053115938519113e+03
5.936886288467940176e+03
5.554734567070720914e+03
5.503799822461458461e+03
5.031030233181568292e+03
5.103304119544558489e+03
4.529952343624572677e+03
3.590675649660023737e+03
3.291998418991325252e+03
2.329580769361110470e+03
1.464437976460568962e+03
1.368449015993622652e+03
6.368121968993951896e+02
4.860388088844394474e+02
1.229796496244480011e+02
