7.195458205234085654e+03
7.962935548363260750e+03
7.008918675177356818e+03
7.510282044917621533e+03
7.407688072523534174e+03
6.225899592670432867e+03
5.772608261668309751e+03
4.852049016952440070e+03
3.781460784468066322e+03
2.852023392846759634e+03
2.076431361196928719e+03
1.496316130763959109e+03
7.983888851265874109e+02
7.992021006246310435e+02
1.635751161425959310e+02
3.566345929933758043e+02
1.079274116592156815e+03
2.747870348153473401e+02
-8.208309617710386874e+01
5.717989842586000577e+02
1.230610199000206073e+01
2.073243442527764273e+02
3.760105182407903612e+02
-3.862009960057595208e+02
-9.259205735632998824e+01
-1.887445551047703987e+02
3.742372225232813321e+01
-4.328220821067335322e+01
1.783007927252941727e+01
1.555475975288653103e+02
3.021895964454857904e+02
6.290982349557419866e+02
2.346517917386459544e+02
5.679999861380555330e+02
2.810330809000599288e+02
1.660220837914427818e+02
3.432927408770244710e+02
8.982744391540518336e+02
1.372446277455602285e+03
1.831454377225634062e+03
2.387359577618672574e+03
3.056034649860871923e+03
4.378005431607381070e+03
4.881922803532041144e+03
5.958574341591963275e+03
5.689621543630762972e+03
6.940738454381546944e+03
6.660829807484959929e+03
