2.602838097449707675e+02
-3.280563070321072701e+02
-3.822907587519551385e+02
-1.105547456790801135e+02
5.822911916178662750e+01
5.023888825563875571e+02
7.361167216888870826e+02
1.597951329933324359e+03
2.668987790735433919e+03
3.264432876859824773e+03
4.190724013317391837e+03
5.296261359959317815e+03
5.154672514682485598e+03
5.415774599798913187e+03
5.865091448726036106e+03
5.855594497326375858e+03
5.786274900933377467e+03
5.848961654214634109e+03
5.895466069140026775e+03
5.637300606528213393e+03
6.297877419724549327e+03
6.197745766408117561e+03
6.055022479710421067e+03
6.492726696080560032e+03
6.680592241007758275e+03
6.119005750384371822e+03
6.261704161960851707e+03
5.584811119372803660e+03
6.095312632918358759e+03
6.446294471121886090e+03
6.234288084961116510e+03
5.763684168733977458e+03
6.010967859132406375e+03
6.044589548746546825e+03
5.715729198586661369e+03
5.662355012257595263e+03
5.849279308302016943e+03
5.302447553529766992e+03
5.018164721644926431e+03
4.466255035073151703e+03
4.387328460299016115e+03
3.314594381818081729e+03
2.439619928265371982e+03
1.876806774572876748e+03
9.006184741083487779e+02
2.381391024956402305e+02
1.396119977891594317e+02
-4.787870554691119196e+01
