6.169137285578042793e+03
6.623270571536780153e+03
7.260473686164094033e+03
7.051064741378014332e+03
6.620207816932440437e+03
6.122383271257080196e+03
5.186847968540452712e+03
4.646806484897017071e+03
3.629160809707166663e+03
2.848237813417604229e+03
1.924554759789495165e+03
1.222035153194526629e+03
1.144518742874674899e+03
5.531218277057730575e+02
6.649675741479898079e+02
2.227247231797008169e+02
1.764923838380055088e+02
3.684003539902665807e+02
8.045187117888220030e+01
2.561344284369784532e+02
2.948476419751514754e+02
5.137751996026551637e+01
3.528799466303591430e+02
2.436884044185680978e+02
-7.870125814895048144e+00
-2.139640289219528313e+02
2.142631030676087960e+02
-5.737854228404579260e+01
5.671231522769377165e+01
2.585406213414108265e+02
4.926060633319315230e+01
-1.423441761526759990e+02
1.691710051919761497e+02
3.883693155558394778e+02
4.125886223469371430e+02
2.399143847046165092e+02
5.152723681159504849e+02
1.073477020403309780e+03
1.223407972630080849e+03
2.244603452725189982e+03
2.611340153408973492e+03
3.577465528106959027e+03
4.352854277390561947e+03
4.628749195551341472e+03
5.458084701481661796e+03
6.185169008856704750e+03
6.135330789759787876e+03
6.320834336708277078e+03
