6.358812596184196991e+03
6.675796562848390749e+03
7.003189945653502946e+03
7.018317103142459928e+03
6.731208078491558808e+03
6.290225594172518868e+03
5.648905598210511926e+03
4.690004946848944201e+03
3.646064010928353127e+03
3.290258631476999653e+03
2.496119925516464264e+03
1.375780269368515974e+03
8.805225992388168379e+02
1.118808034357784436e+03
5.270016816753811781e+02
3.785570484624859091e+02
3.307657495302727853e+02
5.638193513547111024e+02
7.434997716066517341e+02
4.248574048927337117e+02
4.744333930702288740e+02
2.025266410645178041e+02
-3.117470374662993891e+02
1.780607869500238962e+02
-1.577964493060803477e+02
-3.526404261440784467e+02
-3.357488536585104377e+00
-1.972697501384919860e+02
7.682894363434610341e+01
8.527077679692023082e+01
1.030806802893963550e+02
2.361716179673461511e+02
2.525346656907287297e+02
1.062167599065806627e+02
2.372861533210213167e+02
2.961209537209074369e+02
5.030014827311023851e+02
5.478780660756318639e+02
1.535277771306060913e+03
1.769465429975635288e+03
2.553701826862265534e+03
3.315386009609236680e+03
3.953083480087089356e+03
4.523006098612576352e+03
5.734830878962645329e+03
6.183323975122596494e+03
6.766772098758875472e+03
6.167651644284665053e+03
