6.252886332296588080e+03
6.326240315754260337e+03
7.814176777042905087e+03
6.976061539651858766e+03
6.589802114474515292e+03
6.139491723197400461e+03
5.796536499874384390e+03
5.014511769914172874e+03
4.227266100845604342e+03
3.227062268280907574e+03
2.273602894042684966e+03
1.533700984319413692e+03
1.471222980401282030e+03
6.194994440224379559e+02
5.175793451325992010e+02
4.646778464559868098e+02
5.715648506421351840e+02
3.515893671769057391e+02
1.909037581708741982e+02
3.345347950384974212e+01
1.822943995119522143e+01
-6.501720007381626942e+01
2.018205485006938318e+02
-1.455783821483625928e+01
-3.449873550008659890e+02
5.266385628700874122e+00
-1.320082257005045960e+02
2.450715217758708206e+02
2.896756030342621671e+02
-6.901772881701359097e+01
-2.991256585547711211e+01
3.918664063317327617e+01
2.932714511447351242e+02
3.188673492415580313e+02
5.074885430649925411e+02
3.667133548315739233e+01
1.182450581913312590e+03
1.135822317361943078e+03
1.115529536148870648e+03
2.399961629194200668e+03
2.519194249463549568e+03
3.328895313532683303e+03
3.641126801757112844e+03
4.907941625619182560e+03
6.285418821249967550e+03
6.128393329891106077e+03
6.840985340986122537e+03
7.236764949315041122e+03
