8.183232068742200909e+02
-3.292025309188049391e+02
-3.218303044551133780e+02
-4.124029683229399268e+01
-5.336633848717497131e+02
4.076133102037468916e+02
1.407649434140605081e+03
2.209739222636210798e+03
2.928094190454752152e+03
3.458486771278241577e+03
4.418758375587308365e+03
4.983500040566460484e+03
5.451190146055892001e+03
5.695256873563683257e+03
6.523324287493162956e+03
6.147060882360437063e+03
6.462640518001703640e+03
6.313019750763341108e+03
6.552583584796695504e+03
6.245387337282373664e+03
6.389341191710905150e+03
6.049470745486456508e+03
6.448396954018813631e+03
6.406334233338554441e+03
6.625166456169013145e+03
6.527149920730107624e+03
6.377090353654981300e+03
6.845141608372746305e+03
6.202536575097972673e+03
6.263003994650935965e+03
6.344495081184119954e+03
6.334383637982357868e+03
5.914534417228239363e+03
6.524777245947383562e+03
6.719908215268702406e+03
6.301134444685133531e+03
6.084938387336268534e+03
5.496264835537718682e+03
5.129324247299070521e+03
4.906038531414114914e+03
4.245143883451850343e+03
3.871181013986595644e+03
2.786148527891095910e+03
1.554561657855431349e+03
1.304629332924595474e+03
4.144832188884689685e+02
2.605010501198696033e+02
7.160514813101688958e+01
