6.941688835380245109e+03
7.326145793948981918e+03
7.652931100978778886e+03
7.215552755445369257e+03
6.904718287464187597e+03
6.455555964464550925e+03
5.766381135505552265e+03
4.654364932524168580e+03
4.091495448161044806e+03
2.912613101585361164e+03
2.688433136742402439e+03
1.888710055554064411e+03
1.456701676826115317e+03
9.704080851324439436e+02
1.264080504601005941e+03
9.115153502020152700e+02
5.524983991833826167e+02
1.460628500480597154e+02
4.085129634303676198e+02
4.105204953890314528e+02
3.468466437570398853e+02
-2.518969856509644245e+01
-6.462019935853795971e+01
-2.966378756645754677e+00
5.362322782401135868e+01
-1.224116388639480846e+02
3.849166564811461910e+01
1.694333809939777780e+02
6.929446984379048899e+02
6.211422725934844493e+02
2.997914368238292937e+01
3.192009379482548184e+02
2.186229407849803010e+02
5.362320377623033210e+02
-1.655793866304136941e+01
4.836152273318820676e+02
5.076480911501096784e+02
7.582358040696716444e+02
1.642232064227124511e+03
1.765741287212491443e+03
2.310764928714690541e+03
3.848309335940583878e+03
4.082211865827898237e+03
5.697305675192668787e+03
5.542873785037908419e+03
5.866874179308925704e+03
7.101565730315220208e+03
6.581608001624115786e+03
