6.466875375851442186e+03
6.547516240874891992e+03
7.080125769474627305e+03
7.172639734762621629e+03
6.954523575926158628e+03
6.394037134028924811e+03
5.659459865123790223e+03
4.801339932880713604e+03
3.629508653666123791e+03
3.229630487886573974e+03
2.329698702095199678e+03
1.748732320685566037e+03
1.154557199700934689e+03
1.107958204049408550e+03
4.510883770753973749e+02
4.309887451678908405e+02
5.481753935905389881e+02
2.439332905768747537e+02
3.102790108254704933e+02
2.057572203622809468e+02
2.624572217333164872e+02
4.922503282539567593e+00
1.329517813105994435e+02
1.992432681798597969e+02
3.679210383530843842e+02
1.458831387080002742e+02
1.340611192994500982e+02
1.304690501797823856e+02
2.661213412437632542e+02
-9.650793634043155578e+01
2.221680385695674431e+02
2.434201850009138468e+00
5.902416811462351234e+02
-1.216432041646202578e+01
6.673293655938800839e+02
-2.844925905973456626e+00
5.952999955051872121e+02
8.696104674901786211e+02
1.400837276961852467e+03
2.136362912839545061e+03
2.742325866044855047e+03
3.488893156232680212e+03
4.034996854092768899e+03
5.129189463316204638e+03
5.587539886421860501e+03
6.538193536348679118e+03
6.741108917888761425e+03
6.646978692131311618e+03
