-7.860297130971766855e+00
2.186688569520869692e+02
-1.254357702289266570e+02
-4.049283816120703250e+02
-4.501331880095791149e+01
3.645689108208371749e+02
1.028220603362952261e+03
2.068669420071563309e+03
3.050047413030724783e+03
3.662301521757628507e+03
4.557259143630868493e+03
4.874928315213081987e+03
5.600895689827187198e+03
5.925628133208183499e+03
6.078167894451230495e+03
6.348522964296898863e+03
6.216544755745005205e+03
6.229539967201291802e+03
6.015746765024828164e+03
6.569997055370663475e+03
6.536744424534679638e+03
6.419791620512382906e+03
6.194081144034760655e+03
6.674959175850830434e+03
6.412292014815578113e+03
6.746174340040176503e+03
6.273336879622655943e+03
6.429049711311785359e+03
6.692098082503350270e+03
6.285998377955198521e+03
6.383972026212960373e+03
6.338730901377159171e+03
6.425848251718273787e+03
6.634419147322740173e+03
6.672953907685752711e+03
5.819794584448502974e+03
5.976367653230467113e+03
5.724123112375753408e+03
5.476154395485448731e+03
4.831864643286203318e+03
4.105921044948471717e+03
3.395523674187568304e+03
2.624773966688560449e+03
2.095434999091393365e+03
1.094405801925808419e+03
7.034440846986677798e+02
2.985605630191988098e+02
6.259894837538997336e+01
