6.351083401529750518e+03
6.809752613164773720e+03
7.298903427553316760e+03
7.212908245791721129e+03
6.942321611041405959e+03
6.106733242784160211e+03
5.894617136115964058e+03
4.888477543356042588e+03
4.189032680149695807e+03
2.964663912791554594e+03
1.923656652264703553e+03
2.061192499517107990e+03
9.529077310648431194e+02
1.036340748902477117e+03
6.970877066976188416e+02
6.744939601054111336e+02
4.685970508419797511e+02
4.221616321118069095e+02
4.095208270669649409e+01
7.380020115430679084e+01
2.454434900814929961e+02
2.690871754678408934e+02
-3.524079686639212809e+02
5.275167581085412394e+01
-1.369780541619217331e+02
2.215748807381935421e+02
3.928226242142925884e+01
3.374232419223296233e+02
2.451182488723528863e+01
6.832567286032983134e+01
4.281367449746339275e+02
-1.033825728033044697e+02
5.964234289453984275e+02
5.521832226144257447e+02
4.390899937265635344e+02
6.539382874927864577e+02
7.339714857093410956e+02
1.009557403759549061e+03
2.188840644413415248e+03
1.742004323372001636e+03
2.808921564364550704e+03
3.432818981123682534e+03
4.444328609748639792e+03
5.256428792022293237e+03
5.674904936086839371e+03
6.680674528638327502e+03
6.397731083349422988e+03
6.380471897190299387e+03
