6.212078867034049836e+03
7.478921098426444587e+03
7.143458665341946471e+03
7.549448078071514828e+03
7.862056099157006429e+03
7.207721064194591236e+03
5.891349190056265797e+03
5.120559275465190694e+03
3.912311225275022480e+03
2.912587450890132004e+03
2.326227212552734727e+03
1.644702695350746353e+03
1.565709883256127341e+03
1.481217394819024776e+03
8.560810709295618608e+02
7.473203900327814608e+02
5.316908420878622792e+02
2.098686884343273960e+02
6.727517495080008985e+02
-1.748631373205887201e+02
4.031360137518905162e+02
3.330742254935533424e+02
6.604448169098571952e+01
-9.962033401617142658e+01
-9.051021348336681172e+01
2.251111260938560292e+02
2.292888549350315373e+02
-1.583603276394558179e+02
1.768828139316305226e+02
1.033655033730851898e+02
2.364151978046172076e+02
-1.807273876087458930e+01
-2.033593160063769290e+01
4.062236397156124781e+02
1.701500816756841914e+02
2.489122028883586211e+02
7.611156634008201536e+02
1.351072878550854057e+03
1.508830078212691433e+03
2.335790782820376990e+03
2.397279588191557650e+03
3.817147819646315384e+03
4.717135564593711024e+03
4.966224987941825020e+03
7.386429786305666312e+03
7.097777229450149207e+03
6.449804165322737390e+03
6.623062576628640272e+03
