6.290449002395195748e+03
6.872647581106580219e+03
7.060120520426233270e+03
7.237556092349495884e+03
6.974094207872249171e+03
5.792824417142333914e+03
5.784965135728111818e+03
4.906341114047123483e+03
3.878077521960712147e+03
2.820440070114665559e+03
2.301720952028823376e+03
1.472263610878464760e+03
1.111897347039827309e+03
6.025049244327144606e+02
3.075824307943054237e+02
6.339689722788629069e+02
4.999336619928378695e+02
6.373271921703556586e+01
8.912908173602966144e+02
1.538928133509027134e+02
3.147163748663325009e+02
3.620185300947736096e+02
-1.327636190582806535e+02
-5.416968928553349372e+01
-1.632384512951477262e+01
2.231753969273651990e+02
-4.020001269291975632e+02
-3.853437008610178509e+02
6.367243490102328707e+01
1.360428472011667225e+02
1.701782493175664683e+02
5.175842710779056688e+02
2.152701887231745843e+02
4.916525585634379354e+02
3.520291987009706531e+02
3.918216991846311430e+02
3.659266197902100544e+02
8.574576176082800885e+02
1.399709155900057567e+03
1.426136712220936943e+03
2.953271427424302146e+03
2.925311011346748728e+03
3.890992857911869123e+03
4.910766615174848994e+03
5.367249243980555548e+03
5.941037966710116052e+03
6.261959442044058051e+03
6.879159184074062978e+03
