6.539057001823917744e+03
7.847627182441756304e+03
7.117808099366850001e+03
7.455240341560940578e+03
7.279867498147383230e+03
7.920618346403244686e+03
6.132183975263049433e+03
4.966568883565022588e+03
4.431905900487564395e+03
3.389755435732517526e+03
2.299538047623703733e+03
1.994589084586028775e+03
1.459884672855324425e+03
1.060987803948602050e+03
7.506920673808447191e+02
6.125580646934467950e+02
1.941477377468299608e+02
5.609511581466322241e+02
2.751830711457661778e+02
3.234598994217529935e+02
3.241361265175981998e+02
4.576675932630834041e+02
4.744919281907933595e+01
2.843702915243072198e+02
-9.825446880207233846e+01
1.457610424627789314e+02
5.651127369206647444e+01
-1.901146641311970242e+01
1.410572573502059583e+02
5.189487150438732215e+02
3.201391738819000921e+02
3.930763501194901437e+02
1.198344090802578279e+02
6.022537625297513841e+02
3.003100055268956794e+02
4.880354590949788758e+02
7.147699534456742185e+02
8.086590420892940756e+02
1.059817872682574034e+03
1.944081169201509283e+03
2.755009717334833113e+03
3.253907791983359402e+03
4.733803067590095452e+03
5.030639045245144189e+03
6.365535125404376231e+03
6.267336896136713221e+03
7.554957486314474409e+03
7.514237729163542099e+03
