6.300708177913696090e+03
7.140405075458053034e+03
7.177358536102027756e+03
6.912849139294119595e+03
6.994994454830093673e+03
6.550975363501618631e+03
5.678149837349348672e+03
5.043609762353127735e+03
3.899105884863070060e+03
3.113867285965921383e+03
2.533301009277233334e+03
1.445949223405380280e+03
1.314239632171904987e+03
9.619025818895152042e+02
2.922896321026885857e+02
3.821926187414651963e+02
3.040611835802876044e+02
4.323830344176727749e+02
4.786557556465180596e+01
6.554251417650064013e+02
1.084043322760405346e+02
2.952320654837530469e+02
2.592188911621526586e+02
2.102945862902202236e+02
4.915342769999827510e+01
3.777524757267623841e+02
2.478714411149995556e+02
-1.724286327543961761e+02
-1.487286883485043631e+01
3.616931893492770769e+02
3.008788648416247042e+02
1.691143522260996690e+02
4.874289132945948211e+01
2.603019230081506521e+02
2.637254103983904088e+02
6.283089860723154061e+02
8.180039393091242346e+02
9.579372292437916485e+02
1.535740529744916557e+03
1.602967278756082806e+03
2.413605790311745295e+03
3.196789746025468503e+03
4.080513235485926543e+03
4.523576103411112854e+03
5.224831048892268882e+03
5.847976274309821747e+03
6.789782046250611529e+03
6.855780761812142373e+03
