6.933366636841072250e+03
6.932793771946788183e+03
7.657269179179818821e+03
7.968768465444441063e+03
7.325590857935976601e+03
6.652798019015463069e+03
5.550966281128439732e+03
4.948988762971394863e+03
4.183462255629543506e+03
3.637008802632488369e+03
1.993861687445306188e+03
1.801741106043831905e+03
1.567612388620575757e+03
9.533921023359529272e+02
2.559913184735270590e+02
4.985971546842100679e+02
2.394104626160673206e+02
6.362217392870256845e+02
4.879833851770762863e+02
5.506483524684052782e+02
2.666083100992534582e+02
2.640747035931414644e+02
3.189700753342358439e+02
4.156316453427280635e+02
2.854971193231260145e+02
-1.557368816559134928e+02
-2.026914758226292577e+02
2.438604086150740500e+02
8.765672997350748119e+01
-1.570711352505524872e+02
7.471847363830850952e+01
4.096782397824483724e+02
5.798772613783321503e+02
5.445282822452259808e+01
3.525194652569205118e+02
3.603347928695957876e+02
4.873132505804451853e+02
1.330297542684775181e+03
1.500441544706454579e+03
1.529784883050051121e+03
2.492477707879048467e+03
3.377448318521662259e+03
3.924373138618926987e+03
4.794784671016102948e+03
5.437192229498379675e+03
6.222270142966101957e+03
6.658612938363940884e+03
6.797392706344143335e+03
