6.202919888636452924e+03
8.042285994456488879e+03
8.443999432169912325e+03
7.257176680189641047e+03
6.837332567033984560e+03
6.435014982486433837e+03
5.220711464520428308e+03
5.286703502705574465e+03
3.901431181798204761e+03
3.345228658710185755e+03
1.666448933250166419e+03
1.642745846384839069e+03
1.222236396421926884e+03
5.052987007696303863e+02
7.196733915720579944e+02
2.202046868741990124e+02
6.856750201295326406e+02
6.858064823201949594e+02
-1.111853055209851391e+02
6.648082499695837555e+01
2.978170198083340097e+02
1.423094519370362434e+02
6.026473985698574154e+01
1.076787690948341236e+02
-1.027774102099627953e+02
-3.149489585084856458e+02
1.557502105544866424e+02
9.090167341304504589e+01
2.078018329408775742e+02
1.400980096691572498e+02
4.593914242927546070e+02
9.380515942074913482e+01
1.197279657442336429e+02
5.182580369746730184e+02
3.051643188193484661e+02
7.176596188719349811e+02
8.535412034910174270e+02
7.249823192659686129e+02
1.315461408431694281e+03
1.905524579924207956e+03
2.649820757695808879e+03
3.203685793793396442e+03
3.884142412402951322e+03
4.736107706500623863e+03
5.420485188647517134e+03
6.025956106370143061e+03
7.455864359720832908e+03
7.531647359391868122e+03
