4.611243725605732493e+02
4.826485730738295956e+02
-4.836504117982167372e+02
-6.761112241348771477e+02
-8.907275221644896135e+01
3.050614425151389355e+02
8.041642106464770450e+02
1.980069521039178653e+03
2.443052713378486260e+03
3.784442934307716769e+03
4.350341290822145311e+03
5.339148865144454248e+03
5.289664394465111400e+03
5.578231591690094319e+03
5.852685200559365512e+03
5.600450436814503519e+03
5.661210587793432751e+03
5.736490470577356064e+03
5.710579364791901753e+03
5.768947365587151580e+03
5.752565943722805059e+03
5.794014811407603702e+03
5.973901058932560773e+03
6.002103525486657418e+03
5.986104669817186732e+03
6.146132194260226242e+03
6.323935768280682169e+03
5.788926517261889785e+03
5.791884544796987939e+03
5.816633387957685954e+03
6.066582028802557943e+03
5.955318846024540107e+03
6.046343566072408976e+03
5.701260600458374029e+03
6.088971790738479285e+03
5.621883017854856917e+03
5.954085277671235417e+03
5.173238339709451793e+03
5.363605763004654364e+03
4.531082968886116760e+03
3.834696328937778617e+03
3.073250323032258166e+03
2.319545131148359815e+03
2.181796156055343545e+03
1.290757715340098002e+03
4.505188913545702576e+02
-1.106274241717162568e+02
3.926003578875985909e+02
