9.402231710482854396e+03
7.607999135676089281e+03
7.259883085814492006e+03
9.675962853164244734e+03
8.160778582629492121e+03
7.524134219474524798e+03
6.480545031825017759e+03
5.909278764532536115e+03
4.122857151341536337e+03
3.352362445212971579e+03
2.781613980047442510e+03
1.472038806465060588e+03
1.050433754377011155e+03
1.067807427163557350e+03
8.740256382461253679e+02
7.105676521597389410e+02
5.445026452181457444e+02
1.196476594580281017e+02
6.031300441016767309e+02
3.150329198519964393e+02
2.816803658870210825e+02
2.996751622179323249e+02
1.265808991188990547e+02
2.279389349345604501e+02
-1.757238259537840861e+02
-2.940440278925212851e+02
3.894134159238972757e+02
6.181920574801856674e+02
4.483238358738317970e+02
-1.560058194069094100e+02
3.854800539549699465e+02
-8.869117017999016639e+01
6.783217115931272474e+02
1.249355992478785708e+02
3.041102696161398740e+02
6.268382071789637848e+02
9.082446437237632608e+02
1.598354482511168499e+03
2.146445308369723989e+03
1.491613676483540303e+03
2.912831681015875802e+03
4.005609185844119565e+03
4.575418864229958672e+03
6.455525279864768891e+03
6.218142945361848433e+03
7.309403321939964371e+03
8.008143079089626553e+03
7.003445479939022334e+03
