5.411649364617503579e+02
-1.322636654896567165e+02
-3.367122970474532622e+02
-3.726971145675296384e+02
-2.984631013016528414e+02
5.989712419445444311e+02
1.302048373976945868e+03
2.201911240200102384e+03
2.463256848875774267e+03
3.055741170444165164e+03
4.147007789754869009e+03
4.569389066617699427e+03
5.573494592329334409e+03
5.925322849918467000e+03
5.728644052957325584e+03
5.985671505562142556e+03
5.803567717057148002e+03
5.792279752366367575e+03
6.050058043738433298e+03
6.486267481216445958e+03
6.243767977661564146e+03
6.089809469961792274e+03
6.562835246753009415e+03
6.214470966770328232e+03
6.548390057653348777e+03
6.187905489031758407e+03
6.266029077034925649e+03
6.209237117652705820e+03
6.306009047472865859e+03
5.880001735536659908e+03
6.447311849465862906e+03
6.020827100568241804e+03
5.919355732093941697e+03
6.279273153476716288e+03
5.848255642970182635e+03
6.079154508420650927e+03
5.949277886172239050e+03
5.850157703919609958e+03
5.529155507489276715e+03
4.652124156371382924e+03
4.040514846508602659e+03
3.474402932362655974e+03
2.497782764793298156e+03
1.866846594460912229e+03
1.034072444925272521e+03
5.013717546279845010e+02
5.735587780117374450e+02
1.574657359136949140e+02
