7.069333786351486197e+03
6.765535045238974817e+03
7.621189550305434750e+03
7.269184985857024913e+03
7.396580854797103711e+03
6.427049375585480448e+03
5.786992735024945432e+03
4.494668618754014460e+03
3.746029289169919139e+03
3.203252947344380118e+03
2.591033242644405618e+03
1.705159220486730192e+03
1.049900003155958530e+03
7.226196041190822825e+02
6.173993686516508888e+02
7.281694684748575810e+02
3.059517534973185207e+02
8.178468914727288848e+02
6.297827221534112141e+02
3.813361719741905063e+02
6.443866458452262123e+02
2.189141939850331369e+02
3.052934854372846871e+02
-1.271432976407666970e+01
2.474555327902943418e+02
-1.788362395635653286e+02
2.902547060816153213e+00
-7.351033830002927516e+01
2.232107548824279775e+02
2.287448036323970655e+02
5.229558585846488086e+02
4.715499780182897780e+02
9.346006790880230142e+01
4.786953750004659014e+02
5.172642784321287763e+02
6.131276993179779993e+02
3.516222550570103635e+02
8.350543573264789075e+02
1.023075081581433210e+03
1.955716933110465561e+03
2.742546477937136842e+03
3.077558317475770309e+03
4.351800917921633300e+03
5.093799457229603831e+03
5.567695459689254676e+03
6.360076902449536647e+03
6.339956125528025950e+03
6.881470191356375835e+03
