6.148440273622694804e+03
7.893700358034893725e+03
8.747296879513227395e+03
9.838077491657817518e+03
8.640332067158911741e+03
8.099932368916256564e+03
6.762563319906803372e+03
5.814345814072127723e+03
4.974670776798131556e+03
3.750424403382317450e+03
2.308362679537559870e+03
1.266559003995763760e+03
1.213275609549719320e+03
1.402648954908095902e+03
7.481334908676108171e+02
1.033034918723902365e+03
3.454533528248356902e+02
7.147318263168343719e+02
7.696609098206176895e+02
2.141712300905954294e+02
1.646714160973131698e+02
4.195477651414806530e+01
1.226421476016874479e+01
-9.773495312659575163e+00
-9.156515569848004077e+00
-6.184036256326901082e+01
1.061889034951861674e+02
3.140976220620175354e+02
1.793062100900003770e+02
5.637680587142317989e+01
6.105181630110306514e+02
2.077612754850793237e+02
1.942452267728044717e+02
2.834848965383010295e+02
7.277377625764124787e+02
5.142931071388401278e+02
8.933240670744867202e+02
1.186754324288247290e+03
1.373977032846812335e+03
2.310362522885861381e+03
3.155037284659294073e+03
3.700526158699779444e+03
4.758505161611617041e+03
5.634741725062739533e+03
5.903580302511881200e+03
6.361712698562143487e+03
6.583981315512622132e+03
6.830655206802487555e+03
