9.067390175372261751e+01
-1.862963335447617226e+02
-5.292388599933748310e+02
-5.960694749054550989e+00
-5.183029680920252957e+01
6.826522833426721490e+02
8.932310570462151418e+02
2.062301979542306526e+03
2.529897944762137286e+03
3.844116669164332507e+03
3.703846942964413302e+03
4.624517844517698904e+03
5.237869197178732975e+03
5.301842337816299732e+03
5.794913963632529885e+03
5.759331512414398276e+03
5.884915055383974504e+03
5.913154844603761376e+03
5.874878715044937962e+03
6.040878526826073539e+03
5.756269952087391175e+03
6.050036253315238355e+03
5.826213577434815306e+03
5.836388162276120056e+03
6.430582143552670459e+03
6.178852357954417130e+03
6.208067922469535915e+03
6.146534850201726840e+03
6.022991442244482641e+03
6.224625938079046136e+03
6.145392574478880306e+03
6.196730506431364120e+03
6.078805538868580697e+03
6.219797522778817438e+03
5.906001838592532295e+03
5.815790931924216238e+03
5.875487815001492891e+03
5.676177055648819987e+03
4.677551016684345996e+03
4.896254550819370706e+03
4.315660657380814882e+03
3.086165961455142678e+03
2.141906764100318469e+03
2.182536649656596637e+03
9.296655082779647046e+02
9.270598731877435057e+02
2.325118021806542004e+02
-1.426615309636274276e+02
