5.927478713911507839e+03
6.506907162715951017e+03
6.543097048106535112e+03
6.773973924327919121e+03
6.827964411394471426e+03
6.274365617800951441e+03
5.120554976532867840e+03
4.438812791408665362e+03
3.656971328610206911e+03
2.896197473726410408e+03
2.406172631506473863e+03
1.456380080285458007e+03
7.705235976808277201e+02
9.269687194360303693e+02
6.825666467520829883e+01
4.321641724463130458e+02
4.641438588481937586e+02
1.894507621471728953e+02
4.341023279263696395e+02
-7.096572760914730793e+01
-2.299170754050206611e+01
3.215161877215388699e+02
3.418535148448401060e+02
3.316831225811158106e+02
-7.405009459870709065e+01
-1.132100877647798143e+01
-2.956338898581402646e+02
2.200469918465299912e+01
-1.052496829991806493e+02
3.671808701625291178e+02
3.877722086669268720e+02
2.391342589861931174e+02
4.160134521937531105e+01
2.995174551764855551e+02
5.470168219147698210e+02
6.001661639611661485e+02
6.973598043913259517e+02
1.046451371003317490e+03
1.003597987882130269e+03
1.590685519108454855e+03
2.526102420875159623e+03
2.790326168812682226e+03
4.040071179828381446e+03
4.827243733106439322e+03
5.606340179392409482e+03
6.397072618701382453e+03
6.348651791168226737e+03
6.473744113387322614e+03
