7.366289070757484296e+03
7.773488331833550546e+03
8.189582784584247747e+03
7.553574904840618728e+03
7.714170446277295923e+03
6.795960568547943694e+03
6.064747447578194624e+03
5.836941428973154871e+03
4.436485095937096958e+03
3.814987121703019511e+03
2.690434815389945925e+03
1.524798971637205113e+03
1.770939559065998537e+03
8.862194428037313401e+02
1.122190706507679351e+03
3.978949023199699013e+02
1.601292687931980367e+02
3.594279514995144496e+02
7.503041127430461756e+02
5.079174748995368915e+00
6.939603380003262600e+02
4.586333589449808983e+02
-1.773521777446221392e+01
-1.835047755465687942e+02
1.311263839093685704e+02
-3.236732768306185903e+02
4.518899611555178808e+01
-6.503902917654461646e+01
-1.493044376864860823e+01
3.792837486020584379e+02
2.677902232943869194e+02
4.069602369594422271e+02
6.408517011586491208e+02
5.961855614094902194e+02
1.966360474502760951e+02
4.618101729557671433e+02
1.059288219186585138e+03
9.214656407991716378e+02
1.920812329852683206e+03
1.390466103604470391e+03
2.550099895501262381e+03
4.331738824083430700e+03
4.308258706205768249e+03
5.718643423442265885e+03
5.507310892171894920e+03
6.181570601422155960e+03
6.403987802300094700e+03
6.624208078372201271e+03
