6.604775930786352546e+03
7.488141764676107414e+03
7.270845187823459128e+03
7.810936457743876417e+03
7.027060607653804254e+03
7.829694652823681281e+03
5.556858648036630257e+03
4.714289283701942622e+03
4.052544607275849557e+03
2.736108428423146961e+03
2.724439779268232087e+03
1.960644999262557803e+03
1.596695325672095350e+03
1.223409139812732292e+03
1.008234468773491244e+03
3.131861740934667182e+02
6.281584570191024568e+02
6.146429138274459092e+02
8.043985867722706189e+02
4.967760611606509542e+02
4.919705008190723561e+02
5.663634881975862072e+02
3.063800471201170694e+01
-8.453153397269917946e+01
7.485394876423119115e+01
9.534185694731783656e+01
-6.057108302195494787e+01
-2.178870359350989077e+02
4.195731101207161373e+02
4.341514734921701120e+02
3.250323594543838226e+02
1.262147491310183796e+02
5.168684653573525338e+02
4.036269285703594392e+02
2.518799064557151439e+02
5.162037236174293184e+02
7.993313414258275316e+02
1.027706273062546188e+03
1.609785918451490943e+03
2.077329613623083333e+03
3.135879359953583844e+03
4.295159544186859421e+03
4.392098495682948851e+03
7.019389704499122672e+03
5.906098826220339106e+03
6.500139971461355344e+03
6.761586646953917807e+03
7.678579915310761862e+03
