7.199956514665765098e+03
8.104234837471008177e+03
7.610488526909805842e+03
7.043423838843679732e+03
6.717021109054870976e+03
6.551046907497478969e+03
5.392825765997625240e+03
4.827891839922091094e+03
3.895135306222588042e+03
3.051017665311061592e+03
2.382870147219920455e+03
2.302402352990533927e+03
1.369521820750753477e+03
7.733696414823975829e+02
5.998377586754521644e+02
3.627879849197320254e+02
2.175425731943973915e+02
3.834175085837562165e+02
4.244936032661414629e+02
4.894747630499165894e+02
7.845491811680705041e+02
3.129057329483794661e+02
1.450116576779946627e+02
-7.418379003017628293e+01
2.083185298018337619e+02
2.702597722965832077e+02
-9.507228952174411063e+01
9.753581339946659057e+01
2.648738163611924392e+02
2.179901650750797444e+02
4.235629698009629607e+01
5.323890577818289103e+02
7.741073061336849150e+02
2.230721962592369891e+02
5.637288784419398553e+02
4.829210730307350730e+01
5.376473389869333914e+02
1.038391622174312033e+03
1.606923062324598959e+03
1.766056275583648812e+03
2.996292611975390628e+03
3.598858622846091293e+03
4.625637146756201219e+03
5.629023665020537919e+03
6.012106521387471730e+03
6.710230111313692760e+03
7.271472942940952635e+03
7.056946062525290472e+03
