6.403014447946205109e+03
7.416542626733293218e+03
7.318707686558697787e+03
7.124450093535818269e+03
7.184077097672749005e+03
6.151888979734926579e+03
5.556076486578267577e+03
4.854033113243938715e+03
4.062929469925729336e+03
2.728156758342912781e+03
2.506032555350507209e+03
1.793657708497301428e+03
1.356736531398740453e+03
5.893600249609162347e+02
5.676999243238963118e+02
8.960382767693681672e+02
5.133023014395832462e+01
2.263320722015948263e+02
3.663961595207846358e+02
2.605817695912943464e+02
4.599568600737343331e+02
2.347122496645223464e+02
8.348474224319812720e+01
2.405253845036440907e+02
-6.740353791376477375e+02
7.185654141651542659e+01
-9.137750632154241259e+01
-2.475236901211823692e+02
1.201668611555137289e+02
1.212791252410762439e+02
4.095435755028839253e+02
2.666801709870383092e+02
2.537692761449857528e+02
2.778851637817583651e+02
4.258366726831512210e+02
2.118393763525034217e+02
6.163402452958401909e+02
1.023020396653882472e+03
1.435026854926775968e+03
1.675171259531023452e+03
2.466031383751235353e+03
3.120666868374009482e+03
4.572447082099918589e+03
4.856199996182786890e+03
5.617342455879480440e+03
5.959738080592041115e+03
6.447108554634239226e+03
6.607165003909322877e+03
