5.014454899103404273e+02
1.554581045176516909e+02
-6.257227761244649855e+02
-2.969877713915000186e+02
-1.134033714028406052e+02
3.792103244908110469e+02
1.242795146574354249e+03
2.517689505994031151e+03
2.758450426374077324e+03
4.010503137618623896e+03
4.121494760232857516e+03
4.680469876488848058e+03
5.130775794931252676e+03
5.647910537278045012e+03
5.700766064520788859e+03
5.897548862778701732e+03
6.245100857041157724e+03
5.807278117376349655e+03
6.329946250172116379e+03
5.581713257148007870e+03
6.233186253843016857e+03
6.492040067044639727e+03
6.287313856304572255e+03
6.410211026854424745e+03
6.309484547276135345e+03
6.359224313717635596e+03
6.013758600816347098e+03
6.774201641468356684e+03
5.919997204690372200e+03
6.426485264222479600e+03
6.071841894521158792e+03
6.254739298894277454e+03
6.049246822560550754e+03
6.025124472228804734e+03
6.023291900971132236e+03
5.783387502703428254e+03
5.887729575814407326e+03
5.638339871671168112e+03
4.845422373416823575e+03
4.801029805487136400e+03
4.118716446604241355e+03
3.285408257017139022e+03
2.773409278089211057e+03
1.747019421720997570e+03
1.048067415697212482e+03
9.547360166219118582e+02
5.139549908694535816e+02
3.877685468377836742e+02
