6.835347199025964073e+03
7.201714549375235038e+03
7.525352599206667946e+03
7.540226635646760769e+03
7.147163346988409103e+03
6.132388205727262175e+03
5.610265747200454825e+03
5.036049693276470862e+03
3.619844025306301319e+03
2.953266587103243637e+03
2.446208860648924201e+03
1.487805978212875743e+03
1.062467892807521366e+03
7.301850078048997830e+02
3.963561899356354843e+02
3.624382383143408788e+02
4.533740016556847081e+02
6.099078592514811135e+02
5.887526024805815723e+02
3.222798578595725871e+02
4.890802490492005177e+02
2.479423220458819355e+00
3.879625784312164569e+02
2.991682691378777008e+02
-3.257386926718576774e+02
-4.963051149593634932e+02
2.481767633591844060e+02
6.033986958608183215e+01
3.690367810714244001e+02
-8.731631575206822049e+01
4.666559037844467639e+02
2.460852406323922708e+02
-3.482548915350471219e+01
2.752954764766899416e+02
2.526139047544655796e+02
6.468952167690075612e+02
5.567564165568109047e+02
9.338661715681336091e+02
1.159959219538558500e+03
2.032934075831055225e+03
2.345027765417824867e+03
3.238322871051171205e+03
3.734403303601271546e+03
4.847828760026902273e+03
6.131330036088848829e+03
6.658977115093768589e+03
6.648312308879049851e+03
7.045308481433654379e+03
