2.565720674348707462e+02
-1.267548471745519691e+02
-5.823655513787988411e+02
-3.126677555845088818e+02
2.589745006597661359e+02
5.062415860432201953e+02
1.056387078301173005e+03
2.202036811000376019e+03
3.035719981779951013e+03
3.583605006434742336e+03
4.694428074020070198e+03
4.904652053442301622e+03
5.526746291274290343e+03
5.691363765244655951e+03
6.200127846763853995e+03
6.246729431828537599e+03
6.438179068846145128e+03
6.312242897436537532e+03
6.505972135949014955e+03
6.716916920542551452e+03
6.137931731152314569e+03
6.889336631731810485e+03
6.775604777953043595e+03
6.675710906037213135e+03
6.635425755083493641e+03
6.831879379640567095e+03
6.473490122065146352e+03
6.228117856582060995e+03
6.264341965073307620e+03
6.261766605415527920e+03
6.497604414334898138e+03
6.372117317231467496e+03
6.244956457515422699e+03
6.115151632041758603e+03
5.745063193804084221e+03
6.367944380948839353e+03
6.330844753683368253e+03
5.537284261632256857e+03
5.613658664342210614e+03
4.806363050977131024e+03
4.317985748623228574e+03
3.541487732577434599e+03
2.681328956013636343e+03
2.149770259579883714e+03
1.191189051518927727e+03
6.439425659533538919e+02
4.511130121520058651e+02
1.995021619615321029e+01
