6.257126154064090770e+03
7.370328952204694360e+03
8.206120366663111781e+03
7.285045444417047293e+03
8.164473790021148488e+03
6.367131820090300607e+03
6.636276780583771142e+03
4.646215158351539685e+03
4.180508472584854644e+03
3.472052032596464414e+03
2.341543785962864149e+03
2.429925526558068213e+03
1.696341432425870380e+03
1.143276525918845891e+03
9.878237281664295324e+02
4.571993983219217057e+02
2.756280814467428968e+02
2.723629973443369749e+02
1.867109659688977956e+02
-1.503252535116398576e+02
3.066920776196380984e+02
-1.290637776248362911e+02
3.265495605698606596e+02
-1.041582129527950968e+02
1.991561971787713148e+01
2.076338450516913952e+02
2.928878436836765786e+02
1.001475901520130947e+02
-6.038524660787368825e-01
1.250081178994116868e+02
7.865984513810909107e+01
5.777536278895415762e+02
2.357220137745174782e+01
3.318095708800308330e+02
9.278648511521483897e+02
6.072264450948687227e+02
8.409270372334276544e+02
1.143570260669639083e+03
1.899276132171205973e+03
1.788553116856505767e+03
2.817381397020562872e+03
3.463294118127166257e+03
4.331871993841580661e+03
5.231733623534352773e+03
6.156655317989688228e+03
6.406338304240812249e+03
6.888963056416106156e+03
6.678154795350476888e+03
