9.747836706482552245e+02
-4.210805309706254889e+02
-9.103390110219582709e+01
-3.121300899071088679e+02
-3.569465314326796488e+02
2.064073827643545656e+02
1.190761868427982336e+03
1.828350043699020262e+03
2.741426026278225891e+03
3.188617662989627206e+03
3.804870492819455649e+03
4.320857835352504480e+03
4.772038683668338308e+03
4.860288586687486713e+03
5.184003584289398532e+03
5.539518754003182949e+03
5.817453905504278737e+03
5.421014040891832337e+03
5.277879601736419318e+03
5.777077366659004838e+03
5.705559673538002244e+03
5.637195376597748691e+03
5.824623218315007762e+03
5.829100310124867974e+03
5.665366885187394473e+03
5.661071027750482244e+03
6.151133717556478587e+03
5.878128425043138122e+03
5.804590618842887125e+03
6.081487775909427910e+03
5.878705552855925816e+03
5.610095149731249876e+03
5.561489876582223587e+03
5.458288911527467462e+03
5.796189489049836084e+03
5.283965020161543180e+03
5.369087558140063265e+03
5.440667985716186195e+03
4.832041873176308400e+03
4.447027990177856736e+03
3.531788549990209958e+03
3.365921799276331512e+03
2.426070141700663953e+03
1.537376431828787872e+03
1.182807257358391325e+03
7.795500403344070719e+02
2.668464807684337075e+02
-1.895529742552164407e+02
