6.244968253618322933e+02
6.715290199548165972e+00
-3.811061774907110475e+02
-6.776182355328253379e+02
-8.309342606016791422e+01
5.106057235223226485e+02
9.861236924806254365e+02
1.612697578060340675e+03
2.941711180458465151e+03
3.513222747952357622e+03
4.195433250397779375e+03
4.497183725433168547e+03
5.163601581773257749e+03
5.598100437320607853e+03
5.247553596862536324e+03
5.501862426662889447e+03
5.567224518374434410e+03
5.696609505059234834e+03
5.664888046928339463e+03
5.633317385185559033e+03
5.938089256774782370e+03
5.906901158673684222e+03
5.884459770725101407e+03
5.946114906906616852e+03
6.200194153779502813e+03
6.226334347989464732e+03
6.194392515061717859e+03
5.941142641812862166e+03
5.373594773798664392e+03
6.308880752653365562e+03
5.821635657217007065e+03
5.682440765024969551e+03
5.737517325201078165e+03
5.675218977356126743e+03
5.811427173316572407e+03
5.534185502381966216e+03
5.261705314417899899e+03
5.183706842729227901e+03
4.941189441489794262e+03
4.309051053406736173e+03
4.097654058066456855e+03
3.251294182228528825e+03
2.258955538620585685e+03
1.455297093476885948e+03
1.004690019233567455e+03
5.174442424621079226e+02
3.434501727070102106e+02
-8.720377303707554972e+01
