2.370833234133388885e+02
-8.947914300193544079e+01
-2.635558730472666298e+02
-1.687478065929364845e+02
-1.277271391605120421e+01
2.974722131448497180e+02
1.089114786135750137e+03
1.432464811570416714e+03
2.596474276235510388e+03
3.621789064434930424e+03
4.120179731969474233e+03
4.729430289463847657e+03
5.130290923345728515e+03
5.424213382116992761e+03
5.692508838152329190e+03
5.559005466914332828e+03
5.640020055539303030e+03
5.525100954443325463e+03
5.642164421880144801e+03
5.666454152248750688e+03
5.697720367912793336e+03
5.878754405096480696e+03
5.612761590415861974e+03
6.030952758775412804e+03
6.105428942833208566e+03
6.261350522910631298e+03
6.012502699017935811e+03
5.969471270037853174e+03
5.871285239698138867e+03
5.549322853008444326e+03
5.720579955540420997e+03
5.789697705024623247e+03
5.761011465577499621e+03
5.396277244021031947e+03
5.680602420863695443e+03
5.534590299285128822e+03
5.597801853694516467e+03
5.065541987758419054e+03
5.058747330859850081e+03
4.486691050160833584e+03
3.615570084132434204e+03
3.240105138125301437e+03
2.118772570211292077e+03
1.442955045746533187e+03
9.029470911479231745e+02
4.621956011055028171e+02
8.934154211920032651e+01
-2.238800651110263402e+02
