5.178598984053791128e+02
9.025898970382434072e+01
1.615629640216170770e+01
-3.882847881028832830e+02
-3.262381803626141163e+02
9.024778395413105159e+01
8.886544667752602891e+02
1.816849421577348494e+03
2.589547582699583018e+03
3.540005059811086539e+03
3.854648419525818554e+03
4.778290773669630653e+03
5.048132356311110016e+03
5.354944563147265399e+03
5.500691905301300721e+03
5.762001015746544908e+03
5.822154213655495369e+03
5.882726712600530846e+03
5.863704049383946767e+03
6.106583752839861518e+03
5.932877597949624032e+03
5.855354073599135518e+03
6.026380970591234473e+03
6.161296180328129594e+03
6.022691873775655949e+03
6.527568793676510722e+03
5.649202930924377142e+03
5.932943987678773738e+03
6.345354014730422023e+03
6.156807901615034098e+03
5.719340962297627811e+03
6.043921651830511109e+03
5.917540629680447637e+03
5.956782873446985832e+03
6.101962171624730217e+03
5.529222105227371685e+03
5.563826799903505162e+03
5.338095864102924679e+03
4.933714547838708313e+03
4.326406743466588523e+03
3.649053978925733190e+03
2.603816003963314870e+03
2.788156297225013532e+03
2.003481898871144494e+03
9.833868414161079272e+02
8.848039977253591815e+01
1.109956627355329886e+02
3.035131286179018275e+02
