4.255172853902105317e+02
-3.698175101458856062e+01
-7.222114374560223951e+02
-1.004579188070697597e+02
-2.799874672037221899e+02
7.141212890911946261e+02
9.455633641188422871e+02
1.896130588129427906e+03
2.347298338486691591e+03
3.278529619489733250e+03
3.722807627565721305e+03
4.663806934760223157e+03
4.862482932379910380e+03
5.397386402573432861e+03
5.823518677623144868e+03
5.536168801453985907e+03
5.710879011173893559e+03
5.712321463495396529e+03
5.710831225586783148e+03
5.790576769884321948e+03
5.816689692271967942e+03
5.857547350371509310e+03
6.068164689473162980e+03
6.075219736345992715e+03
6.128594034755629764e+03
6.054999501996203435e+03
6.107697632260912542e+03
5.901580530008722235e+03
5.922597072613683849e+03
5.238613393837249532e+03
5.874302538287779498e+03
5.820582767307993890e+03
6.066533825897743554e+03
5.840743701359016086e+03
5.661088091644139240e+03
5.608513054052637926e+03
5.449883033972506382e+03
5.234115830340531829e+03
4.992714269452907502e+03
4.055640961967661497e+03
3.612333126809786791e+03
3.290468132255444743e+03
1.922708629268268396e+03
1.593990354347463835e+03
1.024663332294668862e+03
1.114920757560192669e+03
5.100435542842018322e+01
-2.465888719000914975e+01
