7.106192156317230911e+03
9.847469509835644203e+03
8.541499062628674437e+03
8.993979904536719914e+03
8.247188785267951971e+03
6.320456527186473068e+03
6.829115391691195327e+03
5.533377962759278489e+03
4.691669907016529578e+03
3.373377157714787245e+03
2.708674365990008937e+03
1.774295791621232411e+03
1.609082523222423333e+03
1.163919418627056075e+03
1.435895973610883175e+03
1.781821153489361791e+02
2.606259998717088706e+02
5.038680222509880764e+02
5.150536852598803534e+02
4.488298337499058022e+01
3.953879575477658364e+02
5.252831557195469259e+01
4.308493429105902806e+02
1.175897584516661567e+02
-6.021799210685770021e+01
-1.299087066249392137e+02
2.861235500706646349e+02
3.557468198227988410e+02
-2.641742323127893997e+02
2.022232630132114650e+02
4.124572712697889756e+02
3.567637900721844062e+02
5.003003829025192886e+02
3.909264138989183266e+02
5.223185728100701226e+02
1.334069785849025038e+03
1.481880462534024218e+03
1.475624282955923945e+03
1.515991555065160583e+03
3.334161311222075256e+03
2.489218918627356288e+03
3.953516348716091670e+03
4.856354675387424322e+03
6.679522563574550986e+03
5.043806728494145318e+03
6.401136641688378404e+03
8.167976550301736097e+03
6.627022337386447361e+03
