9.345701401933678198e+02
-7.009155111004700984e+02
-2.194864683314629303e+02
-2.270091750270708246e+02
-6.943875059393424465e+01
2.822797648595725377e+02
9.022573303813235270e+02
2.133590960430595715e+03
3.049655316152381147e+03
3.905108917145893884e+03
4.397272578087561669e+03
4.770605234763504995e+03
5.792194658258259551e+03
5.554073023774098147e+03
6.151580511955369730e+03
5.669719228835538161e+03
6.230399438853159154e+03
5.992649606161015981e+03
6.146300366410354400e+03
5.930410291600769597e+03
5.619854780338272576e+03
6.276819134422516072e+03
5.866393520359931244e+03
6.480829568476552595e+03
6.306275379733840055e+03
6.475899456141009978e+03
6.449483543841120991e+03
6.502709621121755845e+03
6.311802529878405039e+03
6.472295799318745594e+03
6.088392436416153032e+03
6.456171246803183749e+03
6.214352080851289429e+03
6.066279764091010293e+03
5.658169638592925367e+03
6.053617939215605475e+03
6.071849109350567232e+03
5.647417098134094886e+03
4.846407176071366848e+03
4.669617075352351094e+03
3.870055392324884906e+03
3.083188236766487535e+03
2.287203077845678308e+03
1.732671665026372921e+03
1.507484402173975241e+03
3.914209693265926830e+02
6.497858352877310608e+02
-7.840999031067973135e+01
