5.122554340432351410e+02
-2.854534502124359960e+02
-6.117594004303171005e+02
-1.605519213524980842e+02
2.678289596586702004e+01
5.187264419861501210e+02
1.061344353192311928e+03
1.618932399577810656e+03
2.531472862395913580e+03
3.290618742864669457e+03
4.121234075110021877e+03
4.648304092831361231e+03
5.214878598559374041e+03
5.557220058537924160e+03
5.683084369443073228e+03
5.742183916961317664e+03
5.758350649957306814e+03
5.811223456724842436e+03
5.753496874266410487e+03
5.864255640901961669e+03
5.863583536317456492e+03
6.066519599921629379e+03
6.198551823585636157e+03
6.366249565072108453e+03
6.115119705520554817e+03
5.985948765643314800e+03
6.156020486473752499e+03
6.215381538755984366e+03
6.008745081632060646e+03
6.160087193215499610e+03
6.297748645934304477e+03
6.070822036132449284e+03
5.850900501361989882e+03
6.122379212087356791e+03
6.051962489263990392e+03
5.506443399437516746e+03
5.688737193010385454e+03
5.701549115403729957e+03
5.439311962519584085e+03
4.546151028223213871e+03
4.275755649340959280e+03
3.267083059928535022e+03
2.526853921601043112e+03
1.753958281827193787e+03
8.170568703454284787e+02
5.213084655695481615e+02
1.337125155860466919e+01
-7.851949775167373957e+01
