6.356953976089962453e+03
6.597483048120788226e+03
8.105547991831021136e+03
7.220001450366039535e+03
7.188288071728686191e+03
6.509605821236727934e+03
6.126875915946278838e+03
4.211658278677164162e+03
4.202423719904770223e+03
3.343498178213284973e+03
2.502153957660151264e+03
1.483081404834732211e+03
1.559727929483720800e+03
6.360488092430172173e+02
4.362188481988164312e+02
4.879018064240325430e+02
2.482336544046855522e+02
1.187641469520684723e+02
4.509317122579005854e+02
6.945729873647522368e+01
-1.763530658688265191e+02
4.265877353272054506e+02
3.847199885718383143e+02
9.720322088164306251e+01
-8.166454188742721954e+01
2.763540830191661257e+02
3.365335156101487257e+01
1.513104203308305102e+02
-1.830354571713172618e+02
1.597630417253403436e+02
6.195535679786489709e+02
1.514257008537169042e+02
3.019570493273006946e+02
3.929712243278075334e+02
6.418055378123336823e+02
6.646632538424788663e+02
5.038545391047427984e+02
1.217615130419061870e+03
1.424499733628010745e+03
1.769503697358450154e+03
2.276585031811414410e+03
3.506513200900012635e+03
4.128914741041867273e+03
4.494438858199001515e+03
6.282773575412940772e+03
6.856036391165794157e+03
7.093047901024027851e+03
6.664233986146006828e+03
