7.530103408451657742e+03
8.161381342812152980e+03
7.780575576536850349e+03
7.152884137178890342e+03
7.302520673288888247e+03
6.662227285072019185e+03
6.473131335332358503e+03
5.056135949092074043e+03
3.709394466354713131e+03
3.019963003945984383e+03
2.855866339725099806e+03
1.686625838392992591e+03
9.975216759448770745e+02
8.512878315486824476e+02
4.924696353554359689e+02
7.567915352632325039e+02
-1.818802819572761962e+02
1.948992051282923796e+02
2.831456419830342952e+02
6.200534016689181271e+02
4.093268076772714608e+02
2.691512641972691426e+02
1.289112174855518731e+02
-1.658081583203403682e+02
2.308894245255024771e+02
-7.012395848108306851e+00
1.643293846925777473e+02
2.825922714272928715e+02
-3.428613606945143601e+02
5.662949020847832315e+01
2.860752019315244183e+02
5.461783728170183849e+02
3.584341045653371225e+02
1.644073911724815957e+02
6.235692445812237565e+02
5.546472304529497706e+02
5.865363411148337036e+02
1.288809340713756683e+03
1.181208603350447902e+03
1.995270951279126166e+03
2.581554534693747883e+03
3.632494905754272168e+03
4.286824178033970384e+03
5.899234799150515755e+03
6.327199334668746815e+03
7.162929865781705303e+03
6.573902085475772765e+03
6.273385994979108546e+03
