6.576048399502281427e+03
7.304366680429411645e+03
7.240385832966944690e+03
7.358632818017133104e+03
7.099078569312758191e+03
6.617592006885696719e+03
5.249084380996546315e+03
5.150397508966323585e+03
3.699037612456455463e+03
2.983355091607486429e+03
2.888035135183290549e+03
1.454845181495954193e+03
1.006889630843080454e+03
9.874420486221486044e+02
4.976067989785788086e+02
3.628425441531780393e+02
2.975859935816112625e+02
2.405167124652578536e+02
3.333989020438893931e+02
1.734744435911639755e+02
3.744158944660329666e+02
6.064947683961914748e+01
1.093560687999982548e+02
2.002476565807383793e+02
9.970213031144683669e+01
-1.778900260148238885e+02
-2.321334253107116865e+02
1.596005177301543654e+02
1.304752435605000187e+02
2.337103144776278327e+02
-9.755151998394431700e+01
6.446834849746187501e+02
3.944099605610870753e+02
1.541357050848961308e+02
5.015056079517235048e+02
2.234508406298957368e+02
8.450789332362276127e+02
8.474664191228697518e+02
1.047691302738577178e+03
2.235329279117180704e+03
2.577006651758488260e+03
3.485268299716829461e+03
4.161130127418872689e+03
4.605362742801450622e+03
5.803483785948074001e+03
6.689196640465523160e+03
7.011810219700871130e+03
7.396970808246009256e+03
