2.365425425955628782e+02
-4.968415104789707470e+01
-4.680010553935936173e+02
-3.146239168312885113e+02
6.637460033821160721e+01
5.293919803390070911e+02
1.157800747775143918e+03
1.748923132036486322e+03
2.571734475127690985e+03
3.604781375416288029e+03
3.919530209977410323e+03
4.810916359851268680e+03
5.225246402284777105e+03
5.203482457344323848e+03
6.016197382789344374e+03
5.689998968915822843e+03
5.824746991678639461e+03
5.775787840920645976e+03
5.880190675734937940e+03
5.877037079834309225e+03
5.755965477632172224e+03
5.920485210742202980e+03
5.832939060876665280e+03
6.442984237343303903e+03
6.005848075509087721e+03
5.839078391327492682e+03
6.209201412447311668e+03
6.172661130267793851e+03
5.936226257650272601e+03
5.668344799462304763e+03
6.007104953671760995e+03
5.890009941116623850e+03
5.617761561662141503e+03
5.685582933823727217e+03
5.366518428908253554e+03
5.902252782874619697e+03
5.488951432776887486e+03
5.307875588896897170e+03
4.842041567533611669e+03
4.612977776871388414e+03
3.794219030000499515e+03
3.206376054403803664e+03
2.521808722724722429e+03
1.555419226340172600e+03
8.744927503989007391e+02
7.037743717833243409e+02
-6.413708567826590468e+01
1.855906670687065585e+01
