6.242530140137091621e+02
2.494183977378401380e+02
-2.993879892602167274e+02
-8.038794160031279716e+02
2.072278990624840844e+02
2.236809444930901947e+01
7.595791241079616611e+02
1.543072584741759783e+03
2.291762703760522527e+03
3.272772487489176456e+03
4.012532146171709428e+03
4.171355951218791233e+03
5.112767744668011801e+03
5.254504400921925480e+03
5.371029593031274089e+03
5.266595453583825474e+03
5.788220988637533083e+03
5.325743223333065544e+03
5.787552054110094105e+03
5.740628357529873028e+03
5.767458472346762392e+03
5.810040948992292215e+03
5.588751370353369566e+03
6.007945645018060532e+03
5.749804719145316994e+03
5.899131600965330108e+03
5.867837741454668503e+03
5.606701003437348845e+03
5.756101401729201825e+03
5.792255672727707861e+03
5.511874029749396868e+03
5.710971129046993155e+03
5.833567985284329552e+03
5.498151068238109474e+03
5.767582261896475757e+03
5.148659088108311153e+03
4.945935239530544095e+03
5.018547696619761155e+03
4.755949665739434749e+03
4.276542548243498459e+03
3.737212671761612000e+03
3.004417825851609905e+03
1.850909858220254591e+03
1.453675254074255918e+03
6.414129312568281875e+02
4.556235290224316259e+02
1.303684016203033877e+02
3.165273548320757868e+02
