6.275025236699234483e+03
6.436445814606621752e+03
8.528125191933369933e+03
8.679638937508989329e+03
6.979826121640540805e+03
7.581516143737700986e+03
6.237435840666687000e+03
5.859056278998734342e+03
3.829913095454650374e+03
3.663290694739616811e+03
3.011257120631439648e+03
2.335373916089170052e+03
1.285854694656916081e+03
8.274240435434101073e+02
7.491403338198895199e+02
6.823423632673418524e+02
5.989404998043963815e+02
3.932087003587841991e+02
2.807249622783574523e+02
8.081035360909160090e+02
3.698509693162919802e+02
2.523296687435494619e+02
-5.961690437872046289e+01
4.638597473957864281e+02
1.489234569594672166e+02
-3.518381934519998566e+01
1.570813662059845797e+02
-1.080029700896778166e+02
-2.524924969033275204e+02
-1.780174247215621008e+01
1.586572106513664551e+02
7.104739127128011660e+02
3.803552883178155639e+02
5.497199999472984473e+02
7.476887773137001432e+02
5.077345446117404890e+02
8.200931433862442645e+02
1.127488980474508935e+03
1.401638128084720620e+03
2.334906203189109874e+03
2.741226249701291181e+03
4.363297264354305298e+03
3.624557773270044891e+03
4.975920989476899194e+03
6.466031701733445516e+03
6.724977603968422045e+03
7.363390524932009612e+03
7.368038129711667352e+03
