6.179168385412378484e+03
8.510639940660761567e+03
9.577915650369455761e+03
7.069593628067012105e+03
6.642214683803945263e+03
7.095281803232605853e+03
5.933733046143081083e+03
6.392667419304218129e+03
4.274543786119641481e+03
2.879529978257477069e+03
2.877419330774306673e+03
1.859572489743522738e+03
1.197731542002273045e+03
1.015044970557938655e+03
3.685221092220007790e+02
5.263644875688187312e+02
6.703923075355914989e+02
7.493926343019528531e+02
1.794089329743990788e+02
2.226002418915132637e+02
1.817287229832379580e+02
1.950659205510679897e+02
5.074204163897733224e+02
5.874610190624365913e+01
3.231921681877108199e+01
3.378861167968998558e+01
4.668719925897483591e+01
3.838865052628531771e+02
2.493004461329736330e+02
2.887813551877143823e+02
7.942274219479671160e+01
2.367421046836774394e+02
8.599778966741874342e+01
6.033516334940213710e+02
8.996028567587850944e+01
8.686131038803760021e+02
9.041678860875466626e+02
1.123646865971208854e+03
1.205643381872321470e+03
2.389428818393359961e+03
2.863394890020030289e+03
3.353298240748963508e+03
4.201761737876748157e+03
5.703050298245822887e+03
6.126581095145078507e+03
6.840914740418117617e+03
6.742295986649314727e+03
7.867483777564629236e+03
