6.921820212528775301e+03
6.975435954932225286e+03
7.138525814916561103e+03
7.707453372091797064e+03
7.078642010006526107e+03
6.346688161636814584e+03
6.023519250191139690e+03
4.573888260421410450e+03
3.784184289947610978e+03
3.824312622005549201e+03
2.167290050241993868e+03
1.426944778097904646e+03
1.178207323142917858e+03
7.343202057717995785e+02
6.407224867290458405e+02
3.837147332332738756e+02
7.550329052925396809e+02
3.723662462797822172e+02
2.091926070942227796e+02
6.312945221682814463e+02
4.252798225766647420e+02
1.743646473626792783e+02
2.693611274696507962e+02
-1.040805938545869651e+02
-1.969048079689537545e+01
8.988563774804053708e+01
-8.771006809278748761e+00
1.537264560863985707e+02
3.556448121111860701e+02
9.446142695524503097e+01
5.767934061914997983e+02
-4.042958629009157789e+01
7.432442504365624245e+02
5.075498680108291865e+02
3.336011110822809087e+02
8.730881006587413822e+02
9.616422223661028283e+02
9.054503550202352926e+02
1.411424851245141099e+03
1.848545684832370171e+03
2.730082213503750609e+03
3.345361212594814333e+03
4.203634231074010131e+03
4.965585385583325660e+03
5.817832387531529093e+03
6.409812562386628997e+03
6.589112219337999704e+03
6.739267494067365078e+03
