6.677442092144877961e+02
-1.593468789372682579e+02
7.605266716251442460e+01
-5.837923092005489707e+02
-5.177357423288094651e+02
5.170780540896220145e+02
1.095255959594634987e+03
1.885617334434178701e+03
2.882115571611034738e+03
3.449891552125936414e+03
4.696346640705794925e+03
4.976979412292912457e+03
5.851866018585345955e+03
5.805336405176543849e+03
5.682070584835794762e+03
6.255859584178825571e+03
6.310747412358192378e+03
6.288281822223079871e+03
6.214795901716710432e+03
6.216621160181240157e+03
6.163723876274998474e+03
6.122233365252796830e+03
6.341287656157561287e+03
6.629876202852668939e+03
6.481544366061735673e+03
6.301641117093045068e+03
6.669756736615974660e+03
7.183583727826915492e+03
6.416777407505094743e+03
6.318183213354047439e+03
6.407253115585772321e+03
6.126935280736376626e+03
6.288588947093350725e+03
5.838568060809154304e+03
6.713633762441989347e+03
6.219669558373990185e+03
5.914445378735371378e+03
5.694490443421324926e+03
5.351819600246462869e+03
4.917475603485926513e+03
3.830160885471749225e+03
3.661857273662843454e+03
2.669363773359887091e+03
1.917431198477282123e+03
1.404018731079240979e+03
4.584966056017434539e+02
1.031291233707602828e+02
1.371635899267712091e+02
