7.181318471192776087e+03
6.945018970744832586e+03
6.794790572540870926e+03
7.398188628474648795e+03
6.897682063627756179e+03
6.839142583016871868e+03
6.172109017640730599e+03
4.319809859827512810e+03
3.775541598111772601e+03
3.149056786791411014e+03
2.242233662729386651e+03
1.444941842299058180e+03
1.191126199325564585e+03
1.238967368579584672e+03
2.723884239633856055e+02
2.686255140329590745e+02
1.694970554140065815e+02
7.390110472092652572e+02
2.050024145578064179e+02
3.104379115940945439e+02
2.449994926929004180e+02
1.245567704579009103e+02
2.783507432673905555e+02
-2.142955140746445579e+02
1.197637083822777271e+02
1.639431680115276606e+02
3.114071753307741020e+01
1.783756989940046083e+02
6.877248224588157655e+01
6.835671079243967441e+00
5.777013337241959334e+02
4.363232666382048706e+02
3.739883014535806751e+02
1.672810395645094275e+02
4.500173796116612266e+02
3.569459843156700458e+02
7.601176753777210706e+02
9.048876192928878481e+02
1.438630711604711905e+03
1.822138038374333519e+03
2.205268032160259736e+03
3.540805539886618135e+03
4.387751114367353694e+03
4.621963350443234049e+03
6.549861204894432376e+03
6.235637877737661256e+03
6.247637980164451619e+03
7.319889266348597630e+03
