7.987131341956492179e+02
4.524519265648585815e+02
-4.787063811619207172e+02
-3.887960614695138020e+02
-2.842078770337190008e+02
-9.945474109535896901e+01
9.656013936552357109e+02
1.666905082021110047e+03
3.032530232090078698e+03
3.841345319122890487e+03
4.375673685212781493e+03
5.000577048854309396e+03
5.637982194497847559e+03
6.005915537558886172e+03
5.660631894432146510e+03
6.031309065262020340e+03
5.926593235901043954e+03
5.943148700970255049e+03
5.883677106629384070e+03
6.151477757337981529e+03
5.993615087621321436e+03
6.119414225608256857e+03
6.186036218429133442e+03
6.054092369183277697e+03
6.087802509724539050e+03
6.649489979422039141e+03
6.345020996194913096e+03
6.550631030414058841e+03
6.039007475946539671e+03
6.261270481384594859e+03
6.031364478239015625e+03
6.148327188978574668e+03
6.302230810474171449e+03
6.160728455822778415e+03
6.095188129764243968e+03
6.160401588907594487e+03
6.038476399850846974e+03
5.801094057485497615e+03
5.142461307162435332e+03
4.158392346730739519e+03
4.025710408720402938e+03
3.881513142836005954e+03
2.203480468218916940e+03
1.618726946500745271e+03
1.034298968301015066e+03
4.932142689343968982e+02
3.739721459632816618e+02
4.421651340387308551e+02
