7.444297576507666236e+03
9.904264226756831704e+03
7.017078071831385387e+03
7.269871866015595515e+03
7.460466121838553590e+03
8.151549592585593928e+03
5.968542832862401156e+03
5.004905407649894187e+03
5.044962895392434802e+03
3.543765636209604054e+03
2.303555894883676046e+03
1.576005781539124428e+03
1.262172993234310752e+03
1.434418281056045771e+03
5.732439857988640597e+02
-6.231475258762642966e+01
3.504403112158354929e+02
4.743973484477461398e+02
5.651201404020315522e+02
4.845200700381267325e+02
3.567327284279598985e+02
3.592351330841532331e+02
7.947982397229135643e+01
-2.089712552002671941e+02
1.872126310747318314e+02
-1.607320672831639641e+01
-4.078673637777542638e+01
-3.038459292761750135e+02
2.336410606604766542e+02
1.716556880394054474e+02
1.998837992980886327e+02
3.930240764999596195e+02
2.672057404074047327e+02
2.464781100919935852e+02
5.674434392618643415e+02
2.259913515035986507e+02
8.629909629871625611e+02
1.213182024784789064e+03
1.359557797427492687e+03
2.252084101660846500e+03
3.541737031482483417e+03
4.672228149976825080e+03
3.683497685939432813e+03
5.164073414104730546e+03
5.703812527835827495e+03
6.181002269190652441e+03
7.696207151339949633e+03
6.735190172366602383e+03
