6.895173055256380394e+03
7.087839663382070285e+03
7.051577494889219452e+03
7.272891985637444122e+03
7.017161876323218166e+03
6.137087525475032635e+03
6.040397550532888999e+03
4.902997168272756426e+03
3.911073726608423385e+03
3.234673626001594130e+03
2.526040057287613308e+03
1.504921840114524002e+03
1.442852834726563970e+03
8.300290288123702567e+02
6.263249204295921118e+02
3.173350482654438451e+02
4.587825433505248043e+02
2.881688413765224936e+02
2.979824724439149009e+02
4.761431191434630819e+02
5.390535535372861204e+02
1.800641478438585921e+02
-6.715948058258726405e+01
1.190414582945982005e+02
1.168433751411450494e+01
5.067355790206197952e+01
1.867662381550308481e+01
-8.211947157166248701e+01
7.728227091234700197e+01
1.514803872951867980e+01
1.668173810993777906e+01
2.553435795868279854e+02
8.575556895070995722e+01
5.755705468878835518e+02
-3.403824431793916006e+01
5.692245088974208329e+02
4.292780655290364962e+02
1.169685479627296445e+03
8.381832056559323973e+02
2.002652566971486976e+03
2.440260209286542704e+03
3.270515828955505185e+03
4.083656661792691466e+03
4.989934987903612637e+03
5.556781579354175847e+03
6.386867514987278810e+03
6.609505650681745465e+03
7.196881540275301631e+03
