5.974220960560375715e+03
6.577438248145808757e+03
6.968448431235350654e+03
7.045053013080309029e+03
6.459781435876760042e+03
5.925845189614932679e+03
5.406156645495110752e+03
5.048430643299921030e+03
3.827433992020706683e+03
3.059613921284860680e+03
2.162541265538204698e+03
1.429859860521305563e+03
1.079000304677415670e+03
6.643331248321253497e+02
8.240437358430222048e+02
2.041919723588936506e+02
3.234419081743756692e+02
4.762006443084570719e+02
-6.044887456007933935e+01
2.602333803495952793e+02
1.970165735563554108e+02
4.734652052987761977e+02
-1.574737915969331148e+01
1.895209545121004524e+01
1.241922264205645661e+02
-1.823931274255007509e+02
1.976709969873904242e+02
-4.144524930139169783e+01
-2.751794299940346491e+02
2.873174628713790071e+02
1.955707143484819426e+02
4.392034577335517156e+02
1.420800670833281174e+02
4.866597026087699760e+02
3.358096255616341637e+02
2.101802896216049419e+02
4.590511634852084057e+02
7.930027749845627341e+02
1.376468581231247299e+03
1.936475371866493788e+03
2.564612727101878590e+03
2.962443364213059795e+03
3.844322630199496871e+03
4.711703477813302925e+03
5.654640028625323794e+03
5.828754318117638832e+03
6.337917006445391962e+03
6.380699672789170108e+03
