8.053892587835608538e+03
7.991521387246558334e+03
7.297676889079763896e+03
7.045538307568002892e+03
7.733677639243362137e+03
6.361001096143852919e+03
5.760632927817311611e+03
4.544151609225163156e+03
3.997848453160928784e+03
2.960431283204381998e+03
2.173938615058785217e+03
1.714493840389926163e+03
1.297470506463658239e+03
7.651321631238004102e+02
4.348209282817711028e+02
4.709353375674622271e+02
8.215207443884763734e+02
5.144622979849043531e+02
4.909761502774133533e+02
5.884718106739480845e+02
2.004526289206446563e+02
6.337645500480274450e+02
1.568818920282259057e+02
2.316505577022682871e+02
-1.221015518946732072e+02
3.066252824910778259e+02
2.556682781676692002e+02
4.383952653608823198e+02
4.200391920328027595e+02
4.382644045310694310e+02
1.812739506812675359e+02
4.162015245130004359e+02
7.078599157529912418e+02
4.018825433220685568e+02
4.962508164445482635e+02
6.541301241235177031e+02
1.227114485500071396e+03
6.932841724560604462e+02
1.262475438923780303e+03
1.481428765144887848e+03
2.342155532318569840e+03
3.421433922958349740e+03
4.174331081317505777e+03
5.466589332975543584e+03
5.813625107007407678e+03
7.153776224641953377e+03
6.682003694007101330e+03
6.598373774161945221e+03
