6.019524819947150718e+03
7.729687162456467377e+03
7.126939803563036548e+03
7.609660120357369124e+03
7.507836130648058315e+03
6.507367516897497808e+03
6.121292257636931026e+03
5.803642953522624339e+03
3.603788370868307084e+03
3.363729252415126211e+03
2.072309283884534125e+03
2.466429935612248300e+03
1.214490445659380612e+03
8.155307815473231585e+02
8.104742669015889760e+02
5.434238312345793247e+02
2.392920338657401373e+02
3.879931604928639786e+02
6.464682370895599206e+02
1.927602518287752957e+02
2.236320405360007157e+02
7.373749127779829848e+01
-2.668297567436955546e+02
-4.309218571087587293e+02
6.082312553189042603e+01
-2.727646612617137123e+01
1.060267196572216051e+02
2.118857154790324842e+02
5.234563329473045314e+02
2.644848284788933483e+02
2.053868387195171010e+02
3.438073984495418927e+02
1.834073356937379913e+02
4.440474610953596084e+02
4.498938768638391252e+02
5.637869618007358667e+02
5.763736278793235215e+02
1.034355585803441272e+03
1.669201230821464833e+03
2.384839805211090606e+03
2.492210702677251447e+03
3.328727940802864850e+03
4.221604154871734863e+03
5.916833441418332768e+03
6.879213815695628000e+03
6.765301028044706072e+03
6.921370865253484226e+03
7.425689418936734910e+03
