1.049166974094149964e+03
8.401907016484260282e+01
-3.297124636228553527e+02
-7.558559396598162721e+02
-2.657742022014020336e+02
2.181565612250816741e+02
1.010358094802085702e+03
2.009638452914618938e+03
2.516499792474141486e+03
3.120942500743428354e+03
3.931136255719779911e+03
4.482082668423176074e+03
4.659804635611794765e+03
5.411564748233334285e+03
5.291893006017964581e+03
5.381068320839319313e+03
5.746349600365613696e+03
5.430475271757516566e+03
5.573543598367546110e+03
5.757043028961803429e+03
5.468198238910201326e+03
5.721955330618836342e+03
5.720037177574916313e+03
5.516602660940938222e+03
5.919070064971604552e+03
6.161806573460463369e+03
5.723926167040422115e+03
5.654937836115842401e+03
5.495883301818858854e+03
5.700711458156182744e+03
5.740413347216845068e+03
5.415357569232022797e+03
5.675731517507138051e+03
5.788670523289313678e+03
5.736751241437012141e+03
5.120481525149122717e+03
5.306003605193549447e+03
5.218711173602918279e+03
4.487170685409090765e+03
4.217490689607212516e+03
3.525973771877588206e+03
2.932431189401773736e+03
2.300820350393868466e+03
1.537292182496236592e+03
7.663956947191067002e+02
5.070859428309088912e+02
9.834285879984665257e+01
3.448510657294818316e+02
