7.142654360188867940e+03
8.944618235181233104e+03
7.201529994645636179e+03
7.600664805119648918e+03
7.582319381930630698e+03
7.217381164636600261e+03
5.741307343259050867e+03
5.164349557331225697e+03
4.124424512574019900e+03
3.392143738045873761e+03
2.785913814396902126e+03
1.610795287511229617e+03
1.423489323150647806e+03
1.068626187507984241e+03
1.123111994244554353e+03
9.282460207371383376e+02
6.406508847336024246e+02
8.040915584498885664e+02
6.460273980034585293e+02
3.159231750188372416e+02
2.360993713471448245e+02
-3.411757628665009889e+01
2.142724194162291269e+02
6.383119580297419304e+01
-5.929705632568197160e+01
8.090207382704720374e+01
9.724869778569225076e+00
1.121431281332539669e+02
-2.410067761683708341e+02
2.208401409746442710e+02
2.539309614545226523e+01
7.701020662566159558e+01
4.529513245793319243e+02
1.150180840301339003e+03
6.574365366143177880e+02
8.193695588630274642e+02
1.104704793452453941e+03
9.482692317448340873e+02
1.270375223922223313e+03
1.738180478796762600e+03
2.451309213378970526e+03
4.065890295686660011e+03
4.452178859869673033e+03
5.282079089718773503e+03
5.598977489732509639e+03
7.321367608238999310e+03
8.602712052062326620e+03
6.917986454864506413e+03
