6.533930342676060718e+03
6.504617391304990633e+03
7.225835028061353114e+03
8.679108645431731929e+03
6.697090944872598811e+03
6.810552351213655129e+03
6.026235622299201168e+03
4.853353521743119018e+03
4.657867131649848488e+03
3.374874420526898575e+03
2.622134155253454992e+03
1.450141536716292421e+03
9.719411650445731539e+02
5.479034319337362149e+02
4.375818480192714333e+02
6.140182083987325541e+02
6.805916583779713847e+02
4.023202032500329324e+02
6.157016672837588658e+02
3.254966195648110556e+02
2.610843229898464912e+01
2.992736128831392080e+02
5.415621999765000538e+01
8.248272181473996056e+01
1.010354038033831046e+02
-8.144650688153963358e+01
2.056093965356394051e+02
3.491077157909068660e+02
3.235905014493656040e+02
1.893777838151248147e+02
6.146456774428563676e+02
4.297379740243561059e+02
1.981595580705872806e+02
5.418426623694040245e+02
9.169129289521035844e+02
6.246026904988290198e+02
1.200068295287547244e+03
1.050390115242478942e+03
1.736824606821402085e+03
1.931341704944799176e+03
2.671100179657923945e+03
3.297481025073702767e+03
4.273551975797601699e+03
4.698006375792608196e+03
5.479938493439941340e+03
6.069385467670974322e+03
6.674913718908957890e+03
7.342957075323967729e+03
