6.479588519660892416e+03
7.211016251816759905e+03
7.372778972362888453e+03
7.119131502711025860e+03
6.912559839529175406e+03
6.307067110796278939e+03
5.745486656499241690e+03
4.791369484905760146e+03
3.787127999642085797e+03
2.824300657136101108e+03
2.329892006851569931e+03
1.626914772866652584e+03
1.392460731972052827e+03
8.510894675775151654e+02
4.665668288955340017e+02
4.188058166287849531e+02
2.572265087934039798e+02
4.567473713848481793e+02
-1.220293740114361185e+02
4.642439336826464000e+02
4.661004428707501575e+02
3.014600379928532448e+02
1.103291671679867108e+02
3.576952347589357828e+02
1.102627815543704628e+02
1.411036943107634727e+02
8.029309848739731592e+01
1.689363593169748867e+02
-4.055339129418569222e+00
2.924359289593810018e+01
1.537435536773108424e+02
2.118827849118539177e+02
3.038552969128267591e+02
-2.600520949007500704e+01
5.756062919499443069e+02
6.261065011557286653e+02
6.806462293832456680e+02
6.264353619191514326e+02
1.717735660514357278e+03
1.970158164418872047e+03
2.457053327971144427e+03
2.945826908422617635e+03
4.154208642139446965e+03
5.221610702537293946e+03
5.610229279012015468e+03
5.901491340713674617e+03
6.699969417753736707e+03
6.792470439150608399e+03
