6.165723187417976078e+03
6.327309603338596389e+03
6.578276687187651987e+03
7.089735016432980046e+03
7.198945017600976826e+03
6.337354511765565803e+03
5.322885787267316118e+03
4.733655497381824716e+03
3.583885768647857731e+03
2.752354941244820566e+03
2.468181358049518167e+03
1.042854804772077387e+03
1.112531163615641390e+03
5.430140435748444361e+02
5.732098857779277523e+02
5.675838220780173060e+02
6.668107362058627814e+02
9.671671251584250513e+02
3.533030617204367445e+02
4.305274157365233236e+02
6.499705138254589656e+02
5.319393783509516425e+02
3.373759285916628983e+02
-1.672192756109313621e+02
4.542287138123426615e+01
-4.152544916124890051e+02
9.302418009698449453e+01
-2.048860169070413804e+02
-3.145725763547320071e+02
8.077329289132838142e+01
-1.652836899574023022e+01
3.848528125392920742e+02
1.799412585578435824e+02
3.231806922012349901e+02
9.446224224459875529e+01
5.269094400577830584e+02
1.137823695791397540e+03
9.054301970542944673e+02
1.655418442068210879e+03
1.843010228263798126e+03
2.459480973816170717e+03
2.789721717056119815e+03
3.842079753222263207e+03
4.820880310440886205e+03
5.661455716319578642e+03
5.703684206837489000e+03
6.156476229788415367e+03
6.386454035148784897e+03
