8.148964982145194881e+03
1.025107803836729909e+04
9.425836839233314095e+03
6.669915327358527975e+03
6.457933020587295687e+03
7.114595578794229368e+03
6.583993567550571242e+03
7.239137674804631388e+03
6.507793879082484636e+03
2.965227814693361324e+03
3.081302174972635385e+03
2.905241023646368376e+03
1.005610206713894513e+03
1.030007701716971724e+03
1.228176413699973409e+03
7.153738918457047475e+02
6.343435295720987597e+02
7.913045942274660547e+02
4.701596267217065019e+02
7.797359867546988426e+02
1.582922481052619901e+02
1.612068652799969186e+02
-2.490155413841874577e+02
-2.607209579903521401e+01
-3.587802934434957081e+01
-1.394509163759448143e+02
-1.701207801722567581e+02
3.011597857810691607e+02
1.877800406206044954e+02
2.745479323567620327e+02
5.569528281014884215e+02
4.527289668815589039e+02
-8.870361757060891250e+01
4.932298161130666472e+02
1.069930608643238429e+03
4.050504874234742942e+02
9.555441242554526298e+02
1.163849358224491425e+03
1.667073953132683755e+03
1.975151272404871179e+03
4.442375919619841625e+03
3.410258024381689211e+03
4.771915361589208260e+03
6.395973122866107587e+03
5.523022037348675440e+03
9.988942280951623616e+03
7.808808469557136050e+03
7.451677076008876611e+03
