5.661205255391096216e+03
6.594120352721269228e+03
6.899888060376033536e+03
6.731348497857400616e+03
6.671826804307555904e+03
6.322345612511375293e+03
5.089122372248503780e+03
4.513783984028725172e+03
3.963407981532057875e+03
3.054164572327362748e+03
2.317912571697258500e+03
1.462571761136399573e+03
1.365638059815360748e+03
7.820615250214913203e+02
6.040877110179405918e+02
3.237522515068429811e+02
-2.591481108363726449e+01
5.121445400215937305e+00
3.022563384246454916e+02
3.615699406034005960e+02
5.679549429128061320e+02
9.400950684268667601e+01
1.019964910496023691e+02
-5.965974449334080276e+01
6.851810970459358607e+00
1.721840962707724145e+02
6.530945829258776314e+01
-2.683602338056437375e+01
1.160321520917843259e+02
3.749893988441153283e+02
-1.256537026435411804e+02
5.438675496178755964e+01
3.597024300074961047e+02
4.609286900766461486e+02
2.661348592025210564e+02
5.080434917802966197e+02
7.560443544918140333e+02
7.539977392622047319e+02
1.040430460906591179e+03
2.070237596670679523e+03
2.423332700047480103e+03
3.360313661165601388e+03
4.127127808029589687e+03
4.821252055237522654e+03
5.260891755945915065e+03
6.320060853858719383e+03
6.189818114247274934e+03
6.386656542249975246e+03
