6.317949578658356586e+03
7.397786095183386351e+03
9.280478717251946364e+03
9.414608007349157560e+03
8.197660555053702410e+03
8.417178320160623116e+03
7.123913376965334464e+03
6.887868717744205242e+03
4.199745088622413277e+03
4.731312646705668158e+03
2.414506087241821660e+03
2.518517211527110703e+03
1.347044518382854676e+03
1.231525881629814648e+03
9.795806559572065453e+02
8.156669343618744961e+02
9.991724241955163279e+02
7.893066585898266112e+02
6.313945955015857407e+02
5.679681832334807723e+02
1.522939987454974755e+02
2.351789747270614441e+02
4.267655340959246502e+01
3.620126753693413235e+01
2.633372099170747447e+02
1.600840506796098950e+01
1.322726311414449469e+02
1.130157088423758083e+01
-1.127468494795372180e+02
6.194889393558015627e+02
-3.155896459798150318e+02
1.482326204432492318e+02
3.959729143548593697e+02
3.593872526188456504e+02
2.654692000513213657e+02
6.409986254793125227e+02
7.176889543120970529e+02
1.556635055728114367e+03
2.284683689705710549e+03
2.607605957018228764e+03
3.433787664815456537e+03
3.857284657790296023e+03
5.606606932751767090e+03
6.057551779272986096e+03
7.470832988471836870e+03
8.920319933961500283e+03
7.799962211892415326e+03
6.517445227454360975e+03
