6.430579956343295635e+03
7.151596015644242470e+03
7.255321415759784031e+03
7.219147850301917060e+03
6.502983109764076289e+03
6.227342462529850309e+03
5.618400522347109472e+03
4.976210005877579533e+03
3.839161232875028418e+03
2.955622646607585011e+03
2.141655109041915239e+03
1.801455932904950487e+03
9.573082198893080204e+02
7.028470121479882664e+02
5.441005442477878660e+02
6.231511694099804117e+02
4.083375493960168683e+02
3.516677030183906254e+02
-7.373539168451249282e+01
4.981049619875439021e+02
1.498438685767818868e+02
-1.623162782923259613e+02
1.997432506447553351e+02
3.271275115468899344e+02
-3.856311426920233316e+02
4.888975384042863084e+02
8.877111988400241671e+01
1.495091107534085140e+01
3.763832664785330735e+02
3.756498737535675900e+02
6.780512791142613516e+00
2.982814646239565946e+02
1.024294712206223892e+02
3.576202545613262629e+01
3.015438699940987703e+02
5.136129347653367176e+02
4.619099462902630648e+02
1.031786787623303326e+03
1.073336545081459917e+03
1.890865104944334007e+03
2.251238439897471380e+03
3.294729435969628412e+03
4.041288203869576591e+03
4.578022058269541958e+03
5.263130460457882691e+03
6.234580884672297543e+03
6.020592833493206854e+03
6.995727247310649545e+03
