3.246570377906604676e+02
1.048074284086175112e+01
-5.725459666659879758e+02
-2.329521952060470653e+02
-4.358400208475875814e+01
5.139443833252609011e+02
7.346175390407287296e+02
1.531461168257598501e+03
2.925757711433593158e+03
3.067316893076404995e+03
3.983060800511923844e+03
4.435023877016905317e+03
5.679881552594118148e+03
5.719151234375338390e+03
5.812949636671356529e+03
6.029719900024384515e+03
6.004452989560808419e+03
5.784361853760550730e+03
5.986724244320868820e+03
5.799783556720045453e+03
6.298392793524008084e+03
5.963948760532529377e+03
6.104817865547213842e+03
6.031874930829064397e+03
5.966766619662334961e+03
6.047496133488303713e+03
6.342249265016750542e+03
6.603481059036499573e+03
5.871116103440501320e+03
5.988371670540780542e+03
5.875924385832710868e+03
6.188963019113956761e+03
5.968293291749227137e+03
6.076115137395372585e+03
5.947677783639681365e+03
5.369322970293757862e+03
5.704186628684244170e+03
5.121925161517700872e+03
4.929684946048204438e+03
4.559484944808521504e+03
4.045482463621286115e+03
3.050480722279839028e+03
2.206844238819795009e+03
1.648618339084932586e+03
1.092990176277520050e+03
5.751516398229698552e+02
2.777269429962593676e+02
-9.719802710080071506e+01
