6.073590223484496164e+03
6.887250435986577031e+03
6.930141793656324808e+03
7.068927828533065622e+03
6.875912489800724870e+03
6.102376590526894688e+03
5.942739613759385975e+03
4.691072803787769772e+03
3.249581560385489865e+03
3.192667418354450547e+03
2.485078642107829182e+03
1.710703996231331985e+03
7.846143403523501547e+02
5.908397108495455541e+02
6.101270079200937744e+02
7.427756812204703465e+02
4.548923564799093811e+02
8.470691007825590191e+01
3.824850974696593084e+02
4.188915129593730740e+02
7.333660850234791440e+01
1.060345359303537407e+02
2.073970080655515176e+02
-1.290625354639900024e+02
2.526550876862387440e+02
-3.170846766010904503e+02
3.395829967204330728e+02
3.921724525847646703e+01
4.504228371396196735e+02
-2.001100492008728224e+02
7.323935612229880121e+01
3.392551676150549724e+02
2.032346096335505479e+02
2.978497853308041385e+02
4.834550532600872543e+02
8.097343472954513572e+02
5.534167144153037725e+02
1.132196602329556299e+03
1.277514599099930820e+03
1.539351752672778503e+03
2.909096094128523418e+03
3.512206695686270905e+03
4.255796703317949323e+03
4.814980482973933249e+03
5.482879919143213556e+03
5.967101374446468071e+03
6.060548086445262925e+03
6.389236750064628723e+03
