6.831678775377014290e+02
-3.535450587196974652e+02
-3.799695676036676559e+02
-6.118635647893250962e+02
-5.230155047970635707e+01
7.145118640546917277e+02
1.545666041437573995e+03
1.857587916795933324e+03
2.742599005482033135e+03
3.908328174051510814e+03
4.355809153673209039e+03
5.261301536782547373e+03
5.531673405467303382e+03
5.600233252584495858e+03
5.618696304969978883e+03
5.840955371941206977e+03
5.792556910166304988e+03
6.023647917011536265e+03
5.682709004773921151e+03
6.236236585900077444e+03
5.923984411967556298e+03
6.219847258976577905e+03
5.901014593665351640e+03
5.831734043858221412e+03
6.302035822116919917e+03
6.313580101538101189e+03
6.478430251530487112e+03
6.450913344167919604e+03
6.080948926805230258e+03
6.245357575226134941e+03
6.331064699536077569e+03
6.266413510697419042e+03
6.019836487007634787e+03
5.950274535405597817e+03
5.766592638100231852e+03
6.084079383499939468e+03
5.728682694214694493e+03
5.830321705032791215e+03
5.410693348595767020e+03
4.700438596627719562e+03
3.607827071866481674e+03
3.403747745993458011e+03
2.669161342783411328e+03
1.769680021746011107e+03
1.134916278707945139e+03
6.191298413802941241e+02
6.218082127055735100e+02
4.997934281545855129e+02
