7.930680842236665740e+03
1.005531718953720883e+04
8.189588203435780997e+03
9.885567708012156800e+03
7.066165677521742509e+03
1.052419433503065920e+04
5.812722332635643397e+03
4.598024223484314462e+03
5.235636862195937283e+03
3.584584485824552758e+03
3.416796420754618794e+03
1.353505434314463400e+03
1.445419296741060180e+03
1.083239023950968658e+03
1.410842330059261258e+03
7.960910717039503197e+02
3.707343589968731408e+02
5.646130219336511118e+02
3.732578658329238124e+02
7.745690024617374547e+02
4.837504118503017594e+02
3.566514911842054403e+01
-8.374065739137000719e+01
3.113098559818809576e+02
2.723439697130708055e+02
3.119903197836603113e+02
3.188592190339659282e+02
-7.734013065943098297e+01
2.157599362703261363e+02
2.177457454198326730e+02
2.905284028300145565e+02
9.242061055942400571e+02
7.336225904256550621e+02
1.014642547368481758e+02
4.798375012453553268e+02
7.331790226470848211e+02
1.695385471956211404e+03
1.376133191328825887e+03
1.654646135571141258e+03
2.460201804132261259e+03
2.248647625811454418e+03
4.564038657025676912e+03
4.929842967201554529e+03
6.685592775049648480e+03
7.408704862615379170e+03
8.021841509991304520e+03
7.787478708774656297e+03
7.405054703378629711e+03
