5.660903555411230172e+02
-2.498386073052803802e+00
-2.057512534822803900e+02
-2.903987102069789898e+02
-4.807317824498498453e+02
4.132897766710401584e+02
9.539284903310631307e+02
1.688460304237917853e+03
2.647125968513735643e+03
3.208918014051539558e+03
4.215935258948868068e+03
4.877604785063720556e+03
5.147306453545820659e+03
5.640278519330073323e+03
5.672252450228303132e+03
5.993562793239310849e+03
5.658635958265252157e+03
6.063769501242323713e+03
6.072153385488664753e+03
5.733753670612890346e+03
6.233477597200861055e+03
5.740973057033475925e+03
5.997981914200018764e+03
6.118773652282764488e+03
6.324252996481737682e+03
6.198990397950750776e+03
6.055283244478649067e+03
6.060893880092799009e+03
6.085079674602973682e+03
6.210270806856517993e+03
6.133988557342613603e+03
6.048543284655837851e+03
6.220021376257210250e+03
5.827119955721504994e+03
5.573109510689778290e+03
5.811766155214528226e+03
5.916121204208853669e+03
5.162669648421853708e+03
5.323551217839312812e+03
4.915782370014833759e+03
3.807126571743506247e+03
2.807908858848405089e+03
2.441897127707932668e+03
1.843030847830251105e+03
9.418028971471528621e+02
7.401205083347022082e+02
6.449837059659107297e+01
5.857802599094273432e+01
