3.275380896142510210e+02
-1.131388527728592663e+02
-3.217194181402824142e+02
-6.990159363152329774e+01
-1.205316018086126633e+02
2.977533767390232242e+02
8.025110854874532151e+02
1.968983000993968972e+03
2.650034171910426721e+03
3.173032360000548579e+03
4.126809758667305687e+03
4.680228977606557237e+03
5.117044927112112418e+03
5.404776744770418190e+03
5.923098669406392219e+03
6.125171086058955552e+03
5.673285507712868821e+03
5.614752435716131913e+03
5.884936237345532390e+03
5.988001987332938370e+03
6.056292909239251458e+03
5.890160926530241341e+03
6.151071636110202235e+03
6.229982256707490706e+03
6.034321441905430220e+03
6.164362347484578095e+03
6.050160261467293822e+03
6.035072370253313238e+03
5.822593755869650522e+03
5.821593883090249619e+03
6.024965096682491094e+03
5.650889269435104325e+03
6.093716101615382286e+03
5.646067134162002731e+03
5.980940232312954322e+03
5.722766186137634577e+03
5.526916130341315693e+03
5.332144475753811093e+03
4.935951780311639595e+03
4.540747651108177706e+03
4.089314240363237786e+03
2.923163656263857774e+03
2.300474660714289712e+03
1.873165832975462536e+03
5.847266596687628635e+02
8.122213334450591447e+02
5.332274153956185501e+02
6.754501125462384152e+02
