8.321034388337876635e+02
2.841484481280642171e+02
-5.946442656768866755e+02
-5.547047702433054610e+02
-2.404926753377034458e+02
2.735898242960431617e+02
7.868846632766774292e+02
1.830517049626492735e+03
2.609976849993519409e+03
2.930905602012247982e+03
3.830931944063512674e+03
4.083670166652479566e+03
4.933241165628286581e+03
5.127435495027342768e+03
5.354040021729606451e+03
5.328993060400125614e+03
5.800754669125436521e+03
5.222645161039562481e+03
5.477237741977088263e+03
5.828684099489792970e+03
6.100714020121863541e+03
5.559509604476771528e+03
5.459511404762942220e+03
5.631115367157100081e+03
5.638439719712157057e+03
5.716926996539815264e+03
5.609797830074958256e+03
5.391848975452735431e+03
5.811537230428448311e+03
5.851768804372588420e+03
5.934492596060223150e+03
5.562059574867755146e+03
5.656762518024297606e+03
5.528446691604065563e+03
5.385560489844243421e+03
5.365246166220603300e+03
5.218839289267012646e+03
5.010197446622685675e+03
4.877801519361191822e+03
3.981037291020189969e+03
3.538079468043815723e+03
2.963214856949148270e+03
2.724310744120978597e+03
1.433304774488736939e+03
8.991831642084551959e+02
-2.753067619679690665e+02
2.105886600886686892e+02
-1.653997432222825523e+02
