6.569450336245656217e+03
7.028036559504515026e+03
7.904673396704800325e+03
6.927956707323521186e+03
7.327801468674820171e+03
9.442346246498003893e+03
5.896671406614748776e+03
4.580094826644462955e+03
3.705028494983877408e+03
4.278365612502267140e+03
2.812906686454101418e+03
2.314388597347850464e+03
1.588026618106679962e+03
1.133102877698114526e+03
1.214799924314706232e+03
3.016249582450884077e+02
8.306381157319018484e+02
6.159170575538640833e+02
2.111743596480286556e+02
3.137485458064296040e+02
6.405324175306762982e+02
5.761249989480940030e+02
2.447950689583055350e+02
-1.630297848487571741e+02
2.642769573242572960e+02
8.756620697562188127e+01
-1.645143936781279308e+02
-2.772072005721671228e+00
3.087213807030156545e+02
9.413325401550538629e+01
3.769743054585454161e+02
3.035335101976647820e+02
1.049698809975377998e+02
5.393910688804717211e+02
2.443428022013980865e+02
4.418514803986023480e+02
5.689262551413377196e+02
1.251635769208716056e+03
1.441889078181505738e+03
2.086036914379693371e+03
2.406382909550138720e+03
3.202274614270468646e+03
4.736797327082492302e+03
7.929907514805992832e+03
5.771293388717763264e+03
6.456260982127872012e+03
7.340562552572397180e+03
7.266312811899556436e+03
