3.229322554582087150e+02
2.100379749277821588e+02
-2.605643266375579969e+02
-3.997001635393689867e+02
-1.764209510172919977e+02
3.037152108082303243e+02
4.310552871681114766e+02
1.296842624835987181e+03
2.174002128993502993e+03
2.420631056883908968e+03
4.329886574819023735e+03
4.097929144561886460e+03
4.594832396333895304e+03
4.891058286780535127e+03
5.384258881213561835e+03
5.285314301556226383e+03
5.287378558187404451e+03
5.538774478578587150e+03
5.340707230114238882e+03
5.673361514448300113e+03
5.669122820121289806e+03
5.645536506660680971e+03
5.659370559254148247e+03
5.760697407373846545e+03
5.876144947784685428e+03
5.795396266779222060e+03
5.739878423826734434e+03
5.805341931329940053e+03
5.708177331862159917e+03
5.732545308579768061e+03
5.759185116791868495e+03
5.637279282001341926e+03
5.442644499885022924e+03
5.421494601446701381e+03
5.147663222456837502e+03
5.030929998097147291e+03
5.250958378764001282e+03
4.759342858333557160e+03
4.556868664815064221e+03
4.611956682648460628e+03
3.709676498387570518e+03
2.742461315745010779e+03
2.112245211656536867e+03
1.242529653044507313e+03
7.792125997024897970e+02
-8.250733504808722785e+01
-1.040487306503447513e+02
-1.415922032585994543e+02
