4.996694808939823247e+02
4.154977247452816300e+02
-3.691772587794475839e+02
-4.062160086796118321e+02
-3.700151142934374207e+02
2.302411761132353831e+02
1.032547119037068569e+03
1.776207984968861865e+03
2.805126886794415896e+03
3.793159475476739317e+03
4.191886475239105494e+03
5.227594812350119355e+03
5.605312348132155421e+03
6.106121256391256793e+03
6.029421321984859787e+03
5.996795378039119896e+03
6.356977453319428605e+03
6.003508680602689310e+03
6.060583079433817147e+03
6.236228763167454417e+03
6.374002359145529226e+03
6.286653689910003777e+03
6.346398279328759600e+03
6.368744869082966943e+03
6.697923943289283670e+03
6.452992360720228135e+03
6.397757471751682715e+03
6.598196720009485944e+03
6.160594280443585376e+03
6.518954476248384708e+03
6.176418601439607301e+03
6.871870404509820219e+03
6.260511130166487419e+03
6.627906706301404483e+03
6.014746405916486765e+03
5.871486754924258094e+03
6.213955042973044328e+03
5.673187185108837184e+03
5.030602984022076271e+03
4.847908433397090448e+03
3.959384116531492509e+03
3.040725741993708652e+03
2.299285161770196282e+03
1.717934406500776959e+03
1.368261337406074972e+03
6.003566129810643588e+02
4.515323745360890371e+02
3.224648571173196387e+01
