2.996885669559941903e+02
-1.170532306192424166e+01
-1.014851739989603061e+02
-2.305379726577842092e+01
-3.073342118807352676e+02
1.438899392514017848e+02
1.293725457950163900e+03
1.908204990423825166e+03
2.532773385389418763e+03
3.310041923854640572e+03
3.963994388906512086e+03
4.680421897668460588e+03
5.406728841100452883e+03
5.755809148707534405e+03
5.883147039701874746e+03
5.583534089756180947e+03
5.678710610151232686e+03
6.033959208973391469e+03
5.863483526313644688e+03
5.717090655936506664e+03
5.819899264137678983e+03
6.099004380519152619e+03
5.932165689385698897e+03
6.298197222936364597e+03
6.405313606909464397e+03
6.246202264585366720e+03
6.356500454705269476e+03
6.398839993674436300e+03
5.657008789570832050e+03
6.058206575473187513e+03
6.262722208988459897e+03
5.822544907542962392e+03
5.922998721186957482e+03
5.896217200645905905e+03
5.894171388149967242e+03
5.689087934708438297e+03
5.759204674944116050e+03
5.293335982086933655e+03
4.761690621410159110e+03
4.536711261812822158e+03
3.627337675837176448e+03
3.503282933714658611e+03
2.241321492793641937e+03
1.410360934098722282e+03
7.965224792416768196e+02
7.530674271558391411e+02
4.755795315779706129e+02
3.084992180325539834e+01
