-1.294901403269423383e+02
-1.544940003164153985e+01
-3.469208933390189600e+02
-4.470563503175583833e+02
1.714819282280371340e+02
7.674348557871228422e+02
1.608123187411774779e+03
2.603358170161915950e+03
3.597055032070517882e+03
4.130198416462626483e+03
4.691310424796064581e+03
5.286420891226161984e+03
5.943197573788092996e+03
5.998439400626941278e+03
6.111838112543163334e+03
6.173158679732729070e+03
6.475256645274580478e+03
6.583887105453064578e+03
6.262759725947921652e+03
6.653582874870296109e+03
6.364539571817022988e+03
6.207892209836967595e+03
6.494190426186454715e+03
6.510674999885071884e+03
6.848665403283139312e+03
6.407156873814707978e+03
6.807839784490464808e+03
6.348065491912402649e+03
6.761814330420937040e+03
6.381561966570459845e+03
6.599789023854805237e+03
6.383857833821842178e+03
6.359703593377105790e+03
6.066962928442158955e+03
6.590279137121970052e+03
6.189126818273131903e+03
5.651425672377876253e+03
6.070597473078494659e+03
5.159827056006291059e+03
4.713495380140724592e+03
4.512416435118674599e+03
3.732225022066438214e+03
3.686000725076396066e+03
1.608051055444276699e+03
1.585591481371232021e+03
7.958228091096558501e+02
1.444339495854481470e+02
-1.589425733689259062e+02
