7.898317852562945518e+03
7.834333900497071227e+03
8.462264548608367477e+03
7.151699557520736562e+03
7.448417457156298951e+03
6.405976961023486183e+03
5.452071987694478594e+03
5.479142263023858504e+03
4.762818163338844897e+03
3.393547144934738299e+03
3.013413037508517846e+03
1.537724891209674070e+03
1.496510353178192190e+03
5.546148766785839825e+02
5.927108176437739075e+02
6.545676706393802533e+02
2.577057903354292989e+02
6.179084738663020744e+02
2.226263509166353742e+02
1.656286995926725183e+02
4.723148111506074542e+02
5.327065746489671483e+02
2.502442277376547679e+02
6.111606169689128620e+01
-1.847441109712749210e+02
-3.822886054496846100e+02
8.375098239415184764e+01
2.995226487186390614e+02
-9.205705323836862419e+01
1.258132341065252291e+02
4.003624854998719229e+02
6.802714748508780076e+02
4.192099267009502341e+02
1.341696530657775952e+02
4.051210776182768427e+02
6.953666036653785341e+02
1.080974476513778200e+03
1.692677867157677611e+03
1.454428112925579399e+03
2.395154487371081359e+03
2.494763031987732120e+03
3.998603493991143750e+03
4.994623629542054005e+03
5.542710943246083843e+03
6.731688357815341988e+03
7.122955096132540348e+03
7.436699444543699428e+03
6.483889142094953058e+03
