4.100308895276930343e+02
-1.915055907264026018e+02
-6.072459148105101576e+02
-3.921298567645168305e+02
2.353390412004226846e+02
5.455114315733175090e+02
1.472245534325117887e+03
2.051709396940198076e+03
3.327189059468268169e+03
4.124531473681920943e+03
4.300949687758014989e+03
4.827070286818751811e+03
5.191561015065123684e+03
5.663334402519568357e+03
6.035925163771974439e+03
6.305798483700661563e+03
5.903535811443596685e+03
6.293439855333903324e+03
6.436285508114006916e+03
6.541310894699056007e+03
6.179756833110584921e+03
6.377815378601325392e+03
6.367538352676578143e+03
6.203682538634145203e+03
6.463872398788486862e+03
6.686471061195335096e+03
6.441625510638088599e+03
6.736052782506668336e+03
6.555429623750204883e+03
6.318747052374203122e+03
6.188245373628592461e+03
6.416100173041735616e+03
6.166061551113214591e+03
6.128084650680733830e+03
5.872367223594912502e+03
6.225520196784953441e+03
5.639624683287201151e+03
5.328037449451799148e+03
4.927830858041007559e+03
4.945886586829575208e+03
3.889576354116158200e+03
3.381862230404236925e+03
2.734636296184661205e+03
1.870119254566563768e+03
1.151012299926994729e+03
4.873286069226240329e+02
2.004010069389241835e+02
2.538503878466777621e+02
