5.535775861816944143e+02
-1.854396651940234335e+02
-2.939771811447674850e+02
-3.179020260585890583e+02
-5.944283438740870906e+01
3.031841206030918556e+02
1.181900783433418383e+03
1.815923249331567831e+03
2.560622197148397390e+03
3.436107910280302804e+03
4.333004044745840474e+03
4.559590273658188380e+03
5.259441971031444155e+03
5.350513657565064932e+03
5.730306092594575603e+03
5.754623680074874756e+03
5.964436282430409847e+03
5.942437936274310232e+03
6.074322051380574521e+03
6.195716754523192321e+03
6.420234140514928185e+03
5.823158616194420574e+03
6.189619799131463878e+03
6.172270669336718129e+03
5.996218687488269097e+03
6.285880422373871625e+03
6.299870347683745422e+03
6.010828621522954563e+03
6.201996261094725924e+03
6.050109702141612615e+03
6.182679094759718282e+03
5.849872123140958138e+03
6.336647810478849351e+03
5.797464916809770330e+03
6.191076167585728399e+03
5.999614476630544232e+03
6.149433526492601231e+03
6.047230494549035939e+03
5.253323444468631351e+03
4.799929909430438784e+03
3.914667622496737295e+03
3.600015019729971755e+03
2.514336009262358857e+03
1.880645880747119463e+03
8.459093554210662660e+02
3.990100234042672014e+02
-1.796719649553315321e+02
1.278706998231414786e+02
