5.546094565725030634e+02
-5.977824950929348091e+01
-2.406584781373479984e+02
-4.826915521511068050e+02
-1.237259939794924009e+02
3.522448172047432990e+02
1.344755475327731119e+03
1.783574565798625144e+03
2.928430993133829816e+03
3.710669546467626787e+03
4.193536470724058745e+03
4.683632429347013385e+03
5.293960839908610978e+03
5.471792993123947781e+03
5.770037369523743109e+03
5.577223209162836611e+03
6.017369173390440665e+03
5.761388875224693948e+03
5.962027496520467139e+03
5.686771823067620971e+03
6.185273563467586428e+03
6.281162164542423852e+03
5.969216780674248184e+03
6.134245532936398376e+03
6.252543866194448128e+03
6.374719638694396963e+03
6.252423352581422478e+03
6.252542206363556033e+03
6.008347903726020377e+03
6.109594161815525695e+03
6.142580482541497076e+03
5.680253402689421819e+03
5.935133756438029195e+03
5.904973913942128092e+03
6.016679811233922919e+03
5.678705313340686189e+03
5.843101106888028880e+03
5.720702842083140240e+03
4.916107241549904757e+03
4.193105159918379286e+03
3.793295288505635654e+03
3.022126746899620684e+03
2.543974793107844562e+03
1.831362691027739174e+03
1.071922872225344008e+03
5.682508357285536249e+02
2.878061180880015399e+02
7.661533339713126907e+02
