6.741915948771352305e+03
6.997506092285220802e+03
7.299280784976829636e+03
7.277677793872599068e+03
6.771063307720780358e+03
6.313610710084088169e+03
5.687712644515547254e+03
4.412084667000874106e+03
3.612611831369290485e+03
2.908887717082329800e+03
2.081520889082642498e+03
1.799958354908302226e+03
1.020182285941125770e+03
1.177067448857274030e+03
7.360480774867951368e+02
6.657402511306368069e+02
3.611952558594898051e+02
-1.676887583915971618e+02
3.976440361190415160e+02
1.034802463571755879e+02
1.650324834011845496e+02
1.288614807760487224e+02
2.402087854740025534e+02
6.900554942395482385e+02
-1.325269227384460180e+02
-4.221733467397877462e+02
-8.816474720356420391e+01
-5.278267659079365615e+01
-3.162540754002556014e+02
3.427192882950553212e+02
5.527297830192504762e+02
5.274993202838820707e+02
-1.252111452744999553e+02
3.051052322461228528e+02
3.026456229447450710e+02
4.861760728086136396e+02
9.544088420443376890e+02
9.207783003405653517e+02
1.285560391084481353e+03
1.814962578644527184e+03
2.765197016939701825e+03
3.385337229379567361e+03
3.958500723883451428e+03
4.916501854924708823e+03
5.916071955404318032e+03
6.022783144114799143e+03
6.565546058645722042e+03
6.556680583596047654e+03
