1.916001142913424644e+02
3.494727659021484669e+02
-6.985488358078830515e+02
-2.099717127487916173e+02
-1.614992726096092497e+02
5.289469409727988705e+02
9.868175864162044491e+02
1.963429809897897485e+03
2.461469489110336781e+03
3.420028432324098503e+03
4.191927175200494275e+03
4.316553491230569307e+03
5.144727055278925945e+03
5.555897545870057911e+03
5.786960904419953295e+03
6.114046186854260668e+03
6.021872091865080620e+03
6.007942025086516878e+03
5.638396855148520444e+03
5.808316123234876613e+03
5.842795889666593212e+03
6.506758849697233018e+03
6.374835268589904445e+03
6.281033936694024305e+03
5.914874932743021418e+03
6.109446402486054467e+03
6.471046526011545211e+03
6.189951303456270580e+03
6.175248743273633409e+03
5.937255980779003949e+03
6.120076205143859625e+03
5.794374983320161846e+03
6.068152338186487214e+03
6.263110051156570080e+03
5.951424977984033831e+03
5.564528087825463444e+03
5.694741174776149819e+03
5.484419229921082660e+03
5.044683211926163494e+03
4.478489624891523817e+03
3.872677019802024006e+03
3.206761044527262584e+03
2.212301867196118110e+03
1.576992137077496182e+03
9.355288870937657748e+02
-1.171445636733937761e+02
-3.569447838468351364e+01
-5.508261105212462780e+02
