4.682149312686325970e+02
3.167689191650935072e+02
-4.875865331039893817e+02
2.077263411412925809e+00
-4.806652416693813734e+02
1.811906609282281693e+02
1.637500666804010962e+03
1.681557719814360098e+03
2.861588698717273928e+03
3.810644801784310857e+03
4.185499702702749346e+03
4.825986225866232417e+03
5.081175064542418113e+03
5.749399619808245916e+03
5.295802770746799979e+03
6.012641056932817264e+03
5.616846862977503406e+03
6.098422098415183427e+03
6.035901105783917956e+03
6.156359721129630088e+03
6.035906989104501008e+03
6.400652363233510187e+03
6.539957751684357390e+03
6.305509402591796970e+03
6.135764421528508137e+03
6.200594336844910686e+03
6.232420488436943742e+03
6.380588601749103873e+03
6.251608221608090389e+03
5.883306661099973098e+03
6.345833810274501957e+03
6.187346589066436536e+03
5.739530613701591392e+03
6.270001953187153049e+03
5.823803296524371035e+03
6.280631980921410104e+03
5.556649727461910516e+03
5.579545054537255055e+03
5.272579951838518355e+03
5.077943669967161441e+03
4.242069379846663651e+03
3.387192572419006865e+03
2.553613447271514360e+03
1.742220665742179335e+03
1.258350171898432109e+03
8.563807977838564511e+02
5.515751292711652241e+02
2.962525450305814729e+02
