7.606086468514028638e+03
9.519638371802018810e+03
8.055399246347970802e+03
8.465616151286565582e+03
7.619174843628661620e+03
5.977240970401609047e+03
6.175705984281587916e+03
6.186364127736192131e+03
4.391631199761797689e+03
3.389144369117260339e+03
2.682467857840532815e+03
1.844833588785848178e+03
2.208544988223489327e+03
1.856919224778077705e+03
6.488447185735639096e+02
9.272062751898611168e+02
5.544628932233098340e+02
6.481870447869745249e+02
3.253769690842609634e+02
4.332954272445767856e+02
5.292579164496763724e+02
8.311226753767537900e+01
1.645350127104501325e+02
1.095006385739226147e+02
4.089579798027945117e+02
1.704652962562000198e+02
1.883132585460395205e+02
4.676833083630132819e+02
-1.021109594537984293e+02
-1.286031553314226130e+02
5.661423589618974574e+02
-1.579892821122024031e+02
3.560382171794645387e+02
6.326257390514277859e+02
3.304489229358607645e+02
1.016113513550068092e+03
7.737843643200060342e+02
7.128428769648792240e+02
1.316991446045269868e+03
2.590176401953939603e+03
3.598115714212193780e+03
3.207473372022213880e+03
4.004688353453648688e+03
5.304821826014983344e+03
5.863659979279850631e+03
6.734506461188054345e+03
6.834674999142244815e+03
9.205952576100358783e+03
