6.868589591516531812e+01
5.069846168210229393e+02
-1.028565810964461434e+03
7.090824143577600580e+01
-8.048993628496886288e+01
4.624769930774672275e+02
9.728249269612139187e+02
1.920301013653910559e+03
2.571297345527757443e+03
3.920802276742432696e+03
3.952548514216496187e+03
5.043549226288893806e+03
5.362659758566850542e+03
5.506141280582498439e+03
5.558642303926232671e+03
6.103683658921018832e+03
5.815685857564496473e+03
5.691008520886986844e+03
5.623845786233212493e+03
6.109401702942360316e+03
6.086110868348229815e+03
5.858970218696726079e+03
5.873294102772401857e+03
6.558281727130067338e+03
6.068740536968775814e+03
5.845924213067677556e+03
6.068565647768553390e+03
5.822702649733264479e+03
6.479338093476701033e+03
5.996123384907939908e+03
5.991849445340467355e+03
5.782556258187410094e+03
6.058100979597737023e+03
5.986791964350803028e+03
5.772043571765984780e+03
5.658975017390707762e+03
5.536674382383525881e+03
5.116961140334329684e+03
5.196411413931696188e+03
4.315477952611287947e+03
4.321182048265436606e+03
3.309445459401705193e+03
1.973289857387606844e+03
1.196966149879132900e+03
1.739421834379439815e+03
8.473102148679550965e+02
-4.983878524462028849e+02
-2.696983966932236285e+02
