8.828995403700525912e+02
-1.051861745687928305e+03
-2.621871580292985300e+02
3.276898994242068284e+02
-1.973012867991255632e+02
3.007607507220919274e+02
7.004067802170008008e+02
2.142421182852644506e+03
2.298451895063942629e+03
3.857726234432351248e+03
4.396194926324002154e+03
4.828748779474343792e+03
5.188035071354915999e+03
5.433690003431739569e+03
5.712148323624202931e+03
5.729057049926263062e+03
5.940082027417491190e+03
5.520522957605643569e+03
5.906998897388149089e+03
5.911614107931569379e+03
5.913095800086930467e+03
6.030022973846131208e+03
5.746021175755019613e+03
5.841316821737154896e+03
5.743142572998834112e+03
6.221354550540665514e+03
6.277676675283179065e+03
6.177439042752274872e+03
5.849164235767791979e+03
5.941129795231021490e+03
5.834747287219766804e+03
5.892652855061731316e+03
5.912531457982511711e+03
5.697974605150001480e+03
5.870424319675935294e+03
5.666732166632815279e+03
5.863522556348580110e+03
5.641130664480881933e+03
4.940546658552771987e+03
4.714299592103805480e+03
3.777830794532683285e+03
3.139414175057595003e+03
2.602976385639325144e+03
1.869892859204474917e+03
1.094519957696205893e+03
5.713377234471176962e+02
5.010327275261301452e+02
-1.474472286996813182e+02
