8.373713037250923662e+03
1.015727461688322546e+04
1.137351325628704217e+04
7.779113383999654616e+03
7.456127677448173927e+03
6.851995913825890057e+03
6.600564560570222966e+03
5.122880683724582013e+03
4.454408850812931632e+03
3.502450137066908610e+03
2.190945569213525687e+03
2.224621143939682497e+03
1.294825951487580596e+03
2.039560661377966426e+03
1.236589883187668647e+03
6.131270197734739895e+02
6.346442439152101542e+02
4.195078676748967723e+02
8.536725315004376853e+02
1.839460662024917781e+02
4.073738691880620877e+00
2.221279691841610600e+02
3.059574452562386568e+02
-2.349251317648684108e+02
3.201618566945343787e+02
-7.939427878450734966e+01
1.815245068690384187e+02
-5.065644453263983493e+00
-4.168342095714899109e+00
3.993535918120293218e+02
3.858136418512423802e+02
4.111683119785993767e+02
7.515167957271696650e+02
6.790936969558756573e+02
4.814411835176628642e+02
3.673016363714367571e+02
8.928085557892065935e+02
1.588902646024445175e+03
2.323631151884073915e+03
2.050039901147360524e+03
3.143575762535972444e+03
3.663684589592851808e+03
4.385419950846298889e+03
6.772096578841372320e+03
7.108194151248508206e+03
7.986602278370930435e+03
8.552604353350518068e+03
8.724291274207094830e+03
