6.071210096345012062e+03
6.930234580670111427e+03
6.873318091881702458e+03
7.165227905367451967e+03
6.858324658140546489e+03
6.004859153808294650e+03
5.548059940887816992e+03
4.639599664025095990e+03
3.468555671668742889e+03
2.877743506732417700e+03
2.345441710811664507e+03
1.678033080659924281e+03
1.382762868741749344e+03
4.623682291055932865e+02
4.180866215454224175e+02
5.220694692571238420e+02
2.292567652915145686e+02
3.225964704430189727e+02
2.805108960595341614e+02
3.209486197779572763e+02
2.424464795468379918e+02
-1.607343542999041404e+02
6.794969215655151384e-02
3.705290966452158159e+02
1.898679430930648664e+02
-2.187039847809855360e+02
5.416295419168081935e+02
-2.117876548090967219e+02
-3.678775093833993282e+01
1.634551965840722119e+02
6.281855364935114494e+01
3.900773406168277688e+02
2.475349850743353386e+01
7.191681358925295626e+02
3.896321955703803042e+02
4.265560694859489104e+02
5.656240992590700216e+02
5.295578174044719617e+02
1.244831165096881477e+03
1.765259795328170867e+03
2.508754994996242658e+03
3.153929741999988892e+03
3.821347968180070438e+03
4.881487183250535054e+03
5.516244102472167469e+03
6.216507793391113410e+03
6.339427722644990354e+03
6.463548169040238463e+03
