6.496753899966300196e+03
7.976377853306095858e+03
6.605192772957690977e+03
7.118834963244707069e+03
7.332535922025388572e+03
7.728702226940250512e+03
6.942025704025946652e+03
5.592316138373386821e+03
3.829923964108648306e+03
3.016309069222552353e+03
2.583533781224111863e+03
2.133153400350613992e+03
1.429577914157523992e+03
1.036333186776542789e+03
9.721459724069484309e+02
8.991079420602870869e+02
4.131059943444623173e+02
4.394706697617034479e+02
4.141936086863842092e+02
1.600043797685234281e+01
5.195845252261475480e+02
3.815006955056557558e+02
1.142202880733288168e+02
1.371140480003635957e+02
3.069129531167604910e+02
1.438778773734194658e+02
1.573467139485848918e+02
7.843603502491507129e+01
1.890223076000185074e+02
4.402040447354320918e+02
1.762179952744291711e+02
3.080189885880861880e+02
2.864271666503362894e+02
6.122105122810169178e+02
8.231973698344968398e+02
5.805362519726330675e+02
6.535720172931581828e+02
1.310706326388423349e+03
1.146617016812620932e+03
2.055730133293217932e+03
3.353921224186653944e+03
3.182150175108384246e+03
4.172131659002961896e+03
4.621540802324112519e+03
5.630356824305997179e+03
8.213674906611449842e+03
6.543506722854345753e+03
8.339287198433708909e+03
