7.190972503618115297e+03
8.356309387598301328e+03
8.973596694969934106e+03
7.806399248447980426e+03
8.375693156457457007e+03
6.574766448157145533e+03
6.481079879506728503e+03
4.805159024821880848e+03
4.256674641687842268e+03
3.629895307155329647e+03
2.113780467984988263e+03
2.095267647580774337e+03
1.812777791053953251e+03
1.072736365313088754e+03
6.059168561704012745e+02
8.132237105790516125e+02
6.410569270978644454e+02
3.112143028849741881e+02
4.599464449401701813e+02
5.932608601560929174e+02
3.299128156880253187e+02
4.642464063365347329e+02
1.673834804563905152e+02
-3.719696902245808587e+02
1.583131551251923099e+02
-2.806309495442649222e+02
-3.597746485772906766e+01
1.915364778150845098e+02
-1.946862015970239099e+02
-4.982377032351264745e+01
1.823146591970393047e+02
3.105813209243695496e+02
7.878555300506018284e+02
6.732875036159011870e+02
5.453009010737179096e+02
5.816131512251357663e+02
1.114703530414735724e+03
1.155937987446173111e+03
1.161306938847197898e+03
3.085514035071271792e+03
2.860424954988371610e+03
4.483888074544868687e+03
4.035039564137711295e+03
5.547379582596593536e+03
6.459726289624824858e+03
7.684332691996493850e+03
7.554681969737745021e+03
8.121516066638360826e+03
