5.983225224521009295e+03
7.056480822406929292e+03
6.833293382716249653e+03
7.181535856087691172e+03
6.345727052737843223e+03
5.948922667404107415e+03
5.445443226026736738e+03
4.637471176707654195e+03
3.979808712691825804e+03
2.838955299015875880e+03
2.184346551690192882e+03
1.693769363044189049e+03
9.682253761465844946e+02
7.016303660909740074e+02
3.294735821536918934e+02
1.889888204942372738e+02
6.980276349901811273e+02
2.623622303287755813e+02
3.213278064372240124e+02
1.889024953446737243e+02
3.886508435402704436e+02
2.246894080816067572e+02
1.042673436446648338e+02
2.258891859321101947e+02
1.162464194030680176e+02
8.916458062725527611e+01
6.485188711872000056e+01
1.305428616717511545e+02
1.216346828060962935e+02
1.235618720840502647e+02
4.010597806548408784e+01
1.767722070260201974e+02
7.028768860581820945e+02
1.948375067645212937e+02
4.192061702503592642e+02
2.650053129025463363e+02
6.785476857145267786e+02
8.841000703562667695e+02
1.357206713769272937e+03
1.482645300634935211e+03
2.447501070824499038e+03
3.141130962587763406e+03
3.625991146746482173e+03
4.872997313128002133e+03
5.242355226209432658e+03
6.052477422725984070e+03
6.330654070671209411e+03
6.593155044667493712e+03
