6.699086903081870332e+03
6.607117365320415047e+03
6.979574112458422860e+03
8.081999877550845667e+03
6.527719452567722328e+03
6.607672625771171624e+03
6.043589102924925101e+03
5.601756467255858297e+03
4.104834052882573815e+03
3.164447847160622132e+03
2.814564534087507127e+03
1.649829076893409365e+03
1.239827783898453390e+03
8.880544807560862637e+02
5.903616999816493944e+02
4.908912410058753721e+02
4.692544506150247798e+02
5.252029841551430991e+02
2.994809790155649694e+02
4.506545860608914609e+02
3.149821227459626130e+02
4.799271833419441009e+02
3.819945288551149929e+02
1.132887599140458974e+02
-6.959356982868143859e+00
1.244443128367366143e+02
2.452061890933592849e+02
2.483977403541672970e+02
1.265874268840750574e+02
-1.043230582279422265e+02
1.536646008072825111e+02
1.931725094661609319e+02
-7.722899279183083365e+01
4.392851305439037901e+02
-9.479565489481169038e+01
4.166913682161575139e+02
6.021271813705016029e+02
1.291348320578008270e+03
1.290186973116320814e+03
1.893561494318137647e+03
2.352729430225818305e+03
3.558257114303318758e+03
3.984816421353421902e+03
5.128220616996922217e+03
6.302006581537212696e+03
6.516729221699140908e+03
6.353717048027689088e+03
6.894839218698108198e+03
