6.306168587342878027e+02
-3.828528369455808189e+01
-5.682986513040659702e+02
-5.350473804070044253e+02
-3.886005422770795548e+01
5.498745108990498238e+02
1.146790905252076527e+03
1.674832910329135757e+03
2.375353195335025703e+03
3.052082439464041272e+03
4.063535439399920506e+03
4.395261094833211246e+03
5.016448442241238808e+03
5.357996232502758176e+03
5.518858181200302170e+03
5.433955847464230828e+03
5.532804992818109895e+03
5.294683909445307108e+03
5.700189707749119407e+03
5.472049524176552950e+03
5.861070397561171376e+03
5.923141939418324910e+03
5.622334299796449159e+03
6.007020113145674259e+03
6.059089382608677624e+03
5.990180707255340167e+03
6.309045195172227977e+03
5.785092219764645051e+03
5.811298425744511405e+03
5.985867235439523029e+03
5.648758524265747837e+03
5.776923152689601011e+03
5.498564113048344552e+03
5.692841160120755376e+03
6.076510807204816956e+03
5.724875130415079184e+03
5.526299194915119187e+03
5.080840037533245777e+03
4.859056402719333164e+03
4.314028446288596570e+03
3.352584711400918877e+03
3.045858690499258500e+03
1.924651313433689211e+03
1.365286901649113815e+03
1.205513076971971259e+03
1.507824556009884986e+02
-3.928710297615220384e+02
5.372847737593581030e+01
