6.797187097831641950e+03
8.840488620181304213e+03
8.066000223301523874e+03
7.123929550326382923e+03
7.168939143662611059e+03
6.925000135317322929e+03
6.269256678775359433e+03
5.009222926587878646e+03
4.244521485060018676e+03
3.756563974414303175e+03
2.424299335019919454e+03
2.075964557050935582e+03
1.205133435402326086e+03
9.642537775137449216e+02
7.177222378271416119e+02
6.163705709472477565e+02
5.276520876640665847e+02
2.398050155586053336e+02
7.219914022489331273e+02
8.657646514560958622e+02
4.454820595133824099e+02
2.495328609478688691e+02
1.992019348384984596e+02
-2.776001258874173345e+02
3.138202711948588899e+02
4.628428110239074300e+01
6.642386345002212522e+01
-2.401676510352320975e+02
-3.839729626705715759e+02
2.273257180952729755e+02
4.088256207066229422e+02
2.489142480272037687e+02
6.260601350930602393e+02
3.789913379108532467e+02
2.553812201827203978e+02
9.745636641492548051e+02
1.366749037170169686e+03
1.221299490153587840e+03
1.536109262711379642e+03
1.965183331788106443e+03
3.651782140684800197e+03
3.752324875468800201e+03
4.265839345233790482e+03
5.500402029394633246e+03
6.778624658657575310e+03
6.451165634740171299e+03
7.783431849866267839e+03
8.043052188099120940e+03
