6.283866665631153410e+03
6.524128651990061371e+03
7.003423102069782544e+03
7.004779634478040862e+03
6.909807759660510783e+03
6.133445215736745013e+03
6.142379887651809440e+03
4.798077381286439959e+03
3.707121281737068330e+03
3.207926843159068085e+03
2.214097123973913767e+03
1.393001699042061318e+03
1.164798834742929330e+03
7.915050504884367228e+02
5.646861609059076272e+02
3.415797504590513540e+02
4.311402667111145206e+02
3.160384104610341751e+02
4.906434652236257534e+02
-1.036373329325093806e+02
3.997303725765355011e+02
-2.066301471135790848e+02
4.902342025597665156e+02
4.015358225490752488e+02
-2.891558614687341944e+01
4.099300797861274077e+02
-4.483207498230256505e+01
-1.444150318156970911e+02
-3.092934972970849827e+01
3.252274916600870256e+02
-7.362656920628784007e+01
3.831190261974604141e+02
6.250175739000229669e+02
4.581344426575897728e+02
1.341157582612581223e+02
8.141664882601479576e+02
9.601028514638583147e+02
7.936546517583113882e+02
1.266592375039522949e+03
1.533318146615075648e+03
2.656025870089699310e+03
3.031372377017126837e+03
4.118268963531724694e+03
4.608017063742347091e+03
5.803254269236310392e+03
6.228198894551699595e+03
6.635012033713050187e+03
6.615249580754336421e+03
