6.461613235813361825e+03
6.829318174799439475e+03
7.307552723195873114e+03
7.601757674359810153e+03
7.016120480012734333e+03
6.248767347900240566e+03
5.708447119409603147e+03
4.670417733258166663e+03
3.461935159952640788e+03
2.801777108534888157e+03
1.939993294038308932e+03
1.361670342370417757e+03
8.998007331245753448e+02
7.446733340198458109e+02
6.555116088333126072e+02
4.806083717929586783e+02
2.540237933809139861e+02
4.149876717228965504e+02
1.126645623048253384e+02
4.234232327798508209e+02
7.467263052707710358e+01
5.218686082949220690e+02
3.227379749034521979e+02
5.456496130720318405e+01
-1.284574881576352823e+02
3.149185432167785166e+02
-1.830616950531728193e+01
7.091794621854297986e+01
-1.276938545446575120e+02
-1.872331647137532968e+02
-1.296188587292521106e+02
3.656753199347768373e+02
-1.394200949945245327e+02
3.536307118815329886e+02
4.572694400874747771e+02
4.502610870545088915e+02
7.326664055654351841e+02
8.617248087657582118e+02
1.224882487873840091e+03
1.409410527338360907e+03
2.731806708192309543e+03
3.189072671497955525e+03
3.925581403852940639e+03
4.995718446629213759e+03
5.845308630093260945e+03
5.967199617745914111e+03
6.636680973643748985e+03
6.836242390938979952e+03
