6.354813733740935277e+03
6.934027454373799628e+03
7.445293440584931886e+03
7.067854858570337456e+03
7.102223281535565548e+03
6.263226685679845104e+03
6.417540296704980392e+03
4.627303974791345354e+03
3.801160157413054549e+03
3.097620706573971802e+03
2.688263202581317728e+03
2.171455584055211602e+03
7.898936483627201142e+02
5.536880860837371756e+02
6.860840365702084682e+02
2.454368040804110649e+02
4.999755452261497908e+02
2.126365884766865122e+02
1.831869258103376126e+02
3.129683878930790684e+02
4.180389949473327533e+02
7.681892155819916468e+01
1.865849237390431981e+01
-1.131381714440052377e+02
4.979653237462313768e+02
-3.653566457889295975e+02
9.832104000734561922e+00
3.354197703632725620e+02
-3.231090402878827206e+01
1.843068001367737168e+02
1.397157057747040465e+00
6.042216542895899920e+02
5.114084331847695353e+02
4.496791167920208210e+01
1.994347897775473939e+02
7.010273969610153699e+02
6.423263552902978972e+02
1.337665841911556754e+03
1.251338408626814953e+03
2.151285952567875029e+03
2.535633036340354010e+03
3.321743572430159475e+03
4.344905910658721041e+03
5.341198711324586839e+03
6.573091891663762908e+03
7.004277862793957866e+03
7.525526250253275975e+03
7.185460736687561621e+03
