6.250695644195229761e+03
6.851535975911798232e+03
7.060144592101160015e+03
6.875041792125844950e+03
7.053542796967833056e+03
6.373379233297385326e+03
5.516231021491998945e+03
4.944772641201520855e+03
3.676023021533554584e+03
2.609955513928429809e+03
2.136433483848255491e+03
1.638870037486919955e+03
1.283667567260418082e+03
3.204535255691978364e+02
5.754020943725782899e+02
4.096854657508382616e+02
2.390454463369216001e+02
2.028434113124544069e+02
1.684123834381276481e+02
5.428580715580840206e+02
2.456495301383557432e+02
2.090605932081466989e+01
1.818882295716327064e+02
2.118964002489558140e+02
6.561401265917628223e+01
7.196750893826585127e+01
-4.317389504339074051e+02
-8.771291123369597642e+01
-5.712565266808203290e+01
7.598638743717830835e+01
2.378269571402188376e+02
-1.788910606671401808e+02
1.433952805020855692e+02
1.975126715868350402e+02
4.110314021623423741e+02
5.845387378245890204e+02
5.273810960089241462e+02
1.066533446429208425e+03
1.558392234117868611e+03
1.532911298411772350e+03
2.367109356740444582e+03
3.416468919458206983e+03
4.405729668325632701e+03
4.847263359859883167e+03
5.291367950923121498e+03
6.035491499410547476e+03
6.220477381669896204e+03
6.391351148376395940e+03
