6.373334621891739516e+03
6.578857270594530746e+03
7.025003096263916632e+03
7.053509425973419638e+03
6.654236691146798876e+03
6.567940721797189326e+03
5.294865830642058427e+03
4.811594483660232981e+03
3.891093029252180258e+03
2.601794168582898692e+03
2.122279326624825899e+03
1.565634884974940860e+03
1.286581211930699737e+03
8.573953895128977365e+02
7.373917538640254179e+02
-1.396754859667309745e+02
5.752715281944581420e+02
2.286674647200246113e+02
6.191519079036976336e+02
1.814125718431203609e+02
1.752614572547778593e+01
6.208375226398055702e+02
1.061911326787588195e+02
1.985542802558334188e+02
1.646327959904613536e+01
5.782216642810547569e+01
2.571318379948313577e+02
1.013027163966535937e+02
3.013497197479812257e+02
7.541836688715439152e+01
-5.440672222916833789e+01
3.984743576912754293e+02
6.168634542941773589e+02
1.224121355942002793e+02
5.600757922685850190e+02
1.063549102160877879e+02
2.417011756736205825e+02
8.901184223780865068e+02
1.313422300684786705e+03
1.680801604473476573e+03
2.393634096173939270e+03
3.052677022137035237e+03
3.861479525585350530e+03
5.177878582408756301e+03
5.204436905004111395e+03
5.708425191043700579e+03
6.526105055735461065e+03
7.092495813797889241e+03
