6.247167926595827339e+03
6.902811816247550269e+03
6.789174466256165033e+03
7.172259375505164826e+03
6.552828636482386173e+03
6.021314724786051556e+03
5.562650707765084007e+03
4.343540004727523410e+03
3.635198905954137899e+03
2.627542153536530805e+03
2.320048084266042224e+03
1.700075414845246542e+03
9.973747327584312643e+02
3.713003058916610257e+02
7.316176084021941506e+02
4.606562971408141607e+02
3.012165850190204424e+02
4.523599805864662926e+02
4.561917842939290040e+02
3.213167392945391043e+01
7.840610111022494948e+02
4.838568884923798237e+02
-1.000363166591070296e+02
-1.192208003688505613e+02
-2.358223656076745272e+02
2.110951562178884728e+02
-8.940466663121689805e+01
-2.471887680947208707e+02
-1.107813805798243436e+02
7.069564990091669188e+01
2.058121934260510102e+02
3.292018587991281606e+02
4.491783025025523557e+02
6.356284552240679204e+02
6.380315472609697736e+02
4.078006532755370586e+02
6.806474840781233979e+02
8.667551216124126086e+02
1.724068181683268449e+03
1.691756582816396303e+03
2.467363675336909637e+03
2.819420937643710658e+03
3.976030593686557495e+03
4.828156951687063156e+03
5.542666394464607947e+03
5.841952183333049106e+03
6.518507219154157610e+03
6.342730675205873922e+03
