4.913396943082214534e+02
-2.010109756098672449e+02
-4.080269495961253483e+02
-8.415559910018164373e+02
2.363102734501804036e+02
7.229439484494022281e+02
1.061434298064645645e+03
2.356733574228014277e+03
2.706946434214935380e+03
3.934222304711872766e+03
4.125334756237118199e+03
5.250818831738077279e+03
5.627973445363400970e+03
6.054405426510764300e+03
5.770724316071772591e+03
5.630329329217209306e+03
6.158100820382906022e+03
6.045050947203388205e+03
5.906878523608982505e+03
6.234822875691184890e+03
6.268063780131519707e+03
6.399778926571604643e+03
6.278084746503865063e+03
6.461300678096092270e+03
6.549250175945318006e+03
6.394596661186646998e+03
6.657243855712095865e+03
6.388546038199208851e+03
6.370619984658396788e+03
6.467376396691419359e+03
6.144905902198526746e+03
6.225243825849051063e+03
5.981949896461758726e+03
6.257815535499916223e+03
6.411911628226255743e+03
5.943436711288560218e+03
6.237484883790747517e+03
5.218338398469037202e+03
5.272596690691317235e+03
4.969197424621364007e+03
4.008514234153064990e+03
3.239200614421137288e+03
2.571826906696227979e+03
1.647214006154078788e+03
1.149398127635279025e+03
9.292706637354961003e+02
-1.653576698553034703e+02
1.248734550208186249e+02
