6.993535065761101350e+02
-1.314401031407667233e+02
-1.653766643735040418e+02
-3.410913943325842297e+02
-4.404117034878220807e+02
3.789663587585595792e+02
1.411473651923111447e+03
1.736327818394014685e+03
2.852034358030578005e+03
3.849120773068444123e+03
4.562697350958848801e+03
4.942316007287263346e+03
5.475970722305522941e+03
5.814620811119382779e+03
5.746468329994817395e+03
6.136717738696357628e+03
6.262629701906632363e+03
6.717056431288401654e+03
6.411628775645795031e+03
6.235219074183658449e+03
6.245702651846539084e+03
6.375757330933548474e+03
6.653833252555494255e+03
6.185180794125639295e+03
6.620699659980781689e+03
6.811807680978551616e+03
6.662526211780965241e+03
6.706437437372901513e+03
6.218153522732165584e+03
6.175069168755344435e+03
6.154637261369058251e+03
6.199735582274501212e+03
6.157661820196798544e+03
6.723931397248554276e+03
6.503459866454164512e+03
6.396149333142188880e+03
5.987311074406425178e+03
5.846739253464278590e+03
5.378883453816774818e+03
5.169599541201886495e+03
4.588527885373576282e+03
3.593721030844857978e+03
2.433509465818086937e+03
1.651658464257116975e+03
1.220942538951015194e+03
5.080769121932391386e+02
5.901995347992883580e+02
3.626115425143302105e+02
