7.430103518408564923e+03
6.881506009903401718e+03
6.936482912102955197e+03
7.545309979431800457e+03
7.079392424576935809e+03
6.682309204355504335e+03
6.512873913335119141e+03
4.982543545835790610e+03
3.753969637516202056e+03
3.849045993503253612e+03
2.573134090270267734e+03
1.955622773775110318e+03
9.854630684081384970e+02
6.054951726705518240e+02
2.376330305658482871e+02
4.764506636270216973e+02
6.973303943571938817e+02
1.257563819672916452e+02
4.669194823211554422e+02
6.342800610793744909e+02
3.974861636108278731e+02
3.029171173470897998e+02
3.182419030342460360e+02
-2.832530982041817538e+02
3.745742116393804508e+02
9.421078551195357420e+00
1.807323571972428908e+02
2.503039632787400990e+02
6.209495872100072233e+01
3.992165346157458430e+02
2.291817818747053934e+02
4.841534944545224448e+02
3.534341661210397660e+02
7.565031675062995191e+02
4.165133310179467685e+02
2.066008774314164498e+02
7.518042164525174940e+02
7.341061173224443337e+02
1.639507938293879079e+03
2.004076410742429516e+03
2.339489350332555205e+03
3.199628292356537713e+03
4.182843826244846241e+03
4.661391062057543422e+03
6.559017241833972548e+03
6.302262395194658893e+03
7.174438794321488785e+03
7.700848515484607560e+03
