6.230675583367996296e+03
6.602923082730157148e+03
7.083647876966673721e+03
7.221865282440523515e+03
6.810223423484105297e+03
6.489148190967343908e+03
5.246724455300442969e+03
4.534225197520173424e+03
3.715933995143861921e+03
3.468107231382494319e+03
2.626366903812182045e+03
1.272310184455036961e+03
9.767523685784956342e+02
7.096304178495726092e+02
7.327670128920615298e+02
4.513404094615142412e+02
2.872254169857622514e+02
6.170510651834902092e+02
3.954197581367768635e+02
2.312596133894804780e+02
4.934518373418346471e+01
3.553021453887431846e+01
9.145878262394209912e+01
1.675398680719931122e+02
4.903879161229058781e+01
8.022083627957157148e+01
-1.611505595530215373e+02
4.918084399803653639e+01
-1.488739270203303988e+02
1.009625432456854242e+02
-1.831944781325421445e+02
6.188816607768713141e+01
-1.509239621805739091e+02
3.906508186461819037e+02
1.904568282623790481e+02
5.716319820879923554e+02
7.125212817374598444e+02
1.031952777778124073e+03
1.382512105217456792e+03
1.858540236495493446e+03
2.558464435501627577e+03
3.621325497140154766e+03
4.417358614791164655e+03
4.547315998517460685e+03
5.796016902490937355e+03
6.200396521699517507e+03
6.746940517637257472e+03
6.424455250988434273e+03
