7.550185463915124274e+03
8.400896872008732316e+03
8.207369656114924510e+03
8.438559730714598118e+03
8.472111627115144074e+03
6.664301686807635633e+03
5.582378252339494793e+03
6.073172301058121775e+03
3.875072117809297652e+03
3.286750268628613412e+03
2.854117415757315484e+03
1.461601522416736998e+03
1.228653973489286273e+03
1.074039969321835542e+03
6.337401555129855524e+02
7.176368647106338585e+02
1.012370346998950708e+03
8.671586255170022923e+02
4.050452771657546691e+02
1.441153660268728629e+02
2.610625784654617476e+01
7.094900294900043036e+02
1.841397314940317926e+02
-6.868856045876137273e+01
2.952782243414259824e+02
-3.719661134050760438e+02
-2.890994125734426845e+01
1.421807412273537352e+01
7.568461158259391652e+01
-1.407836249206198715e+02
2.799416016555463216e+02
6.288737089793314681e+02
5.340523348706788056e+02
7.547473352026836437e+02
2.836514546777638657e+02
8.198681067552448667e+02
7.117733355043562824e+02
7.258129177397036074e+02
1.586369683463312185e+03
1.970259914880338783e+03
2.464087934089175178e+03
3.655023806334138953e+03
4.104767229180444701e+03
5.517671923930754929e+03
6.493023993399967367e+03
7.313550077959554983e+03
9.663294415230015147e+03
6.910162798805008606e+03
