8.071490966951244445e+03
9.893432524633215507e+03
7.875491430813533952e+03
8.325792549475447231e+03
9.829126669380650128e+03
7.361789975795348255e+03
7.617183768660383976e+03
5.203220577064779718e+03
5.855984930435196475e+03
2.822118340670979251e+03
2.433333522780852491e+03
2.928643542184438502e+03
1.660213459132770140e+03
9.445823275671210695e+02
9.979618524205038739e+02
6.447664444837392921e+02
6.292836413495327861e+02
1.030780837906044098e+03
6.462336647046075768e+02
5.520990067792915852e+02
-2.504699557319886765e+02
-2.367634495303285576e+02
1.786671515027330486e+02
5.038919068260128142e+01
2.479398281088196541e+02
-2.429919146654266342e+02
1.376465178313692661e+02
2.148655372998853750e+02
4.158633466368308405e+02
3.433787724218143467e+02
4.441410809042739061e+02
8.325345514403052221e+02
5.752347190456331418e+02
5.807755545184235189e+02
8.636199162806701679e+02
5.458083929805786738e+02
1.266105812729671243e+03
9.271205049223375454e+02
1.634890898754336376e+03
2.032704255187870103e+03
4.095232891415725135e+03
3.173324005710654546e+03
4.717855807095081218e+03
5.287786472545900324e+03
7.323903991529421546e+03
9.331685602794261285e+03
6.909621400019907014e+03
6.938434459566769874e+03
