3.664809418120473765e+02
-1.501712193484437137e+02
-6.871319068372594074e+02
3.561942785634426656e+01
2.124930678770592252e+01
4.139534497296100994e+02
9.574385151395415505e+02
1.819277155641712852e+03
2.628638409487832178e+03
3.593096702332952646e+03
4.083283067349550038e+03
4.831270337611822470e+03
5.215027086422030152e+03
4.931528754031086464e+03
5.588576458416779133e+03
5.700436561450641420e+03
5.445617789471525612e+03
5.826679021979046411e+03
5.610414292925518566e+03
5.634575794502602548e+03
5.698291555402891390e+03
6.007848482825432257e+03
5.894697590843007674e+03
5.916779276291721544e+03
5.838277287936611174e+03
5.970830154226560808e+03
6.079815321040120580e+03
6.106165361172014855e+03
5.826615160767910311e+03
5.666838277367766750e+03
5.664232565951471770e+03
5.745032050805361905e+03
5.606918206943410041e+03
5.918595093723522041e+03
5.937226680956073324e+03
5.385901350353798080e+03
5.236186074223154719e+03
5.108024665022477166e+03
4.683402024340105527e+03
4.210981046427246838e+03
3.874877890948086133e+03
3.006505658880308602e+03
2.277909954949749590e+03
1.266282818842641063e+03
8.215116236938351904e+02
7.604895203112803301e+02
2.992197840280518406e+01
-3.156084077799627607e+02
