8.767749873986382227e+03
7.675755979930338071e+03
8.541684921428242887e+03
9.698304546054465391e+03
6.963423147945020901e+03
6.963984766562077311e+03
7.371539604973962014e+03
5.526522557109642548e+03
4.146453784373024064e+03
3.267324056409875539e+03
1.981048870484281906e+03
1.827908237722569311e+03
2.530292851064382376e+03
9.812588093265305815e+02
1.199533660826371261e+03
8.521884528434868571e+02
7.394370592770370649e+02
4.514034881212187429e+02
1.097603178947397282e+02
6.124116822025370084e+02
1.769491852743500147e+02
6.536423072023429768e+02
1.052259037405019768e+02
4.126942336017827984e+02
2.583412146570797177e+02
-2.754378627354552123e+01
-1.090806883723142704e+02
-9.686178290338503416e+00
-1.766328561357919966e+02
9.498585716813009583e+01
5.011319761893570046e+01
5.777410224158048777e+02
1.087436924884919875e+02
7.735495765746808274e+02
5.090500991972346156e+01
9.997574459420429775e+02
2.016955598453200309e+03
1.745639180122866264e+03
1.779959689442348463e+03
2.450201311971610721e+03
2.216641885384950001e+03
3.402450662114427814e+03
5.630200815971760676e+03
6.830597264137946695e+03
6.958508392111302783e+03
6.204360524616866314e+03
6.433971736158895510e+03
7.353884831750760895e+03
