6.411921371871430892e+03
7.261691532132364046e+03
7.323608317679033462e+03
8.304543168829792194e+03
7.747222015598454163e+03
6.989470191389670617e+03
6.278577512233572634e+03
5.213426609028546409e+03
4.391657145560963727e+03
3.032492377499695976e+03
2.268296150454022609e+03
1.578322403564087608e+03
1.482606099762160511e+03
8.544189865528772998e+02
7.881931348941917577e+02
2.568979474057716175e+02
6.714284205905667022e+02
5.194445938123664064e+02
3.331591215178156062e+02
1.133554639557268331e+02
-7.922956813402269916e+01
-1.456390771184177311e+02
3.384661419719718083e+02
5.201347943951394655e+02
3.586272487681032999e+02
1.177183558595312007e+01
3.341285694284516126e+02
2.622484394213231553e+02
5.435241594468028552e+02
2.625538627956691471e+02
1.969229209012380011e+02
2.965954344876974460e+02
4.080535683502903339e+02
3.372862022037335805e+02
3.321553701899796920e+02
6.881850662348147125e+02
9.333866648439217215e+02
1.310816521582818950e+03
1.579454222193351143e+03
2.417544368124577431e+03
2.655489195050578473e+03
4.003166280049410034e+03
4.571587385399924642e+03
5.166348239955554163e+03
6.187604852296128229e+03
6.381613915329403426e+03
6.460190346969321581e+03
6.355691204140121044e+03
