4.734152243292539310e+02
-1.408415687023011174e+02
-3.155822123927494545e+02
-4.768613682302761276e+02
1.433626858994346662e+02
3.165072390966336684e+02
1.004427805520356856e+03
1.611853377617175511e+03
2.691553565445397908e+03
3.355463839792519593e+03
4.322747391222833357e+03
4.480875027419201615e+03
5.098948005931943044e+03
5.005453710337490520e+03
5.236428838362210627e+03
5.630105375790636572e+03
5.626359229660750316e+03
5.595573269038271064e+03
5.533000038600580410e+03
5.149305130048662249e+03
5.438134775732718481e+03
5.820597717956151428e+03
5.543775395890309483e+03
5.672935798129198702e+03
5.967799628387455414e+03
5.664730619443950673e+03
5.690969655732325919e+03
5.827341621358440534e+03
5.844318007257302270e+03
5.689624063574720822e+03
5.805328162247737964e+03
5.539711906009267295e+03
5.475754220105091008e+03
5.449895454541449908e+03
5.456291401720415706e+03
5.676637530076214716e+03
5.289800068727855432e+03
5.158865879731223686e+03
4.499918272225837427e+03
3.980194682260701939e+03
3.618792174812476333e+03
2.755576622717206646e+03
2.416242361378520400e+03
1.454638839892589885e+03
1.199315622615069060e+03
6.399320236000238538e+02
-3.764492742294114009e+02
4.007865393539586876e+02
