6.152757712544805599e+02
2.351494940495308583e+02
-3.126647888808881817e+02
-5.611040100194462639e+02
-4.555190237024894486e+02
4.788625572988111685e+02
1.167596582922967855e+03
1.912726660263563417e+03
2.640551598997172732e+03
3.523932894283109817e+03
4.309100570617907579e+03
4.813645343214709101e+03
5.707979738209330208e+03
6.021770908360755129e+03
5.962777604046347733e+03
5.842690540872230486e+03
5.804931776764216920e+03
5.834155871025313900e+03
5.844447175244783466e+03
6.194467090724664558e+03
6.021626509755762527e+03
6.549114667836317494e+03
6.266456025723537095e+03
6.231437530513637284e+03
6.432307963020110947e+03
6.706465279379741332e+03
6.021917858957511271e+03
6.623407915566705924e+03
6.220646956085468446e+03
5.995974756541652823e+03
6.120407821592530127e+03
6.379082125344587439e+03
6.206752811290589307e+03
6.138949748835169885e+03
5.735404172741503317e+03
5.916241092102883158e+03
5.904536747135554833e+03
5.838263131539605638e+03
5.290036196868512889e+03
5.034038123910784634e+03
4.081055953851910544e+03
2.985286800530623168e+03
2.339118342909343937e+03
1.706500844207929958e+03
1.052053055089047120e+03
8.703552964067633866e+02
-4.374729226993892439e+01
-2.823606657419294308e+01
