6.418954790422838414e+03
7.877180683845087515e+03
7.160262255013308277e+03
7.261346313099552390e+03
7.518838202931072374e+03
6.356533091557185799e+03
5.449420343207842961e+03
4.696555998844598435e+03
3.936397008643397385e+03
3.129005732618780712e+03
2.331962964641182225e+03
1.917354521568581958e+03
9.934641441854531649e+02
8.288953855827003281e+02
8.542165651263277937e+01
6.458534021513542029e+02
5.280382117360932170e+02
5.256276180527362385e+02
2.479551662352347989e+02
5.581091075362713809e+02
1.184280811627963175e+02
1.801635884562953720e+02
8.169969171499371896e+01
-1.548179123641045010e+02
5.914981360419825052e+01
-6.840301646694057069e+01
-1.962566120636200253e+02
-6.904518234337830052e+01
3.159781987916794037e+02
1.544492785643030253e+01
7.023123853992522072e+02
4.486046404079965555e+02
1.268884621924035088e+02
3.185704305548728712e+02
4.211140308964233441e+02
9.308661252962883736e+02
6.136331877326638278e+02
5.292798074805674560e+02
1.369103078975281960e+03
2.080458179743147412e+03
2.594148817016111025e+03
3.840631626093897012e+03
4.771065476343535920e+03
5.270857167764230326e+03
5.421870309174847534e+03
6.568397103291851636e+03
7.083797203863734467e+03
7.498012384533622935e+03
