7.063427107402939328e+03
6.707202595337218554e+03
9.097487405619143829e+03
7.369607478259867094e+03
7.450044333484053823e+03
7.080190364590534955e+03
5.875880894697448639e+03
5.452141695101200639e+03
4.067570684478213934e+03
3.145492662875268707e+03
3.014265233045128298e+03
2.007755384565327631e+03
1.000321138864068757e+03
1.435004250703573462e+03
7.789311039512652997e+02
9.224259002068605469e+02
7.554700273222665601e+02
2.422733424827611941e+02
8.416643206076181514e+02
4.521871896140704052e+02
5.469222293411495457e+02
3.308651033685463858e+02
2.563444886757168888e+02
3.974189572228762302e+01
1.645542026765708385e+02
-1.387201930655782576e+02
2.993442426356172348e+01
-5.568378281598385371e+01
-1.022230168889531576e+01
3.713849335303960402e+02
1.420773901104999766e+02
-1.756781333627369577e+02
3.451459871288946601e+02
5.172826015023795208e+02
3.070743192643150365e+01
7.666081556919768900e+02
1.184440313133330847e+03
1.904067830160831591e+03
1.151320666087175596e+03
1.870918771893857411e+03
2.545103437477184343e+03
4.021467497372220350e+03
4.399738599096128382e+03
5.363862775780430638e+03
5.616980621983435412e+03
6.117028137609283476e+03
8.191149843626027177e+03
9.733944979895002689e+03
