4.656590921679571693e+02
-4.328407121006603688e+02
2.698684127547016587e+01
-4.229402451019186060e+01
-2.587639985161399636e+02
2.412528016835626659e+02
9.537489670391295249e+02
1.785117132836217934e+03
2.437138749497953086e+03
3.421770995982061777e+03
3.798885319339179659e+03
4.950613256915991769e+03
5.270707780476783228e+03
5.537436506244332122e+03
5.999624374434692072e+03
5.677691652673021963e+03
5.277408538196789777e+03
5.920671005404698917e+03
5.512922609718291824e+03
5.717421783963183771e+03
5.574190185286411179e+03
6.011976114907044575e+03
5.916645293151783335e+03
6.134301390334554526e+03
6.059549411858051826e+03
6.236105649084071047e+03
5.981058644327302318e+03
5.715341128650361497e+03
5.923120069861367483e+03
5.865782513929214474e+03
5.695372499254398463e+03
6.016679666117760462e+03
5.791513104512884638e+03
6.046577998902295803e+03
5.609075418118741254e+03
5.853597148511210435e+03
5.456168931279531535e+03
5.587738383339330539e+03
5.007557987901555862e+03
4.472274830729267705e+03
4.084750697796910117e+03
3.456846871251489574e+03
2.737040719443173657e+03
1.690581295109563143e+03
1.067115155684919955e+03
2.749254904720253307e+02
1.899337913550708379e+02
3.624467669319906236e+02
