6.680869020450310018e+03
6.497892176234840917e+03
7.208964663122051206e+03
7.256123826389167334e+03
6.864192288292299963e+03
6.759660114252792482e+03
5.488253235508404032e+03
5.201274986057625028e+03
4.592800981426366889e+03
2.966693036310452044e+03
2.493156888403700577e+03
1.544518040958198299e+03
1.008655863686720295e+03
1.015493080069469329e+03
6.730989252161282366e+02
6.106019340259456385e+02
2.238360587616543569e+02
6.036024717706965248e+02
2.626333025524626237e+02
1.887607942874200262e+02
1.733759250630164672e+02
5.613623913604035351e+02
1.568213489437708397e+01
2.544415129554108148e+02
3.265971159529947840e+02
-1.116618671504787699e+02
-1.241361581105687577e+02
2.646604411911736179e+02
-1.704058139223762964e+02
1.734780985779211449e+02
1.372142417287172975e+02
5.349536599858913632e+02
9.003510222327857093e+01
2.459432170011026528e+02
6.021202140149274555e+02
3.160957641030919376e+02
-7.782459638964273729e+00
9.268023141808065475e+02
1.422565140195929871e+03
2.634457748654156148e+03
2.661163768909489590e+03
3.234797970982421248e+03
4.106113235797775815e+03
5.269324257754200517e+03
5.821816334678325802e+03
6.124547320669455075e+03
6.298754234388644363e+03
6.401596608329277842e+03
