4.441371796966764123e+02
1.789541741430783759e+02
-8.854851655324548574e+02
-4.842036712092770472e+02
1.459957090227978540e+02
6.006017738791742886e+02
1.043834287855808498e+03
2.312924089830395133e+03
2.802006811977839334e+03
4.106457617790834774e+03
4.374569808311704946e+03
4.800131943747673176e+03
5.583793802224166029e+03
5.777125156456404511e+03
6.263452853727972979e+03
5.970752040138178018e+03
6.540776563240280666e+03
6.418315093252994302e+03
6.355568775393118813e+03
6.555634460416427828e+03
6.437819239593411112e+03
6.416715892461273143e+03
6.431385677348349418e+03
6.433289764241889316e+03
6.692229159642229206e+03
6.631813986416714215e+03
6.817607976247766601e+03
6.819509880901930046e+03
6.416292434737190888e+03
6.679256955184546314e+03
6.712838737218587084e+03
5.861632237884228743e+03
6.687141374587140490e+03
6.137710608009549105e+03
6.273044731293211044e+03
6.246735718933383396e+03
5.995571847384849207e+03
5.835859263900114456e+03
5.242352056283043567e+03
4.871266073750906799e+03
4.314408379143732418e+03
3.595712350720668837e+03
2.433174949413273680e+03
1.865634351281228874e+03
1.142002817169063292e+03
7.634638446539692040e+02
7.908170350889849942e+02
5.388515139659205033e+02
