7.407833326497520829e+03
7.355246040577147141e+03
7.884200394736193630e+03
7.087741013923589890e+03
7.434906727225560644e+03
7.628983808851669892e+03
5.744283386625786989e+03
5.298998131651705989e+03
3.945967822978233471e+03
3.158693472809730338e+03
2.197042556578428048e+03
1.683140516133088113e+03
1.096714145333992747e+03
1.546548712490110120e+03
5.543897666815713592e+02
4.676174109063342144e+02
3.454762405798726945e+02
3.473634195415533554e+02
3.554064558200735178e+02
2.411636916795423815e+02
3.236135863176433531e+02
4.265225698027105636e+02
6.097660119879989793e+01
4.765909934208547156e+02
-1.453963226817440955e+02
-6.434268514598392130e+02
-2.326178975528961530e+02
2.055666727837354131e+02
1.363685499805230172e+01
2.534876316690559577e+02
-2.257441288658682055e+01
2.991517808374308629e+02
7.206381294704835909e+02
3.399220000918588767e+02
4.528013174681251485e+02
5.916036043375542022e+02
4.044595191703818386e+02
9.655791850262917251e+02
1.943318139222447371e+03
2.331862712763473610e+03
3.159620361648995186e+03
4.168767864379920866e+03
4.935017445440222218e+03
5.169753246840316933e+03
6.844266114866532007e+03
6.223544682973224553e+03
6.529356502437251038e+03
6.712325658871412088e+03
