2.957764209223166176e+02
-1.797485190553309451e+02
1.139718298758739508e+02
-7.575711119160847602e+02
-3.414029827530713135e+01
5.617116784485286871e+02
1.312690501394422427e+03
1.621551797103807303e+03
2.556571726689906882e+03
3.243877645081037372e+03
4.227529833682412573e+03
4.607684710833173995e+03
5.030681347629121774e+03
5.834901236991953738e+03
5.280398087865104571e+03
5.508959127018552863e+03
5.528789883753952381e+03
5.705068748577446058e+03
5.776290583176996734e+03
5.540491899010789894e+03
5.847335750249824741e+03
5.763713817191851376e+03
6.147010499011450520e+03
6.186245443359946876e+03
6.053712311985960696e+03
5.776325494277869439e+03
5.617756938956096747e+03
5.976759073722063476e+03
5.878523056147443640e+03
5.811076384685146877e+03
5.722822971460572262e+03
5.972520353490023808e+03
6.256771491039083230e+03
5.686982615542830899e+03
6.184229852202422990e+03
5.653475040890354649e+03
5.383348773299829190e+03
5.696583841525976823e+03
4.845390401676677357e+03
4.791167960901973856e+03
3.560751832308123994e+03
2.778406662372417486e+03
2.283195329928063529e+03
1.760466651481232930e+03
1.111603115162367658e+03
7.166586282572211530e+02
-4.068844587664556656e+01
8.926962748944100667e+01
