1.839048703996478196e+02
2.572083375271064369e+02
-2.540101623405384501e+01
-3.222526642732877349e+02
-3.920113609563224486e+02
2.985518335369041552e+02
1.522230861531755181e+03
2.098175283571313685e+03
2.719506203699718299e+03
3.253648769386086769e+03
4.317090431977536355e+03
4.985638673316992026e+03
5.322527176516390682e+03
5.431773513320077654e+03
5.358405249664027906e+03
5.717878627576694271e+03
5.861813341834511448e+03
5.550471134875160715e+03
5.722541504103980515e+03
5.851957405346028281e+03
5.769037274986907505e+03
6.191677696586838465e+03
5.952128165731853187e+03
5.877739284721577860e+03
6.052829613341409640e+03
6.048521110072923875e+03
6.095539247995906408e+03
6.009618613489739801e+03
6.091264821330414634e+03
5.620710564854143740e+03
5.975184011154031396e+03
5.920419764853356355e+03
5.795720295066763356e+03
5.757262804044513359e+03
5.814230185941051786e+03
5.778236933410831625e+03
5.248836712545108639e+03
5.469168675132033968e+03
5.056540987873192535e+03
4.218979013988903716e+03
3.825255644459221458e+03
2.832597152423545595e+03
2.477438871157568428e+03
1.935408157668031436e+03
1.175787867939662647e+03
4.122922233006662509e+02
5.469530784311207299e+02
3.877321779723711188e+02
