6.737955577043802577e+02
3.240425976360704112e+02
-1.735970877459057817e+02
-1.401248799775140924e+03
1.997597853955865617e+02
3.772479467850106403e+02
1.115473521170993308e+03
2.060069085371071196e+03
2.228380260782576897e+03
3.373533358998295171e+03
4.211976369415868248e+03
4.840004552117457933e+03
4.820981255180461631e+03
5.506878230504615203e+03
5.673889158333771775e+03
5.865143875810625104e+03
5.956043341890651391e+03
5.565691230002518751e+03
5.565009124272749432e+03
5.633364202488914998e+03
6.085586428723529025e+03
5.731026031446186607e+03
6.189677668918833660e+03
5.883432453923189314e+03
5.809327082444663574e+03
5.807962399792928409e+03
5.934150645136084677e+03
5.835841550049965008e+03
5.881989342486216628e+03
5.942753421955064368e+03
5.903767689695195259e+03
6.422487131562860668e+03
6.197805503462951492e+03
6.300067240161325572e+03
6.139817664136185158e+03
5.722318621919459474e+03
5.459393910662217422e+03
5.135134568538261192e+03
4.891827550851293381e+03
4.631281322744069257e+03
3.737605104428736013e+03
3.725652003495705685e+03
2.506995430725615734e+03
1.574694020351001882e+03
1.173899092348257227e+03
3.188400972749092261e+02
-1.245783301349755412e+01
2.423943651940303425e+02
