6.680770923839691022e+03
6.846987722742634105e+03
7.398478317995603902e+03
7.244826361131551494e+03
7.811065454817638056e+03
6.571964485572704689e+03
6.709225777958306026e+03
5.153422601060457055e+03
3.982809034478591911e+03
3.662071501769629776e+03
2.642417241927736995e+03
1.902530518563773512e+03
1.600918155255327292e+03
3.067200441534403126e+02
6.553031883154462776e+02
3.476021391704035182e+02
4.367752426200082709e+02
3.078644471796612265e+02
5.690268884916959280e+01
5.061199103095923419e+02
4.937117159885620481e+02
1.978273365821987397e+02
1.284718970257444823e+02
-4.353976938797200802e+01
-3.918979155189997243e+01
-2.068383687027318985e+01
-1.328973836349645126e+02
8.026020055430502964e+01
9.394332390695313961e+01
-1.320259611449752128e+02
1.185730781679872621e+02
1.999883804493277353e+02
2.848619416177323274e+02
1.800690104224191259e+02
1.095182457997942578e+02
1.699559127434762615e+02
5.186688459297691907e+02
1.106723571184115826e+03
1.046187034153714876e+03
1.802702963057436591e+03
2.156228619131799860e+03
3.183790331312412036e+03
4.266947203443191029e+03
5.170868232338048074e+03
5.830084077360214906e+03
6.492861305330518917e+03
6.362024085846174785e+03
7.015033847075928861e+03
