6.400746362682403742e+03
6.962247508487527739e+03
7.079416104062355771e+03
7.151441307976271673e+03
6.616389279977625847e+03
6.474331014519432756e+03
5.652531205699573547e+03
4.549787384714846667e+03
3.714363167065428570e+03
2.676151770334044159e+03
1.996675697552208248e+03
1.379235154289849106e+03
1.250673857022046832e+03
8.086530989928542112e+02
4.810989836458529680e+02
1.132801464195428025e+02
6.246050921068165280e+02
4.944318900519895976e+01
4.009360887785928185e+02
1.781165043195703390e+02
3.083904083962931963e+02
5.281635173234255944e+02
3.105842181842185141e+02
-1.039254619877521577e+02
-3.164368532880638440e+02
9.677014344375980670e+01
-3.192022214110340883e+02
-9.145906001584073408e+00
2.707103589846409477e+02
-1.572261222789416308e+02
2.709897519858755004e+02
2.032497237784355377e+02
-1.407932067011396100e+02
-5.714056537314790063e+01
2.607146009696042483e+02
3.056645010244954506e+02
7.402245571696752222e+02
7.666602969649047736e+02
1.392347594785200727e+03
2.199849388866177833e+03
2.596561149467308041e+03
3.141350051443389020e+03
4.020685629562133727e+03
4.967249635122499058e+03
5.737133468528681078e+03
5.747310502548363729e+03
6.865649595413725365e+03
6.123725002185140511e+03
