6.441971291459881286e+03
7.528594832177420358e+03
8.868714252134674098e+03
7.765535844287560394e+03
6.980112293693789070e+03
6.523541908042808245e+03
5.675037233956825730e+03
5.080281267245842173e+03
3.945710759901072834e+03
3.003447199253610961e+03
3.025643384048040843e+03
1.800046842701083506e+03
1.580847846368627643e+03
6.769666397179913702e+02
1.178822496983781093e+03
7.088305466848223659e+02
1.106152702427935566e+02
7.556366929580134411e+02
3.637607677902048522e+02
1.268639650308322331e+02
7.400656167701106369e+02
2.967081523735923838e+02
6.930203663779900580e+02
5.183283190882601730e+02
1.529141193769895324e+02
-1.024645123801864059e+02
3.700224732085774235e+02
-4.105535239139696557e+01
1.454431908210484607e+02
4.335109747160956886e+02
1.510248956477506113e+02
2.758040732777484436e+02
2.355965405048254979e+02
5.413154913126365955e+02
2.152023614753225900e+02
5.138884618801489523e+02
8.063019440856913889e+02
1.010506533836466588e+03
1.391631431083490952e+03
2.223188834406179012e+03
3.134275957632204609e+03
3.407993341067030087e+03
3.986280663269658362e+03
5.128812282374319693e+03
6.156198035320382587e+03
7.283184019913564043e+03
7.074144375237103304e+03
6.818865390596311954e+03
