6.042165181248519730e+03
6.558810238281355851e+03
7.231596324296446255e+03
6.988140989856893611e+03
6.809613974039414643e+03
5.878170895178062892e+03
5.407428549237576590e+03
4.668676054454387668e+03
3.596598973418060268e+03
2.883678116640425742e+03
2.247955976293542335e+03
1.421337565100594020e+03
9.214270136668524174e+02
6.403709275698701049e+02
3.592379499025469158e+02
4.500813329731691965e+02
2.442302904714356373e+02
1.062873377781618416e+02
8.413042484165696351e+02
6.773446922557608829e+00
1.103009463897075904e+02
7.212053981095516519e+01
-6.002947743241675482e+01
2.132844149086583485e+01
-2.314516731578494912e+01
-2.853617014752634304e+02
-1.462353550591322460e+02
-1.753075799281311618e+02
3.846163276170000245e+02
3.778379754058473168e+02
1.048748750487226857e+02
3.947825201356326943e+02
4.813304184137806487e+02
2.497752517270619137e+02
5.373252574267098680e+02
4.318689492444100324e+02
6.347647153665730002e+02
8.706780576250299646e+02
1.379573670256679861e+03
1.703419182619363482e+03
2.667801592726580566e+03
3.215331085178616831e+03
3.948045521801017912e+03
4.637791068674658163e+03
5.454040373600470048e+03
5.974759396208627550e+03
6.521466562565990898e+03
6.504538084307387180e+03
