6.482223344312807058e+03
7.421962713337736204e+03
8.636626670247864240e+03
7.364627672683263881e+03
6.840335348052550216e+03
6.763436245629154655e+03
5.088349957145713233e+03
4.488607995046178985e+03
4.002481931110253754e+03
2.856096527305882319e+03
2.074407523771138131e+03
1.967933678483115500e+03
1.029593051269465832e+03
1.285482254522785297e+03
6.841610831357351117e+02
7.161503370170353264e+02
5.860129112461427212e+02
7.626650197189676419e+02
1.776272070023967160e+02
5.180570974995831648e+02
1.916498925177775448e+02
2.460059411733870718e+02
5.061737112161717960e+02
1.734906701265873963e+01
1.885769518071592898e+01
-1.124071572994873236e+02
4.272792246471209978e+02
3.873016120146930064e+01
-2.273102822292499070e+02
2.375689806991436512e+02
6.452090617441258473e+02
4.292585606976723511e+02
2.379185449319139991e+02
4.756351777460657786e+02
9.282592632939164901e+01
4.425616881275802257e+02
1.137196487065247993e+03
9.392261414942529427e+02
1.321205285503422147e+03
2.349967623313841614e+03
2.323650900778763571e+03
2.734443213647708944e+03
3.932577268792539144e+03
5.087995540806281497e+03
6.468760624369007928e+03
5.902623030157384164e+03
6.694852068664676153e+03
6.486245168207306961e+03
