7.420837900643273315e+03
7.258240105950410907e+03
7.481567156595501729e+03
7.782984868526745231e+03
6.946080169955700512e+03
7.592354237505574929e+03
5.672994354692697925e+03
4.863828210853587734e+03
4.614098797893657320e+03
2.643632240499979162e+03
2.366916740025476884e+03
1.765084489999429934e+03
1.567540947664760552e+03
4.205128878909609966e+02
2.103404705815887894e+02
5.139348868460638187e+02
4.116575867916873790e+02
5.365138990614229897e+02
2.905096710854357980e+02
4.921470492465614370e+02
4.190829866765961356e+02
3.401098810147781393e+01
2.564243285947769095e+02
2.415201946052160054e+01
8.381931563683842512e+01
-2.025157901836313812e+01
4.326231228199773682e+01
-4.755647869699911467e+01
9.886735137364081538e+01
8.003589588293498025e+01
4.270816587205845849e+02
2.672906733775523094e+02
4.162702644663166893e+02
6.103067155444549599e+02
5.850484907766293645e+02
4.855940591286167773e+02
8.646020606196190101e+02
8.452900843390515320e+02
1.504716220542572501e+03
1.720714482692030288e+03
3.613971656154878929e+03
3.162998198489813603e+03
4.638939625305599293e+03
5.474234760785100661e+03
5.924569236479183928e+03
6.982328077118704641e+03
7.332864167449954039e+03
7.546817718209370469e+03
