6.546095457315863314e+03
8.315774424430912404e+03
8.209530359495856828e+03
7.706143635543253367e+03
6.924298754825591459e+03
7.107670793934755238e+03
6.802068405927475396e+03
5.180919530105767080e+03
3.454482868985858659e+03
2.705894138320103139e+03
2.298317106094759311e+03
1.385536967787902768e+03
1.581090892062606827e+03
4.662285961320498586e+02
7.144777866104747091e+02
6.003601185454363076e+02
4.478515264858326645e+02
3.700255965529279933e+02
4.096171640959446449e+02
4.032610804451414879e+02
5.466692199984754552e+02
5.381645604559435014e+02
5.098071510623491065e+01
5.533284177681746030e+01
7.403943209255618285e+01
1.488472885177726290e+01
-1.340927886448914421e+02
6.743607434595830341e+01
1.363241289204918019e+02
5.845860743240815509e+02
1.659154234132757040e+02
4.327523292624004512e+02
3.737001927706228344e+02
4.999455451391006022e+02
3.488642812727031810e+02
5.746089342116092666e+02
4.455229293257905283e+02
9.548419537910044710e+02
1.382170269645651615e+03
1.793002081481564801e+03
2.754164884298378638e+03
3.095176960678993964e+03
4.057677384120086117e+03
5.304050532901011138e+03
5.885022012025954609e+03
6.433236361241143641e+03
6.265214953547379992e+03
7.264973388308088033e+03
