6.889558251513574760e+03
8.231032375485472585e+03
6.919830064268384376e+03
7.656450006854985986e+03
8.144821738482424735e+03
6.370293434713517854e+03
5.772934500796803150e+03
5.372076913794443499e+03
4.000083222694292999e+03
3.584043859729989435e+03
2.129034987992336937e+03
1.818911277660854921e+03
8.835872695587048611e+02
8.192167503249260108e+02
6.754547955943875195e+02
8.089897319915611433e+02
5.426225435469166314e+02
4.150767766024721936e+02
4.082598486819138657e+02
2.741302755400781166e+02
1.598140151009002352e+02
3.576013897337514322e+02
6.804766971320725588e+02
1.785627199347489977e+02
-5.027641173192913016e+01
-3.054370902434223112e+01
-3.124683051522470123e+02
1.754948613616913633e+02
-3.437448688428190025e+01
2.376277363518850052e+02
3.517433490137632361e+02
4.427498452177324566e+02
3.572521111342380209e+02
8.621966884695771682e+01
5.556404357952317241e+02
7.191683171897544753e+02
5.940853089773745523e+02
1.646252178034807230e+03
1.750807912127339250e+03
2.519654631370929565e+03
2.917221949611738182e+03
3.229433264565932859e+03
5.046656231817458320e+03
5.527156014290044368e+03
6.219260989793953740e+03
6.498429276071205095e+03
6.826927905544198438e+03
8.717168551985354497e+03
