6.748622005465787879e+03
6.995061295695056288e+03
7.309132511211538258e+03
8.761707529383305882e+03
7.262410248677477284e+03
7.439470610964165644e+03
5.866706337336213437e+03
4.861828311954542187e+03
3.827559852904239960e+03
3.240504030116442209e+03
2.317239862907032602e+03
1.898503643852641972e+03
1.224228947912916965e+03
1.244546840641068002e+03
9.855934381860490703e+02
6.137956798440826560e+02
6.568686032917532884e+02
5.267199255819986092e+02
6.697978430979394489e+02
2.924973398936107287e+02
1.209406539529529852e+02
3.000417772725099894e+02
-1.343016009686745349e+02
1.875713092012254606e+02
-2.125734844045106513e+02
-2.247651539353815338e+02
-7.709745850362138242e+01
-5.734485431414867662e+01
1.039188165647650806e+02
1.287822162003861024e+02
2.996258166399555876e+02
4.075829336346947684e+02
3.946648106369334528e+02
2.907794117669364482e+02
8.221923152658521303e+02
9.878884495219048745e+01
8.872951448153228284e+02
8.621078863106297376e+02
1.301196961286078022e+03
1.698413630128533214e+03
3.033320383129324910e+03
3.179907870830848879e+03
4.198503904068881639e+03
4.574555004835735417e+03
6.788177883675239173e+03
6.625117473068637082e+03
7.257781235936953635e+03
7.224560620211154855e+03
