1.354867492325399780e+02
-8.571991846427238215e+01
-3.145875456793987155e+02
-3.628531335083937961e+02
1.049141035792009546e+02
5.227597448403205362e+02
1.341161171798521764e+03
1.755993211187791076e+03
2.889198871839579624e+03
3.774128001248013334e+03
4.221290953950501716e+03
4.611167357087504570e+03
5.182404098374129717e+03
5.562678199009187665e+03
6.159987035181547071e+03
5.794985621073675247e+03
6.049960951031188415e+03
5.856270144396475189e+03
6.044038204813795346e+03
5.825968095705273299e+03
6.168852510733187046e+03
6.148130021649223636e+03
6.209252944710689917e+03
6.222239281805825158e+03
6.316578499408679818e+03
6.039416235682092520e+03
6.111076087658343567e+03
5.710320006710414418e+03
6.036566732529948240e+03
6.434369878473484277e+03
5.776288610286851508e+03
6.047626482283075347e+03
5.838643668460491426e+03
6.005870272976032538e+03
6.049423212846273600e+03
5.851599312875228861e+03
5.351796615570969152e+03
5.190085068502923605e+03
4.869307284658060780e+03
4.397625602126508966e+03
3.825197758615107432e+03
3.341950153688282171e+03
2.352172075870465051e+03
1.781590151297677494e+03
1.254752211029953742e+03
4.844576601058500955e+02
4.691753471247230323e+02
5.973581932281442732e+02
