6.093018227146915706e+03
7.322452980521869904e+03
7.131390887331413069e+03
7.208049254812433901e+03
7.270946738034254849e+03
6.282910573993044636e+03
5.817290935967273981e+03
4.568240835482453804e+03
4.083778192087354910e+03
2.868603749941981732e+03
2.044205331019064033e+03
1.391601625226721580e+03
1.409180567901739778e+03
7.444104020482566284e+02
4.910826178170580647e+02
2.206478065365141390e+02
4.194113049205507195e+02
2.550149937530304101e+02
1.650405781981640700e+02
4.914447328110576905e+02
2.041343991603602603e+02
3.043438080003650157e+02
1.234556109995718600e+02
3.442164101284053146e+01
1.460058458455361858e+02
-1.735435489263187776e+02
3.016291505490410714e+02
-5.072081691210762244e+01
3.660955285307422855e+02
8.969595788809846226e+01
4.707826914548658124e+02
2.915452623461126223e+02
4.505117596625766510e+02
3.322014921982162150e+02
5.471359118770106988e+02
3.721353746596795986e+02
7.554413473511648363e+02
1.006848567557333126e+03
1.145808386962379018e+03
1.319601262315319445e+03
2.232446248161546919e+03
2.997057900242758024e+03
4.149926910299463998e+03
4.680736102261665110e+03
5.234206300594484674e+03
6.102302397845088308e+03
6.580528385731719936e+03
6.757729523183562378e+03
