6.844716936326481118e+03
7.285807074629959970e+03
8.963752495417302271e+03
7.789917152674095632e+03
7.443351828160558398e+03
6.497077506124219326e+03
5.706745068979083044e+03
4.839474020229923553e+03
4.335974231334585056e+03
2.707323241665785190e+03
3.054983541759063883e+03
1.633061262360633691e+03
1.175952831651454289e+03
1.096311883688581702e+03
7.186931274893687487e+02
5.103312573275197792e+02
6.697708388957396437e+02
4.158760843510744962e+02
7.562594402421372024e+02
3.387615162648638147e+02
2.174404736324257570e+01
6.330879935672484180e+02
7.627964311302882550e+01
-1.132284594584713062e+02
-9.809515255930519118e+01
2.810910995091411380e+01
-1.422095687549017953e+02
-1.874054089826063603e+02
2.968101346693746123e+01
3.968748542428597261e+02
2.556996052529894143e+02
4.888773974457869258e+02
5.498707427042594418e+02
3.856716533823146733e+02
5.720896313737616765e+02
5.304199076366788859e+02
8.146461681214358350e+02
9.210024580917024650e+02
1.576299421702819927e+03
2.122839843184172423e+03
2.579013320411381301e+03
3.362181404247800401e+03
4.044030372421495485e+03
5.615103412480172665e+03
7.584354694636683234e+03
6.914727266152284756e+03
6.275112651949227256e+03
7.208805316433800726e+03
