8.778782279993287148e+02
-3.733372749035133893e+02
-3.559991179249797142e+02
-4.141699224192644238e+02
-3.774792208172516439e+01
3.033760093301518168e+02
1.290552261181759377e+03
1.795873686976083036e+03
2.706897771463842219e+03
3.382963430295815215e+03
4.265172383401961270e+03
4.665591826866198971e+03
5.114885901743247814e+03
5.430289700324057776e+03
5.198888024878449869e+03
5.674216661514039515e+03
5.725935225660329706e+03
5.807766091741640594e+03
5.407052282228012700e+03
6.035883285201171020e+03
5.709034536798943009e+03
5.878525497463198917e+03
5.892110907651016532e+03
6.260784949962927385e+03
5.944111702950820472e+03
5.950819566468552694e+03
6.223152806204794615e+03
6.012552060699904359e+03
5.938852371870755633e+03
6.052293576380326158e+03
6.185444007954058179e+03
6.085981317052489430e+03
5.938307893808651897e+03
5.984290465339419825e+03
5.975916440065439929e+03
5.908911013085840750e+03
6.000127778460054287e+03
5.520367484772453281e+03
4.940655580925984395e+03
4.389319913486788209e+03
3.730714818334403390e+03
3.288190118278152568e+03
2.591543868123255834e+03
1.706461933575873672e+03
1.087545484482756365e+03
4.693109223701476935e+02
5.913460237937759985e+02
2.428925740653364755e+02
