7.912504395692990329e+03
7.133143388726450212e+03
7.680016204835223107e+03
7.500109141722837194e+03
7.580501476720761275e+03
6.417022931958306799e+03
5.879916939040316720e+03
4.597040618637907755e+03
3.796729792862350223e+03
3.410878536486270150e+03
2.618880680284865775e+03
1.685439290850016732e+03
1.365578011946176730e+03
9.528568004576077328e+02
5.364021725999638193e+02
5.623372733599238700e+02
6.347746231440349902e+02
4.894296319713821504e+02
2.624009497667296387e+02
4.656379524369497176e+02
7.690983053994190755e+01
2.002184628977970533e+02
3.196522637296351945e+02
3.615774195429119686e+02
2.227456046387489721e+02
3.961582190870917941e+01
-1.077714403997155728e+02
3.214416475316634205e+02
2.164222664033284218e+02
-1.286150000108191804e+01
3.573425815053226984e+02
-4.847755769206963095e+01
4.950469993626333576e+02
2.582605391696013157e+02
5.396612197250375402e+02
4.321120260598137861e+02
9.578931037802161654e+02
8.148056521616822465e+02
1.937363616192730888e+03
2.066154803343934873e+03
2.183822149095078203e+03
2.934530126145145005e+03
4.379859298097044302e+03
5.115629692234350841e+03
6.996523496370226894e+03
6.417653375782642797e+03
6.233956349238615076e+03
6.634246180222690782e+03
