4.944360253967145695e+02
1.245526297637920443e+01
-2.799464615385501816e+02
-4.689383332970545553e+02
8.438209129789785834e+01
1.576114151646084451e+02
8.806610536950158803e+02
1.736037582862859381e+03
2.800752473682504387e+03
3.136110862550967795e+03
4.085257778320603848e+03
4.973203667398670405e+03
5.468945510963535526e+03
5.500750883252991116e+03
5.662007896493545559e+03
5.685179047071172135e+03
6.078101257080426876e+03
6.063298917526500190e+03
5.731701965623329670e+03
6.186907466983680024e+03
6.050050348795699392e+03
6.209206794238988550e+03
6.104045054242605147e+03
6.208064403033662529e+03
6.189102402113043354e+03
6.341348220651420888e+03
6.136320571884596575e+03
6.139009501349155471e+03
6.059159203952024654e+03
6.405131374635875545e+03
6.076043150086565220e+03
5.562988275412020812e+03
5.935782707765320083e+03
5.710380743816129325e+03
5.559647048670699405e+03
5.607009693209291981e+03
5.754211502452225432e+03
5.291688029857523361e+03
5.914477989712721865e+03
4.455187743536689595e+03
3.965641297127999223e+03
2.512709243335700194e+03
2.112132863462575187e+03
1.748306986394899241e+03
1.123703323583297106e+03
2.698740005061228544e+02
5.275276532853888511e+02
1.690992260059994123e+02
