8.367276954734865285e+03
8.312653279263529839e+03
7.894439423217921103e+03
8.291274501000561941e+03
6.571740372242596095e+03
5.967045207227192805e+03
5.571970634650354441e+03
4.767099033435447382e+03
3.903027130694674270e+03
3.065925847917114879e+03
2.673535661726514718e+03
1.611487877674250285e+03
7.735896078938776554e+02
8.380498536155162128e+02
9.850499090736922199e+02
1.042258232082689574e+03
4.650300618225856510e+02
1.862313639493176822e+02
5.139265328787661247e+02
1.352586733983536362e+02
7.082036496149140703e+01
3.225489063555463076e+02
2.297950364711357167e+02
2.494374227782922162e+02
3.799977834978786291e+02
8.961667868761689704e+01
-2.196190501155659831e+02
5.531812467716492421e+01
2.645046820048775658e+02
2.789557308861661227e+02
4.938548197524165175e+02
3.574005007149659718e+02
2.309378642500059868e+02
5.823715290152086936e+02
6.210586862585565768e+02
5.005608517144427196e+02
7.550223949804282029e+02
1.316210947906048204e+03
1.654220480107260300e+03
2.341073133428877554e+03
2.425010835059808869e+03
3.749161949568094769e+03
4.438449924527387338e+03
5.650801165510840292e+03
5.583364539343710021e+03
6.287475662434571859e+03
6.940956417561836133e+03
7.010901147642886826e+03
