6.956793268241052829e+03
8.387888885773412767e+03
8.930433205619161527e+03
8.270597456289648107e+03
8.868497913470471758e+03
7.612568170823707987e+03
6.422581495253409230e+03
5.760299253713731559e+03
3.998083158657423610e+03
3.587265863579366396e+03
3.311113953424487136e+03
1.828747187344370104e+03
1.145530250550546725e+03
4.090702686295322792e+02
5.988209337839501814e+02
3.700729084692180209e+02
6.870011187583621677e+02
5.305413935770309308e+02
5.980871082621613368e+02
5.061488897285492499e+02
3.363779967236786774e+02
2.646295416432357115e+02
7.811013877037086672e+01
3.623210716081919003e+01
1.838661201042245068e+02
-7.993339191560605173e+01
-2.731787748748481590e+02
-7.481690159494085890e+01
-1.873656648158880103e+02
2.538735192417132680e+02
5.482930965148111682e+02
5.539735385219200907e+02
3.470450551389639600e+02
4.308655547217961725e+02
7.097380830470235651e+02
1.183729615523532402e+03
6.055475962877598022e+02
1.082329607653312905e+03
1.494605633189795299e+03
2.511288071437348208e+03
2.558275762254417259e+03
3.502656053137918207e+03
4.423156484774849559e+03
4.765474501180138759e+03
6.612173519808096898e+03
6.166731184374708391e+03
8.377163991669081952e+03
8.134476542627650815e+03
