7.986580788355713594e+03
6.891880806580855278e+03
7.226985130691973609e+03
7.319217922582447500e+03
7.148574590434370293e+03
7.277819151420774688e+03
6.213465781189738664e+03
4.831803487302350732e+03
3.776801114202691224e+03
2.990661950760604213e+03
2.610665941063768969e+03
2.322316023756344748e+03
9.436256093166241499e+02
9.995837903623361171e+02
9.200647042315118824e+02
4.043651569796849685e+02
7.810113988013663402e+02
8.539493432806162900e+02
3.065372725817241530e+02
5.124556714737249195e+02
3.203143950588337674e+01
6.133952458154829657e+01
1.396656498984723953e+02
1.486612380365190234e+02
-3.627630596872620572e+02
5.821496986211809599e+01
-6.286137722108909998e+01
-2.569059188206801991e+02
1.742446395818352300e+02
-2.082374049897939585e+02
1.856742732496564372e+02
2.463160648019479595e+02
4.076398085177661983e+02
2.972712574261697114e+02
1.493353990984628297e+02
3.110274091397365055e+02
5.240964538638351087e+02
9.684082559121596887e+02
1.721554003432576792e+03
1.831631099277557951e+03
2.662932688913770107e+03
3.371456364863283852e+03
4.493655609936373367e+03
4.837074148369838440e+03
5.775178686435749114e+03
6.650122206232896133e+03
6.258778445134112189e+03
7.194264331755744934e+03
