6.693256733780558534e+03
8.383144668365039252e+03
8.545577963484249267e+03
7.649436923046419906e+03
7.910984830847677586e+03
6.375364379639174331e+03
6.452388410731714430e+03
5.287602504988953115e+03
4.284802614212625485e+03
3.135504753927005822e+03
2.305774939876391272e+03
1.591064332924423525e+03
1.225632770461870450e+03
8.782155885913903148e+02
1.390472619805512409e+02
7.981806190970667103e+02
3.711112724332528501e+02
7.062351026501229967e+01
5.003487618902599934e+02
3.193064818057363823e+02
3.833692063755965478e+02
2.378578902938349700e+02
1.317576730365435189e+01
-1.140491021679232801e+02
3.078592233717291720e+02
-4.312458487511921135e+01
-8.122930927010004609e+01
2.489409179564199235e+02
3.111304643257968223e+02
1.711216740225569879e+02
7.350810490531956987e+01
6.484670547765838364e+02
6.248604030456070291e+01
5.326518043631294859e+02
5.852521279992075733e+02
5.083133215229204893e+02
8.138918906326362048e+02
9.624834736007366018e+02
1.778133181133653352e+03
1.869623081252052543e+03
2.559349547681833883e+03
4.447425062408210579e+03
4.009248791308801174e+03
4.925745038818724424e+03
5.762225637380682201e+03
6.344526270382593793e+03
7.176379722412858428e+03
6.629777329998626556e+03
