6.822074599865158234e+03
6.671002445831805744e+03
7.360633524817385478e+03
7.193954470728270280e+03
7.269112496480691334e+03
6.864433100792111873e+03
5.398527610791440566e+03
4.394440507891071320e+03
3.881878500569721382e+03
3.108580931284914186e+03
3.074732528481656573e+03
1.977103936267071504e+03
1.238215220814626718e+03
7.541708916273238401e+02
3.088289872237224927e+02
5.471371278213201776e+02
3.200317417198486964e+02
3.501903470374650169e+02
-9.026958283219586576e+01
5.143391655483409295e+02
1.171612131658881566e+02
2.465669142112568863e+02
2.544978010331179803e+02
1.441532478311222008e+02
5.673577808645151208e+02
-1.300362571898527051e+02
-5.053751631423759818e+02
-5.611056828784357009e+01
1.136303604648584837e+02
-1.059952630368847935e+02
1.008217405834105591e+02
4.700002199801736538e+02
1.858863067765265384e+02
4.428857443829546696e+02
4.322652486776409120e+01
2.898628542739780301e+02
1.195764570446122207e+03
1.170536387593002701e+03
1.001154531546763906e+03
2.124557309155046369e+03
2.654772306881045097e+03
2.994208639313430012e+03
5.163912882310297391e+03
4.753748597243198674e+03
5.939793723690670959e+03
6.841053535422570349e+03
7.361689726324521871e+03
6.681937778571158560e+03
