6.134470104641621219e+03
6.838687895064055738e+03
7.890934772596807306e+03
7.258594320064411477e+03
7.841022747199313017e+03
7.216372360431160814e+03
5.634110443659837983e+03
4.815850457835469570e+03
4.729659277692368960e+03
3.313081881247745059e+03
2.870831480387634201e+03
1.995764809686569151e+03
1.233893197773719976e+03
1.150378787137540712e+03
7.108564845372005720e+02
5.005836836857831713e+02
3.251740886073025081e+02
4.426622635689318486e+02
4.031347713371051782e+02
-2.150704459300790177e+02
4.209418690078256873e+02
-9.069893508226283263e-01
9.878695212869028808e+01
1.008709779794423440e+02
1.907213108936430501e+02
3.649481268926308530e+02
-3.302866472468554804e+00
1.923573662365820951e+02
-1.704081260399178532e+01
1.352942524642562034e+02
5.425193781751535198e+02
4.022455383951173644e+02
3.722147512134025078e+02
1.517866975201574462e+02
4.318257815869795309e+02
4.956994702781763635e+02
6.273435533986124710e+02
1.486468861239887474e+03
1.602580852850772544e+03
1.972856950119550220e+03
2.467207403260737919e+03
3.490812813966328576e+03
3.819274601841557342e+03
5.328290035682275629e+03
5.613679247829284577e+03
6.176028147477486527e+03
6.518850725707248785e+03
7.641345516421359207e+03
