6.290342192590840568e+03
6.736982282864283661e+03
6.639392789398742025e+03
7.132385186846196120e+03
6.776162519053651522e+03
6.174162003905049460e+03
4.975584532722587028e+03
5.138359486890486551e+03
3.951090152124101223e+03
3.159678091061854047e+03
2.253435469173541151e+03
1.726728539431337595e+03
6.876102343977516966e+02
5.462520624368415838e+02
1.815496094044798099e+02
3.162174878673218927e+02
5.326885954276889379e+02
5.898675591425526363e+02
4.082439208409704747e+02
3.602263706136001815e+02
6.546302649012972097e+02
-8.406712217936134834e+01
-2.942536319371681657e+02
-2.647499651681877140e+02
8.643537291527911393e+00
2.171344229405315502e+02
-3.287469668731857553e+01
1.918696378790409653e+02
8.118407267306083952e+01
2.153791208799029278e+02
8.769314019773119639e+01
1.967073702122684722e+02
2.676522621169573313e+02
3.032493990433944191e+02
4.276468665381356118e+02
4.798867681220712598e+02
8.440917855201762450e+02
8.795102934803004473e+02
1.221834088333796444e+03
1.927869092800329099e+03
2.601739199808080230e+03
3.022977073090077738e+03
3.688439529245531503e+03
4.827877663044955625e+03
5.338203485342715794e+03
6.078113714048635302e+03
6.364334024088314436e+03
6.635060166872528498e+03
