3.724994144731427355e+02
2.603615837766709546e+02
-7.218895096651385757e+02
6.782012534231596668e+00
-4.393822412569919038e+02
5.216287401380910751e+02
1.307438881191156725e+03
2.121958609693412200e+03
2.953251815863868615e+03
3.568030286095918200e+03
4.178632079752108439e+03
4.883018962560163345e+03
5.395116191340158366e+03
5.411535180364898224e+03
6.159708468213485503e+03
5.899002954297847282e+03
6.089814254366028763e+03
5.804895762941749126e+03
6.110495157939813907e+03
6.208247904180278056e+03
5.988107781627929398e+03
6.003553211625060612e+03
6.028823917997610806e+03
6.093630657176557179e+03
5.969408796549782892e+03
6.293589953056403829e+03
6.166344354562278568e+03
6.179714387506891399e+03
6.287047621130544030e+03
5.970555062597795768e+03
6.411840784452184380e+03
6.384251700176403574e+03
6.125662411802958559e+03
5.952513883663161323e+03
6.175161302327177509e+03
6.042762589913527336e+03
5.244204025029652257e+03
5.785008485462130011e+03
4.710501819448795686e+03
4.486711687299725781e+03
4.334266508289009835e+03
3.403656029601137561e+03
2.440032418934089492e+03
1.790585138557551545e+03
1.242271089241576419e+03
3.584708710017777094e+02
1.833575871110415676e+02
4.566671081925003932e+02
