6.656121493148181798e+03
7.145925139187859713e+03
8.631421537395455744e+03
7.881532005871858019e+03
7.464549062318684264e+03
7.156955496959494667e+03
5.998229299220068242e+03
5.302290024154781349e+03
4.349035259817776932e+03
3.526021697295877857e+03
2.026295312314236071e+03
1.843972443925142215e+03
1.098891599081552840e+03
1.027834514138188297e+03
6.670837593770451122e+02
6.593212747417873061e+02
3.891594545273314338e+02
2.633427018517697320e+02
4.025637427563664232e+02
-1.045182012041535700e+02
4.077451587196242144e+02
6.167622082250078392e+02
1.369792805620407421e+02
3.113507138636030049e+02
1.266625518479563368e+02
9.744061521702653295e+01
-3.034210251905558309e+01
-2.256419610788325087e+02
1.493862441363428104e+02
3.803332498559652777e+02
5.105857253844660022e+02
4.277237110500554422e+02
2.518125336762209372e+02
3.715569348562538039e+02
1.815186013320881955e+02
6.037469810906711700e+02
5.565629367956031501e+02
1.054479783121792025e+03
2.134269083355318799e+03
1.501540085794654942e+03
2.727999396970388716e+03
2.968718369077909756e+03
4.311908960001740525e+03
5.101640316300628911e+03
5.718079744907342501e+03
6.334390836946302443e+03
6.787561928391105539e+03
6.995916072041332882e+03
