6.442841049246879265e+03
7.004464531529375563e+03
7.490450640210171514e+03
7.819140798323970557e+03
6.683871315805383347e+03
6.948832082647092648e+03
5.687665707853182539e+03
5.595412219066462058e+03
4.189368183558306555e+03
2.991742832267692393e+03
2.417009850356299921e+03
1.664791045303051078e+03
1.317604739913648473e+03
5.659818501166726037e+02
1.290507555835059748e+03
7.195504814130861178e+02
6.084370020984193843e+02
5.221248697043155289e+02
1.037415712508708054e+02
7.801765710995499603e+02
3.310327952737695227e+02
1.969236713365057199e+02
-1.210144857004625329e+01
-2.429041304393912810e+02
3.131898962320064470e+02
2.536301283509405380e+02
9.787758305702725536e+00
3.396567250112577199e+02
-5.945992974170498968e+01
-8.473807512055007862e+01
6.293172668519868296e+01
3.404952378206390335e+02
2.938267701225727819e+02
4.097160502186672488e+02
5.892810401148161645e+02
2.735352579273700258e+01
6.663900815553336088e+02
1.070110862574310659e+03
1.490720370760215701e+03
2.297230613450472902e+03
2.834521373093429702e+03
3.661659644332123207e+03
3.911580591827524586e+03
4.491412689900200348e+03
5.323712642531101665e+03
6.287779920578759629e+03
6.202559151607791136e+03
7.123619030028617090e+03
