6.096958208928369459e+03
6.465088938544454322e+03
6.674106031752281524e+03
6.929031678930969065e+03
6.473754539860067780e+03
5.738021015575833189e+03
5.303653914131391502e+03
4.384484606680465731e+03
3.657638469277838794e+03
2.859583162355251716e+03
2.036431186320434563e+03
1.306092405755115124e+03
1.132667965141744844e+03
3.946291716041309314e+02
4.358188642053776221e+02
2.990080440174282899e+02
1.528654893111487922e+02
5.211162806075061553e+02
5.233208937138603005e+02
5.417633275452307089e+02
4.840385989390957775e+02
2.712391052041934927e+02
2.710588347644144278e+02
3.954594154395913819e+01
1.978813441414434351e+02
1.292761141763487842e+02
-3.466647113743569975e+01
5.434160339597872991e+01
1.178486346227957426e+02
1.023412678142991155e+02
4.062648896076071310e+02
6.779297101201356099e+02
5.963304259440991473e+02
1.416380371724284828e+02
4.821618689226743300e+02
8.899669074485979081e+02
3.870926516795775569e+02
1.188890272309475904e+03
1.503413216090680180e+03
1.737382774066271168e+03
2.723285473831938816e+03
3.282543963866706690e+03
3.876379045975858389e+03
4.864187119845511916e+03
5.510812687559468941e+03
5.874020110778905291e+03
6.399628927674910301e+03
6.540367272553462499e+03
