7.241677451980346632e+03
6.901313393241615813e+03
7.929150761479042558e+03
7.490165810881307152e+03
7.629585546593660183e+03
6.067675677756500590e+03
6.721698316286799127e+03
5.026802147808192785e+03
4.603039174983631710e+03
3.249362130259491096e+03
2.560139821488648067e+03
1.179136260325325793e+03
1.522918354778801358e+03
9.740880738938639070e+02
6.587111306324733278e+02
5.382384746363284194e+02
1.720892343015546828e+02
4.236609678774259464e+02
2.390897502407380273e+02
1.391407219595849654e+01
2.520503581783382572e+02
6.639461868590092308e+02
6.501391378922834292e+02
-1.578239021054005775e+02
1.012899146417565106e+02
9.817714024558645747e+01
-2.447271097360901138e+02
2.975371869173530825e+01
2.128786679250009115e+02
2.014328695027975584e+02
2.555510253651417543e+02
3.162732443061669869e+02
3.087330629512344871e+01
6.882360875186889189e+02
4.345312618983002153e+02
4.417297220591865994e+02
7.316724160020962699e+02
1.218783628576194133e+03
1.189247298599143051e+03
2.254374484842074708e+03
2.973951823480345411e+03
3.753809516621249713e+03
3.773002224693349035e+03
5.851097959293791064e+03
5.592185396125099942e+03
6.211582189779575856e+03
6.770888723137934903e+03
6.518338552077291752e+03
