8.585949587836416868e+02
-2.254194622692036489e+02
-3.715656941052492357e+02
-4.034093945341589915e+02
-3.136612073927968680e+01
1.731657128642499117e+02
9.033448678281295088e+02
2.124454556461045740e+03
2.468137843776166847e+03
3.677589326926638478e+03
4.466663561783528166e+03
4.749518077711848491e+03
5.596676380791102929e+03
5.830930664212443844e+03
5.728102261964078934e+03
6.160991155743893614e+03
6.088964296503150763e+03
6.024825501967516175e+03
5.712718301582922322e+03
5.858506964763820179e+03
5.972698678726784237e+03
6.461291212169938262e+03
6.512284061038550135e+03
6.277429609313312540e+03
6.553353872127053364e+03
6.288142327507228401e+03
6.212812153349073924e+03
6.113282913591877332e+03
6.230470070730918451e+03
6.061360688740225669e+03
6.240039331345148639e+03
6.387452900142083308e+03
6.002478790100600236e+03
6.214610464939642043e+03
6.124537228455990771e+03
5.942779510994075281e+03
6.159698008980216400e+03
5.566877033376505096e+03
5.318854716526555421e+03
4.671466451543242329e+03
4.280384752780860254e+03
3.106944249819368906e+03
2.953523429937735727e+03
1.774386988388559075e+03
1.534690885024468116e+03
-4.679293785132517058e+01
4.913962018497719555e+02
3.211204028427996491e+02
