3.246188376013058132e+02
-1.693318159666698364e+02
-5.436672707339711224e+02
-7.707284260153984690e+01
1.876832116782488526e+02
2.777698800226215781e+02
1.193614031150269511e+03
1.483768512027713996e+03
1.974485553266865736e+03
2.997161165484463254e+03
4.110248174363921862e+03
4.761940850594524818e+03
4.851055901368685227e+03
4.935069761261716849e+03
5.485210982340773626e+03
5.715452641175353165e+03
5.512903779385140297e+03
5.871103657787668453e+03
5.623759159964276478e+03
5.879543696656975953e+03
5.480840662342547148e+03
5.854697071202166626e+03
6.152968210429913597e+03
5.827708913791497253e+03
5.952505696827959582e+03
6.147196364359065228e+03
6.049788524331293047e+03
6.156436032571784381e+03
5.824629458056816475e+03
6.308527330881549460e+03
5.681191626064138291e+03
5.743081236719193839e+03
5.580442091910088493e+03
5.904407663382186911e+03
5.454593655127639977e+03
5.446882119904938008e+03
5.628239179825007341e+03
5.458958623852284290e+03
4.881183361133153085e+03
4.403969146052530050e+03
4.031442640560578639e+03
3.192300257353446341e+03
2.053326625780417089e+03
1.488812646239691503e+03
1.071711378634530774e+03
5.394656139404002033e+02
3.553157845802871293e+02
-2.640740442008425504e+01
