8.557062002723607463e+01
1.358333498114538997e+02
-2.576144109944299885e+02
-1.500028332764970003e+02
-7.587184381513371534e+01
2.620851182473730887e+02
1.047987883601158273e+03
2.200335699883146845e+03
2.659232018136053739e+03
3.905826655196890897e+03
4.677452208026570588e+03
4.894442504190258660e+03
5.129861828198891999e+03
5.614481526349195519e+03
6.139522515869951349e+03
5.861819532978839561e+03
6.348157202387195866e+03
6.467354572355621713e+03
5.993631995599590482e+03
6.272307589745166297e+03
6.345743201079212668e+03
5.933128158191359944e+03
6.182471634457703658e+03
6.723237319963031041e+03
6.596367354671000612e+03
6.776279804366730787e+03
6.260634656429767347e+03
6.571862741735609234e+03
6.422291156492467053e+03
6.251406525029126897e+03
6.064221761233388861e+03
6.210522962949674366e+03
6.311210657946657193e+03
6.048251198846101033e+03
6.086189238999525514e+03
6.151315328061628861e+03
5.775189233725314807e+03
5.875203797308145113e+03
5.434192793577895827e+03
4.901298896713509748e+03
4.341148303488900638e+03
3.621412210274239897e+03
2.740926397565514890e+03
2.045672328159035487e+03
1.247788872590176197e+03
5.990750441284596945e+02
1.499916715759953867e+01
3.456603336589845981e+02
