6.622543567728512244e+03
7.407758209520081436e+03
7.370787448808571753e+03
7.396388066953403722e+03
6.392770906933542392e+03
5.962982409370854839e+03
5.922296592978797889e+03
4.668162512248335588e+03
3.838514892213053827e+03
2.716452280970558149e+03
1.795566422322849348e+03
1.539564329479660046e+03
1.079063733737278881e+03
6.669324552962532380e+02
4.370316022089529042e+02
6.603457742780840363e+02
6.922660891276974553e+02
3.947688230578693833e+02
2.215971460379710152e+02
5.277539146201946778e+02
4.436659655651837397e+02
5.671341918226278267e+02
1.153025572059642059e+02
1.441533051854636085e+02
8.990304707040084509e+01
-3.529987854199515596e+02
-4.539331543108851719e+01
1.181894697348732990e+02
-1.841926373847216425e+01
4.066850853602089160e+02
2.845271655381456526e+02
3.521724353826131733e+02
2.575763527297262385e+02
6.145380965779207827e+02
4.030113334752371088e+02
6.565526466287700487e+02
6.603972158677973994e+02
6.517051524637620332e+02
7.759446971211636992e+02
1.780136011648193744e+03
2.733820388008467489e+03
3.397878576188439638e+03
4.160320794038006170e+03
4.602020451168725231e+03
5.770517762279474482e+03
6.010250845556529384e+03
6.549381527475873554e+03
6.119662145993125705e+03
