6.189339301634414369e+03
6.982758586008734710e+03
7.061785078853127743e+03
7.220533461535158494e+03
6.786868195542499052e+03
6.128524744625020503e+03
5.753702485211691965e+03
4.952097975352105095e+03
3.777408658798924534e+03
2.869668280732022140e+03
2.250514919300942438e+03
1.688989797310064887e+03
6.994799950915619320e+02
1.056089850597286159e+03
4.658029768724971973e+02
5.100506147613754138e+02
5.789107492863689686e+02
1.533478950673616907e+02
3.820474572318555033e+02
2.702386948090086207e+02
9.910601187937264456e+01
5.648774041648288176e+02
2.175851383393268463e+02
-1.672217172294535317e+02
-8.315605816052845967e+01
-1.745606106143538341e+02
-2.421599692554207763e+02
-2.418704409078945616e+02
-5.894038291707600763e+01
2.726533710973132543e+02
2.828635827630298536e+02
1.997216152952575783e+02
3.605565796266780580e+02
1.348482587740538463e+02
3.674610784256772718e+02
3.040277047992141775e+02
5.816768170823677337e+02
8.775508180226065633e+02
1.289850248596065057e+03
1.788850534922425368e+03
2.620614675122912104e+03
3.296326569025151002e+03
3.861156713184758246e+03
4.804402898111104150e+03
5.476659896470448075e+03
5.935965625002565503e+03
6.766181494901130463e+03
6.684051063778884782e+03
