6.285732738495804369e+03
7.069721568737568305e+03
6.857914850922596997e+03
7.015579615922592893e+03
6.549013661664091160e+03
6.047020762956377439e+03
5.090355733013101599e+03
4.711248480847698374e+03
3.643640155288893766e+03
2.971184482167119768e+03
2.425588735371024541e+03
1.750518213807932170e+03
9.310783910204746689e+02
1.036530031446890234e+03
5.770655266631899849e+02
6.926287676617388342e+02
4.305039010019211787e+02
4.020323975541903110e+02
5.931507560501337366e+02
5.037885049502567369e+01
7.439349205834992063e+02
-2.063075889071710733e+01
3.293088963856511668e+02
2.085999027198926683e+02
-3.668430370167418886e+01
-4.933577532291047874e+01
-1.430880935208035112e+02
-3.271919711382461173e+02
8.261365652706994922e+01
-6.568599543934560359e+01
-5.818771135093872005e+01
3.989947152918716711e+02
-1.550938002159193374e+01
-5.121224185942445217e+01
2.634564734081899360e+02
2.776620567853351531e+02
9.383658628467445624e+02
8.030809563480597717e+02
1.484513372308578710e+03
1.728606401613449862e+03
2.460056550579536633e+03
2.874643232320228890e+03
3.848871310592261125e+03
4.680522986137974840e+03
5.646433593566728632e+03
5.831437371653590162e+03
6.517813287497448073e+03
6.569384072659438061e+03
