-2.862088510168086231e+01
-5.439748724667091437e+02
2.881281820349071836e+02
1.952684806580320043e+01
-5.951912717754183291e+01
3.244598546452191954e+02
1.423729190612581533e+03
1.728008005474579249e+03
2.950380473663607518e+03
3.570972458058412940e+03
4.213121199809525024e+03
4.970554161593070603e+03
5.262818854619623380e+03
5.598760672915996111e+03
5.690000620103736765e+03
6.051807752244528274e+03
5.929339288588562340e+03
6.150434659296729478e+03
5.911632808313657733e+03
6.090865969083246455e+03
5.776649600611665846e+03
6.228246983490584171e+03
6.299249218212935375e+03
6.292185836957654828e+03
6.723361468470640830e+03
6.226460811058671425e+03
6.157442368886062468e+03
6.257251075764864254e+03
5.932808278987769881e+03
6.338594866605280913e+03
5.852271124920951479e+03
6.058103685237379977e+03
6.203842216978169745e+03
6.356941354862173284e+03
5.686370346297889228e+03
5.845423801744967932e+03
5.929287803128989253e+03
5.516661708869408358e+03
5.044256479247143034e+03
4.761901724837883194e+03
4.169766926113171394e+03
3.274404247541622681e+03
2.730583922902451832e+03
1.893632206340866105e+03
1.346706304545359444e+03
9.726102882097457041e+02
5.493029819567929053e+02
1.293596656336794467e+03
