6.673350651371511958e+03
7.442700226097948871e+03
7.431621158326121986e+03
7.595513106108795000e+03
6.922194920341974466e+03
6.988893471708535799e+03
5.990332860738762065e+03
5.336540931328238003e+03
4.064898692548004419e+03
3.062885300646115411e+03
2.040071894936962281e+03
1.861157394778273328e+03
1.261585791787250173e+03
8.878378830515530353e+02
6.633128190488034761e+02
4.903395343021511508e+02
4.699295735510987129e+02
8.927645668465452218e+02
3.281953594357670454e+02
3.217731665311326879e+02
1.665728658222186596e+02
4.662626224963142363e+02
-1.369383336501779880e+01
-6.606607911479208894e+01
-2.803688202798477391e+02
1.914142275971137224e+02
-7.805110033966278138e+01
-1.986778380038034015e+02
9.542876639277560002e+01
1.452179336032072854e+02
1.000530551934100885e+02
5.111848227956179613e+01
5.104728279823285106e+02
7.572876509701786745e+02
9.588254802083434924e+02
1.215872287677856889e+02
9.203578353655475439e+02
1.117610537250838661e+03
1.989661546527169548e+03
1.887705330170920206e+03
2.906107135753549755e+03
3.670785102844843095e+03
4.554130859291904926e+03
5.539104071454685254e+03
6.534171984711453661e+03
6.661290960768545119e+03
6.508299671721414597e+03
6.709691680302571513e+03
