4.494921083711453207e+02
-2.845933375643014642e+02
-2.742804404714644875e+02
-3.181413645019783303e+02
-1.878384555499886517e+02
6.153614897165875846e+02
1.288061844393388128e+03
2.045830515619629296e+03
2.957324794341394409e+03
3.861206774632126780e+03
5.003754282065088773e+03
4.924714553739556322e+03
5.520868277880774258e+03
5.824558996078027121e+03
5.781195403752981292e+03
5.662353601050957877e+03
6.478402083809261967e+03
6.100194209978463732e+03
6.196447119734400076e+03
6.079316607721807486e+03
6.402974201807244754e+03
6.457828300657892214e+03
6.393545076193448040e+03
6.472065726650172110e+03
6.700995488318627395e+03
6.473254639209019842e+03
6.574193686860878188e+03
6.777481193422284377e+03
6.544437398152932474e+03
6.421407111698516019e+03
6.666387727853888464e+03
6.580188270117466345e+03
6.437058410257383912e+03
6.249006518303073790e+03
6.369714880124802221e+03
6.279679544301847272e+03
5.980240477771946644e+03
6.133148338302384218e+03
5.639147168085443809e+03
5.311654786966357278e+03
3.843148324974251409e+03
3.341425013067844247e+03
2.619008026813396100e+03
2.022140535330060857e+03
9.714615769066815574e+02
2.959294434421015580e+02
2.809795701585349637e+00
4.854991046195373769e+02
