6.014423954327396132e+03
7.001800020162111650e+03
6.829758202918477764e+03
6.638650221771467841e+03
6.762930659590002506e+03
6.048786307697891971e+03
5.592056927117114355e+03
4.835705833763075134e+03
3.792393283420279204e+03
2.746740477935515173e+03
2.258138567638623044e+03
1.879266244591394525e+03
1.136776886962144317e+03
9.047940518221445245e+02
8.125748029220100079e+02
4.531937503667154488e+02
3.368576205970876458e+02
3.095243419566417629e+02
2.660523917461819110e+02
3.585930116800013252e+02
-1.675434048601622408e+02
3.834889084488474396e+02
9.482077208326285245e+01
2.336822963884199567e+02
-7.048585208341502550e+01
-3.736777853103848201e+01
-7.327208150277948562e+01
-2.535036615249269332e+01
-1.837865528280556191e+02
4.577105664073346958e+01
1.510788612409690472e+02
2.342114641742560082e+02
3.169096038989259227e+02
1.943059203441754335e+02
3.875147103469875560e+02
2.833442976798340851e+02
7.713248846022220278e+02
6.349196531190817723e+02
1.192887025329784365e+03
1.789554878675650798e+03
2.644983079473662201e+03
2.866977139934834668e+03
4.247842326541398506e+03
5.121042900904670205e+03
5.711875252392862421e+03
6.452658929389447621e+03
6.541023668545709370e+03
6.344418561721275182e+03
