6.071722084259767144e+03
6.818603424767295110e+03
6.876333906800739896e+03
6.953761527691372976e+03
6.331012230209851623e+03
6.123302463414222075e+03
5.467067156536590119e+03
4.474582878744081427e+03
3.657807739878671782e+03
2.800109568043004856e+03
2.432505860688802841e+03
1.374230597772769670e+03
1.089253140947332668e+03
5.834366189921267960e+02
6.873941733415803128e+02
2.958359116130965276e+02
8.217383858575822160e+02
5.860768839457417698e+02
4.467086325314432429e+02
3.970765396667228515e+02
3.399123510784236828e+02
-2.247497163041204544e+02
7.710685693335740609e+00
2.155267368158974648e+02
-1.842539031996926369e+01
-1.119090730605613402e+02
-4.395461397157817487e+02
-1.377798245814315408e+02
4.201529551989482059e+01
1.782315076193479513e+02
2.886111584262420706e+02
2.947987608843162377e+01
3.411629105139284661e+02
1.422528003960067338e+02
-4.181669239402254590e+01
3.486449137688421160e+02
5.471140056395078091e+02
1.105060484359973316e+03
1.233959547703959970e+03
1.730086139010890975e+03
2.210761672348872708e+03
2.708126611662814412e+03
3.933695375941568727e+03
5.256606220081297579e+03
5.534644212305757719e+03
5.947669259661417527e+03
6.265030464897666207e+03
6.497140185879458841e+03
