6.113835546366268318e+03
7.656372524983913536e+03
6.912183642005225920e+03
7.072366354315802710e+03
6.794616230230710244e+03
6.366882037039788884e+03
5.541314494477799599e+03
5.189797229786535354e+03
3.827020754421886522e+03
3.222176857226614629e+03
2.190310675967380121e+03
1.278913244281188099e+03
1.132728186767448506e+03
1.031475492353217987e+03
5.375232912786137831e+02
1.830425678322855276e+02
3.235039527841863674e+02
1.560488874384882081e+02
6.161570077171086268e+02
1.716037211777667082e+01
5.678572180481735359e+02
5.410123053100384993e+01
4.422415997038427804e+01
2.262299206877832489e+02
4.133880131629663879e+01
-2.151699598751131077e+02
2.922765008451695934e+01
-1.563443273985231770e+02
5.067710715334843030e+02
4.115316882361311173e+02
6.577255271592633790e+01
1.536382499392069576e+02
7.768508410653264491e+02
9.015334750147322040e+01
1.407687049374216599e+02
5.470437608541590180e+02
6.254250214072088738e+02
1.445477604931013730e+03
1.083598243987189562e+03
1.457696710806909095e+03
2.589550686225452409e+03
3.125550221188072555e+03
4.286714471555898854e+03
4.734097820490547747e+03
6.209949841436684437e+03
6.475932520460391061e+03
7.182668276174090352e+03
7.193445293258650054e+03
