6.566312463376261803e+03
6.580466180104742307e+03
6.916797561621086061e+03
7.189805911714328431e+03
6.915894129220894683e+03
6.742997536809946723e+03
6.140076421832025517e+03
4.637543615935206617e+03
3.796367805278780452e+03
2.977737778913558031e+03
2.188369464800109199e+03
1.929016458792869798e+03
1.542502618640918627e+03
8.926910575176561906e+02
5.373395818583958317e+02
5.773597164763796172e+02
4.355904570299571219e+02
3.004537436901796923e+02
1.172241988788712916e+02
2.456177590417730414e+02
2.201612028599490714e+02
-1.462027036294732625e+02
-5.857499966090235688e+01
3.819693966246195487e+02
-1.612666932562144382e+02
1.741577722629548646e+02
8.388266839024110766e+01
-4.732662791321304496e+01
-2.931338889951076112e+02
5.172862999234790777e+02
6.189831154371834145e+02
2.122837701992478117e+02
2.339026881874737569e+02
4.252712058198345062e+02
4.387928369838430172e+02
7.715240471530585182e+02
7.691519516603473221e+02
5.542805785522749602e+02
1.409486947795314791e+03
1.961026464293844583e+03
2.657845875056057594e+03
3.576502520379802718e+03
4.110200791722691065e+03
5.319078614800354444e+03
5.317888593289359051e+03
6.290399860383659870e+03
6.358659502109266214e+03
7.131848518592550136e+03
