6.486334666400603055e+03
8.172509060699180736e+03
7.250852783947973876e+03
7.073458387439325634e+03
7.236592330910959390e+03
7.187317811232916029e+03
5.657424024993356397e+03
4.780843090996761930e+03
4.515951853900235619e+03
2.977221096511832457e+03
2.487134685216065463e+03
1.493331761994569888e+03
1.108399247535885024e+03
9.955436985098987179e+02
4.439576149622230332e+02
5.572424682339595847e+02
7.782877212091857473e+02
4.810903668843552055e+02
7.810395904641428615e+02
6.792702155649997167e+02
-2.818597334454472048e+01
3.650604116696242158e+02
5.720808592859418695e+02
3.758052175333358491e+02
2.746041452836913095e+02
-3.079403006767378201e+02
2.005946688511490379e+02
2.025236331751625016e+02
-7.546264904565428822e+01
9.262075897845369354e+01
-1.914029569903990335e+01
4.397296513643607909e+02
3.235504270501007227e+02
3.511029311851511352e+02
2.971052651329513878e+02
4.235005606353054759e+02
5.151283059312587511e+02
6.497747891720518965e+02
1.604156423179325657e+03
2.243035260714755168e+03
2.429044135122483112e+03
3.965852310804899844e+03
4.150930170449119942e+03
4.749971487055582656e+03
5.690573509225399903e+03
6.684529127923338820e+03
7.044405301220357615e+03
7.087834309804318764e+03
