8.666754178784121905e+03
8.775763372940731642e+03
8.080752860157048417e+03
8.097539009525309666e+03
7.183940391115968850e+03
6.554371446516236574e+03
5.817865502863328402e+03
6.202487329627096187e+03
4.149744383963812652e+03
3.264131139922512830e+03
2.708725783289767605e+03
2.563166137307496683e+03
1.334366506867171211e+03
7.398793274450539457e+02
7.881514573975097164e+02
7.593397481284788455e+02
2.935963741967032092e+02
3.382445490584457843e+02
2.642428870547168458e+02
6.006534571527548678e+02
2.139842520317394872e+02
2.815853916984283387e+02
-1.424733134944747519e+02
1.592598260902999812e+02
6.287592688866018875e+01
2.467278000705216456e+01
-1.593442074981710164e+02
-9.028595323596834987e+01
4.678923452130385385e+01
-1.175888130852489155e+02
3.320775450293380260e+01
5.679084235182034490e+02
2.621531195011490354e+02
5.500405757733700511e+02
2.844521586110578255e+02
9.528307218664812126e+02
7.744071910051384293e+02
1.133385718560312853e+03
1.577102225930097120e+03
1.793801623280891818e+03
2.977520230245984294e+03
3.242760300651389116e+03
4.437216878385901509e+03
5.203664582277894624e+03
6.340740844702153481e+03
6.723014242083390855e+03
6.110589893259832024e+03
6.743001010423597108e+03
