5.824045791754839229e+03
6.302941963490721719e+03
7.157032838810949215e+03
7.242095186048059077e+03
6.750146630318521602e+03
6.410445648635038197e+03
5.601582313357494968e+03
4.615759675246032202e+03
3.573507607479755734e+03
3.564477534720091626e+03
2.113964251974522085e+03
1.378479868922298238e+03
1.019194101016419950e+03
6.561476884991269571e+02
3.215049207921535981e+02
7.597263671818546982e+02
4.485994023374231006e+02
5.334873767219595493e+02
2.416966244321612010e+02
2.471984875131002752e+02
-2.034598568718699596e+01
3.929416043723838925e+02
1.341829698721460851e+01
-2.100717440415970430e+02
-4.266553319724727089e+02
3.007981724899138243e+01
-2.058598351984668398e+02
1.329895979264099992e+02
-8.952347862875103601e+01
1.609441430615132731e+02
7.279057493402747525e+01
3.643388628151089392e+02
3.896083448720016804e+02
5.481432511336047355e+02
-2.134889643112922286e+01
2.721889244897704998e+02
4.536919427853326852e+02
9.373754604083076174e+02
1.337278897394367732e+03
1.739273748142284830e+03
2.365975973487998544e+03
3.305025850900569822e+03
3.991808444669105938e+03
4.732159706282336629e+03
5.847194983937573852e+03
6.300262727715545225e+03
6.414564927946035823e+03
6.567908190468625435e+03
