3.505458457570919677e+02
-7.204542016326814746e+01
-2.364757006649620905e+02
-3.747242000767228660e+02
-1.244333688908644859e+02
4.571328440387255796e+02
5.909363896720365119e+02
1.774448875071105249e+03
2.533638768445292499e+03
3.237121917409450361e+03
3.858440670457481701e+03
4.707302446727238021e+03
5.123761362232507963e+03
5.560615870563628960e+03
5.622296636401247270e+03
5.710989159999910044e+03
5.879217621368855362e+03
5.524077747143476699e+03
5.577561093393206647e+03
5.547078434194915644e+03
5.890176266352047605e+03
6.018691100483024456e+03
5.842246663235237065e+03
6.402463635348852222e+03
6.294698285498649057e+03
6.309181438102348693e+03
6.099052659970361674e+03
6.258695468562413225e+03
6.222391533066281227e+03
5.959791958511321354e+03
6.267882171701769039e+03
5.535614538114175048e+03
6.130219714406993262e+03
5.974820263692668050e+03
5.922920707902077993e+03
5.800472609871593704e+03
5.530113512925097893e+03
5.410998894170478707e+03
4.952894383152778573e+03
4.245808645916819842e+03
3.818631980413805195e+03
3.446298547911461355e+03
2.821893695429634136e+03
2.033922022493245322e+03
7.014830066110021107e+02
8.502456994542354778e+02
2.418505749156215643e+02
2.513763356419111119e+02
