-2.654160059084721013e+01
-1.676435850816891389e+02
-1.414890972941577161e+02
-6.048209712393362452e+02
1.936964251147555842e+02
7.467988290912782077e+02
1.783064990651122343e+03
1.628086943975978102e+03
2.580992466469165720e+03
3.762593081808519855e+03
4.072538755415744617e+03
4.970492605481623286e+03
5.273988517417733419e+03
5.216415450249233800e+03
5.720456565086603405e+03
5.938019821003813377e+03
6.198482316434092354e+03
6.335192351916258303e+03
5.683028776479633962e+03
5.571699149141068119e+03
6.127192445825655341e+03
5.933659354771428298e+03
5.970835289707204538e+03
5.999149267267553114e+03
6.111833004992317001e+03
6.638198066638328783e+03
6.339074400119370694e+03
6.428509500413249953e+03
6.298278848216951701e+03
5.952475118440031110e+03
6.120984669623065201e+03
6.067331328730330824e+03
5.885628464845947747e+03
6.007123332108194518e+03
5.850709501011599968e+03
5.629629269183060387e+03
5.904623230303708624e+03
5.102683828724721934e+03
5.199117640479621514e+03
4.333552005112560437e+03
4.131673063465527775e+03
3.362745265053258663e+03
2.888006390471603936e+03
1.737008024711050666e+03
9.257043408746950490e+02
7.779085320680219411e+02
1.028405091671587428e+02
3.805836230136960125e+02
