7.116329557628801922e+03
6.931766573913847424e+03
6.884859986002586083e+03
7.922366606084596242e+03
6.998468461062051574e+03
6.254273096774135411e+03
5.931632117382903743e+03
5.330514859155797240e+03
3.638743616635641956e+03
3.332674591525003052e+03
2.344894143415270719e+03
1.456162776354738980e+03
7.924052945494730693e+02
4.995368939336025846e+02
9.005071473392350754e+02
1.149226386833774995e+03
7.636079832918212560e+02
1.078482703030393708e+02
3.667145570803357373e+02
2.057338603144254208e+01
1.213357281461890267e+02
4.332230792534627426e+02
-6.890451564997691491e+01
2.257506840321793504e+02
-6.619681319199959546e+01
4.055092272015943422e+02
-1.437538916638815749e+02
-1.052368085181321078e+02
-5.297275671591197721e+01
6.901517750599430201e+01
2.226204379402666405e+02
2.702244791511647009e+02
9.412453301616324097e+01
2.710776533593241879e+02
3.585870052338335654e+02
3.446097813074959504e+02
4.646857349911336428e+02
1.299280313326690475e+03
1.356895360545969879e+03
1.845745454615828066e+03
2.154433362114195461e+03
3.389460246258081952e+03
4.642801631155960422e+03
5.428819441203394490e+03
6.555080092774587683e+03
6.739190731346503526e+03
7.216569921180971505e+03
6.501123244864014850e+03
