7.886601526834287142e+03
8.718368524800334853e+03
7.465595089637373349e+03
7.972022690617829539e+03
7.783537224765106657e+03
6.585737049348464097e+03
5.448441574917095750e+03
4.499246629867454430e+03
3.928757464949146652e+03
4.478292631432367671e+03
3.699832029498227712e+03
2.178513986333294270e+03
1.713834292835823362e+03
1.721669533841730527e+03
9.467964838864894546e+02
7.301601465672853237e+02
6.944269572291335635e+02
6.200015175356055579e+02
7.667806943596234532e+02
2.564168617089642339e+02
4.298519648336796450e+01
1.573251800673659204e+02
3.967704089695016023e+02
-1.525583722315825810e+02
8.833641304083913326e+01
-6.788544939327960037e+01
-3.548088498574919072e+02
-9.608652313787015942e+01
-5.891005960114210183e+01
1.708459907558809334e+02
4.365972367367428433e+02
2.224224727040856067e+02
2.854888871287755592e+02
4.583715787162186643e+02
3.885113500462016987e+02
5.247080357432164419e+02
2.794303894837433404e+02
7.095069807945048979e+02
1.781216007476255299e+03
1.632761869827347255e+03
3.708177674420258882e+03
4.734762184331021672e+03
4.696814364318749540e+03
5.301951757151411584e+03
6.627554242373565103e+03
6.645583783739752107e+03
6.655908755923002900e+03
6.799119927766230830e+03
