6.576094848870115129e+03
6.787409876388792327e+03
7.002427199703510269e+03
6.974598276215525402e+03
6.427091475363932659e+03
6.042944782369344466e+03
5.638183265892117561e+03
4.259617514597658555e+03
3.613064026122814084e+03
2.887062892212903080e+03
2.488042244840874901e+03
1.790855530045568003e+03
1.451495955749042423e+03
7.735159899197985851e+02
7.662091465310891181e+02
4.741522293593804420e+02
5.135539977830335374e+02
8.419565000964549881e+02
3.438785103920396864e+02
5.176973132387655596e+02
2.729043384073302718e+02
2.003647023151007431e+02
3.002072279998527051e+02
6.534279155606733980e+01
-1.844291048949062031e+02
2.513569856206498088e+01
-7.322139820210055916e+01
-3.803106797316879124e+02
2.460949947100434372e+02
-5.380278517468477872e+01
5.840855764392409810e+02
2.988267206588084264e+02
-5.666866556957139522e+01
2.839718464106997544e+02
3.069787360484486385e+02
4.207193117584556035e+02
6.614099285520803733e+02
1.053846491123458691e+03
1.429673943992929708e+03
1.818042797194897275e+03
2.208527421917247011e+03
2.886077460280894229e+03
4.254803312640465265e+03
5.595243908992040815e+03
5.452832726349502082e+03
5.966914160040070783e+03
6.404781268637671928e+03
6.708944204077350150e+03
