3.578141232799287650e+02
-2.161406972157211328e+02
-1.691046729024328386e+02
7.488259884331961302e+01
-9.490973469036946142e+01
4.745838268527965909e+01
1.407778493012826175e+03
1.486564118610183186e+03
3.086200485912506338e+03
3.583173581863043637e+03
4.296528537530336507e+03
4.507656338252162641e+03
5.425275347821647301e+03
5.516162418645190883e+03
5.725711271069834766e+03
5.645362041305786988e+03
5.714016038208747887e+03
5.704179956732100436e+03
5.890128384820168321e+03
5.814290196092059887e+03
5.945781171009622085e+03
5.966225209270881351e+03
6.117423994272631717e+03
5.840837908270944354e+03
6.383168315603002156e+03
6.262755653816819176e+03
5.575976674050403744e+03
6.152524806886345687e+03
5.980401406951500576e+03
5.716852457577269888e+03
5.726025580624052054e+03
5.748902074825310592e+03
5.733745376605505953e+03
5.878262269723521058e+03
5.918090176159236762e+03
5.941779885082311012e+03
5.508641463739037135e+03
5.642338269948490051e+03
4.988863607371059516e+03
4.481171311501697346e+03
3.698502586787000382e+03
2.975074470601121902e+03
2.371297630623178065e+03
1.942442980396273470e+03
8.282030646587974161e+02
1.278014755347541040e+02
3.004340084983599581e+02
2.948552955137045046e+02
