6.721838868368772637e+03
7.472420223014886687e+03
9.050947195760296381e+03
7.848237137252425782e+03
6.972771575494355602e+03
7.018458030709283776e+03
5.477460806263241466e+03
4.904069285032396692e+03
4.053168331073043646e+03
3.223688002730291828e+03
2.292518148879462387e+03
2.053168617513004847e+03
1.495729169990766195e+03
1.059173471778596422e+03
7.940622875771296094e+02
8.536194071851062972e+02
3.529816414880792195e+02
2.442574874676680281e+02
3.692466132392918325e+02
2.902307016167756615e+02
4.313097746161469104e+02
1.491041901454675553e+02
4.865153340471726437e+02
4.590963059614728081e+02
-1.735399940733911421e+02
-2.792608871269951010e+02
2.147873867989934737e+01
3.442854005936891895e+02
1.376632185921717166e+02
-7.129710054646450601e+01
2.110522366350437835e+02
2.012047528235579819e+02
1.749719137847311856e+02
3.250373435243758422e+02
-1.080083193578269629e+02
7.932270795568912263e+02
9.048663455653216943e+02
7.841867718727972942e+02
1.564698914086843388e+03
2.091943519419587574e+03
2.870610059708369135e+03
3.180588646562322992e+03
4.039505676774031144e+03
4.864911461636997956e+03
5.874611328114463504e+03
6.382448535629075195e+03
6.422839855901552255e+03
6.461976608461304750e+03
