8.434211559770240001e+02
-1.509890489260534707e+02
-8.190991240384563525e+02
-1.155439924205039119e+02
-3.882964948945362949e+02
6.305075043025224204e+02
1.257283685616381945e+03
2.053471881800093797e+03
3.114380799549916901e+03
3.899225682771880656e+03
4.833083187378152616e+03
4.759115843918370956e+03
5.371052919198897143e+03
5.733961875435898946e+03
6.145503920229059986e+03
6.221066197861383444e+03
6.139614323991103447e+03
6.305434707736661039e+03
6.116996785458606610e+03
6.074894035463264117e+03
6.241697051930270391e+03
6.345958886409382103e+03
6.039700210864101791e+03
6.364824996025162363e+03
6.305671280285569082e+03
6.800545779188308188e+03
6.408166126522250124e+03
6.197576550813687390e+03
6.477195381605607508e+03
6.249758909218112422e+03
6.360093166631775603e+03
5.828343617827888920e+03
6.323166898210070030e+03
6.477459999606027850e+03
6.163193290612916826e+03
6.225651142545460971e+03
6.407086313887370125e+03
5.894543311453079696e+03
5.872975583215160441e+03
4.808656636610133319e+03
3.988264606455318244e+03
3.247700532305775141e+03
2.350730918986388133e+03
1.999648380576444424e+03
1.405557708368438171e+03
1.011361347225362010e+03
5.277111014781530685e+01
5.034597718274741851e+02
