4.982132004054052459e+02
-2.374937711153761484e+02
3.774527914299712705e+01
-6.245914000458495821e+02
-1.124175864828509646e+02
4.385442780956779529e+02
1.516063794934916586e+03
1.956475969358865086e+03
2.628137913640842726e+03
3.711718655378107997e+03
4.419755700435790459e+03
5.062273048484023093e+03
5.402307407942844293e+03
5.830086601524647449e+03
5.766487242946402148e+03
6.145696795612665483e+03
6.293119210211394602e+03
6.080453107471339536e+03
6.328263463733501339e+03
6.106468620439521146e+03
6.365842905884361244e+03
6.535112438364204536e+03
6.593054193359599594e+03
6.308339783272111163e+03
6.772505519391956113e+03
6.428755695987338186e+03
6.541839406983859590e+03
6.305191068030880160e+03
6.634124894529667472e+03
6.634433255033251044e+03
6.397158301495305750e+03
6.337628657327717519e+03
6.284276326051826800e+03
6.697847367847804890e+03
6.051509728380549859e+03
5.886286338739569146e+03
6.132508527964235327e+03
5.741858739959088780e+03
5.518835712564636196e+03
4.629567286251834958e+03
4.116550160323357886e+03
3.376442814024208019e+03
2.534035246135446869e+03
1.982382583169467125e+03
1.454760154559093053e+03
8.359622408833223517e+02
-1.093462765251073563e+02
2.997202094591023069e+02
