7.296133718576478714e+03
8.098889912992635800e+03
6.676004261979715011e+03
8.389601893629547703e+03
7.536166940533339584e+03
7.865674410635449931e+03
6.104106248419983785e+03
5.111065037199549806e+03
3.713299992370823929e+03
2.975302387987517704e+03
1.954462934332725354e+03
1.363852202384990733e+03
1.010076152996292535e+03
9.674830635903610982e+02
6.893754982831275129e+02
2.388689723750464395e+02
4.721117598763175920e+02
6.635564262486026337e+02
6.550014205705591621e+02
2.305693641226494606e+02
3.009971775908633731e+02
4.109004106599401780e+02
-3.059944726702925610e+00
2.877935730834254286e+02
3.634154526819480679e+01
4.710862709346301926e+02
-8.947049463958983040e+01
5.718403099999832051e+01
-3.598046685287663848e+01
3.424175018161682971e+01
8.726105449157773819e+01
3.748993867098142800e+02
5.127551113575126607e+01
4.230570188279338026e+02
9.390840373627834481e+01
8.362602541842384198e+02
6.941387205332516714e+02
6.837330642103389664e+02
1.952839271899853202e+03
2.514786779885918349e+03
3.916545669194341826e+03
3.863221255711413050e+03
4.560734875982331687e+03
5.050259127398318924e+03
6.141933654002864387e+03
7.364047363408163619e+03
6.159900680245365038e+03
6.590491243734442833e+03
