2.264950718791082522e+02
-2.050670699965291988e+02
2.439497747889948087e+01
-1.280165474803874304e+02
4.450145527806063939e+01
3.769211284084827440e+01
1.356939913256652289e+03
2.267576031087193769e+03
3.029677550877132944e+03
4.030638705041395042e+03
4.311547530488038319e+03
5.100235805697215255e+03
5.273884213023685334e+03
5.612470489859581903e+03
5.959099562967957354e+03
5.829922529574753753e+03
5.964140207114320219e+03
6.394269479040142869e+03
6.378518734696762294e+03
6.689986626204834465e+03
6.262260083702287375e+03
6.306272714553078913e+03
6.338876837535045524e+03
6.359968461224154453e+03
6.745679922598410485e+03
6.388425084824029909e+03
6.236250989311030025e+03
6.542077082986697860e+03
6.716171060941773248e+03
6.133314817110142940e+03
6.634393645999915861e+03
6.581419058296430194e+03
6.590927140926368338e+03
6.089279341889183343e+03
6.241244953008309494e+03
6.340046634643104881e+03
6.327040188642119574e+03
5.637080308793236327e+03
5.620430829203782196e+03
4.816558502819786554e+03
3.864372314275820372e+03
3.737502148848996057e+03
2.951090726540653122e+03
2.384010106350527167e+03
1.453591999829283850e+03
4.436065629803757702e+02
1.577836013838305718e+01
4.021244922783264997e+02
