6.353872122198026773e+03
6.640775721880495439e+03
7.187201872184908098e+03
7.426177365594290677e+03
6.369295771707792483e+03
6.281004093739035852e+03
5.491820055256807791e+03
4.586232825728497119e+03
3.641333094012855327e+03
3.094032563898780154e+03
2.400426676750884326e+03
1.502777076506298044e+03
1.400479685125082142e+03
9.369612008605093934e+02
4.985792960381170928e+02
2.511776594023923508e+02
7.498951444647327662e+02
7.408249716160439675e+02
4.927644506680149448e+02
2.918977564660297048e+02
2.968534027104782922e+02
4.293599164808987894e+02
-1.200617390727032756e+02
2.233628766130759971e+02
-1.401089253375453438e+02
-1.991336849694866373e+02
-6.274381273714152485e+01
-4.115295798376953371e+02
-7.053536179908358861e+01
5.648968145857661511e+02
3.861875315210284612e+02
3.221448126895561472e+02
1.286283008735846920e+02
5.946323113900931503e+02
6.889292758733289190e+01
1.497924405060673507e+02
3.842900540231941591e+02
7.302851390446403457e+02
1.634227080459583021e+03
1.650761494367423438e+03
2.296240813487449941e+03
3.073692209960880518e+03
4.135123030912815921e+03
4.841957263775821957e+03
5.583649413688062850e+03
5.716391917328076488e+03
6.469770000269170851e+03
6.002684207564792814e+03
