6.148904782147200422e+03
7.007010045625066596e+03
7.201367797034575233e+03
7.014494819590014231e+03
6.847517282926022745e+03
6.366560413976152631e+03
5.793932668398545502e+03
4.757264641996866885e+03
3.645250967847865468e+03
2.703358674225835330e+03
2.213413001086094482e+03
1.536520889597073392e+03
1.145270774626262892e+03
1.050229361681046385e+03
7.284821849085150234e+02
7.403983046002914534e+02
7.286555565377415178e+02
3.198009660910919365e+02
4.462411060108785819e+02
3.759312491565090681e+02
2.072805724590766943e+02
2.454049063278138476e+02
-7.628203441660947703e+01
1.230340318104250628e+02
1.383095325186429818e+02
1.984044576723912598e+02
1.282783680346597777e+01
1.265041223537588024e+02
3.441810488533283774e+01
-1.249641810772549064e+02
1.299054850247638910e+02
2.973089526101888396e+02
2.623211633378440979e+02
2.929476019791893577e+02
4.135891592282640659e+02
8.157635597490771033e+02
5.356923581944020043e+02
9.243818040107215666e+02
1.466067105220460917e+03
1.813094663482425631e+03
2.489865602652383131e+03
3.065600672361852503e+03
4.195401262832258908e+03
4.775432877943596395e+03
5.516742473578166937e+03
5.914076396488392675e+03
6.716034422325771629e+03
6.367453450969824189e+03
