8.191382006484466729e+03
7.953689472124080567e+03
7.587022506802150019e+03
7.729708583210543111e+03
6.706682673930846249e+03
6.900347922175090389e+03
6.738044845688594251e+03
4.583931161893216085e+03
4.063598802333256117e+03
3.228735667928625389e+03
2.160748814033944655e+03
1.552376462348655650e+03
1.606392358706753839e+03
5.395515511868276235e+02
8.087338221934006697e+02
7.311570481370669086e+02
4.344410396589649395e+02
5.516518298415450090e+02
5.890427514930715915e+02
2.017592309165647180e+02
4.371896441466365673e+02
-8.793112638861549257e+00
3.759845635235776626e+02
-1.576306592151250641e+02
-8.409089460540144501e+01
1.011639314831335241e+02
-1.710860229872078264e+02
3.638594749619629170e+02
1.160848104845493083e+02
2.698682981452296303e+02
4.354642965533718098e+02
-1.273832842156979126e+02
1.616794582311076169e+02
7.614104861643837694e+02
1.541085174332795020e+02
2.305059510332693549e+02
6.798964465038343405e+02
1.248460778233232077e+03
1.371196803076636570e+03
1.345057234023157434e+03
3.374945657491306065e+03
3.812840853352483919e+03
3.722134216267678312e+03
4.872086888595764322e+03
6.191395461925640120e+03
6.912997147341150594e+03
8.030397030404558791e+03
7.547222966563653245e+03
