6.455230596302608319e+03
7.446849533732052805e+03
7.366142758163310646e+03
7.296807399070758038e+03
7.298785200576365241e+03
6.597995386044311090e+03
6.080533065787255509e+03
4.951409227474991894e+03
3.714414752642230724e+03
2.929548587632129966e+03
2.359123532429000534e+03
1.738245773287248085e+03
1.043240458850477808e+03
4.202000670896871384e+02
6.275104874492375302e+02
3.695508096711836856e+02
7.294261123388218948e+02
5.141805419044707151e+02
4.527353966694148539e+02
-1.012577877870866558e+02
2.725236872226021134e+01
4.863416871469675584e+02
-2.862301645975219344e+02
-1.049187465021900749e+02
-1.427727594843279633e+02
2.148684731463704338e+02
2.941943819937216631e+02
1.772807751753946803e+01
5.623877818745654622e+02
1.445814761724501274e+01
3.436047777557980112e+02
1.829562259829077959e+02
3.608240023505775866e+02
6.531812004686729551e+02
4.780011577572954593e+02
5.744956653317950668e+02
7.289491072060268380e+02
9.187781496868349222e+02
1.133481542008724318e+03
2.144382787955928052e+03
2.746227365447713964e+03
3.437047493960873908e+03
4.056575014642531642e+03
4.642020346124732896e+03
5.771586815091584867e+03
6.312958551149475170e+03
6.855273429910997947e+03
7.389207011020493155e+03
