6.635633596688267062e+03
7.184578586350143269e+03
6.807886444543690232e+03
7.213636348236621416e+03
7.322939814420030416e+03
6.227109236017197873e+03
5.533002673007733392e+03
4.986566539680175083e+03
4.268059808231481838e+03
2.937582292189201326e+03
2.292035604285299542e+03
1.435739191604557391e+03
1.274841866944333788e+03
1.019013972826072632e+03
1.214617497739314103e+03
6.513924014559642046e+02
3.746749020503364136e+02
6.816957009932768869e+02
4.039264559684891083e+02
4.618481643771880840e+02
2.873102635182218592e+02
4.918795043280881032e+02
-9.339690471241677017e+01
-5.088801399006305815e+01
1.008522721557807813e+02
1.983351821789040415e+01
3.130032933383591285e+02
2.529800868786175272e+01
1.675359200752298534e+02
6.659879669153630743e+01
1.904749249703437215e+02
5.628508153290383689e+02
3.757557116003582820e+01
3.614355639860407905e+02
3.668479292557588565e+02
4.251334447567841721e+02
4.392345482075350560e+02
1.046241666585262237e+03
1.446690089978746073e+03
1.878729787049137940e+03
2.214054923719845192e+03
3.556869646632249896e+03
4.189654351781601690e+03
5.018443742566007131e+03
5.505146849692352589e+03
7.087737694983136862e+03
6.990260826915668076e+03
7.459151848069923290e+03
