5.245059581051090163e+02
2.230624033056799078e+02
-3.448826032111857103e+02
-5.231307750384770543e+02
-2.901298616687540743e+02
4.105748785076323202e+02
7.014976569443679182e+02
1.818382256049016178e+03
2.613230734442736320e+03
3.180843938682910448e+03
3.895691893700041874e+03
4.586697316485438932e+03
4.789218871508350276e+03
5.500937432509954306e+03
5.305098482315537694e+03
5.647619598936437797e+03
5.536350943362446742e+03
5.837394367816946215e+03
5.497119233215717031e+03
5.634202947533663973e+03
5.371751433929864106e+03
5.589498128254926996e+03
5.532374679812080103e+03
6.067032138640684934e+03
5.950186708605660897e+03
5.537197357466643552e+03
6.253864780414239249e+03
5.742623202022510668e+03
5.924665898022034526e+03
5.757808946797539647e+03
5.814967897564741179e+03
5.518794785655634769e+03
5.813688826850978330e+03
6.157942617262900967e+03
5.731534628366428478e+03
5.072643003549997957e+03
5.508236204038021242e+03
4.971908727155010638e+03
4.873006701568632707e+03
4.422659502270894336e+03
3.638824273604657719e+03
3.220385576489233245e+03
2.133054387474023315e+03
1.559054818107660140e+03
1.113664353495249316e+03
5.334480354469000076e+02
8.465205463324717527e+01
4.088048813047375347e+02
