6.949299315283823262e+02
-3.592593483208445946e+02
-5.097948533399119242e+02
-7.567566969094456226e+02
1.351699066231806796e+02
7.957110604186416367e+02
1.158088778029731884e+03
1.953834828063742862e+03
2.807932215907821046e+03
3.445549066319505073e+03
4.243922567022842486e+03
5.233631039104072443e+03
5.579440272485407149e+03
5.820350537588324187e+03
5.444043992265905217e+03
6.008983727310645008e+03
6.189757647339706637e+03
5.908307873782921888e+03
6.302942314739101676e+03
6.208962061809770603e+03
5.760990158751714262e+03
5.944381702002324346e+03
6.102738174552022429e+03
6.717394889190317372e+03
6.287998423986461603e+03
6.222737703930733005e+03
6.171422511284655229e+03
6.032631514945075651e+03
6.109832976404115470e+03
6.024922878301954370e+03
5.914643156974540034e+03
6.359330609034517693e+03
6.556846945369370587e+03
6.243563259944631682e+03
6.175656403822727953e+03
5.815947549333526695e+03
5.666405299063771963e+03
5.446240657063699473e+03
5.298911708679938783e+03
4.883085278582146202e+03
3.852452589530368641e+03
3.505961857358048292e+03
2.865788786764277575e+03
1.347451615669786406e+03
1.100564742341646024e+03
8.061126374807911361e+02
3.722363446152724578e+02
1.499921059967470782e+01
