8.332642650329788012e+03
7.533462821853489004e+03
7.088049836280319141e+03
7.837378616836648689e+03
7.065604553364442836e+03
6.983317289490983967e+03
7.265308707631386824e+03
4.650615825500314713e+03
3.877872184697430384e+03
3.145901709405112797e+03
2.098551954202557226e+03
1.779283714586177439e+03
1.178507604731711126e+03
1.677910594231837422e+03
5.107610781649748901e+02
2.402019457901180033e+02
5.778033285352593111e+02
3.860522501039537246e+02
6.654835470618866111e+02
2.226918372570270037e+02
2.541837430080838942e+02
1.771205220305062937e+02
2.539392349248001040e+02
5.289714559343462952e+01
-1.104710980573139238e+02
-4.989499695149490321e+01
-2.514552780783229746e+00
1.768088788078186155e+02
2.988372971005930481e+02
1.745365303816920175e+02
3.955394460384712829e+02
2.832316562352424398e+02
6.608336493393684350e+02
8.197526765508595190e+02
2.859591187237953704e+02
5.918645136433690368e+02
5.219759515623595689e+02
1.197609892756580848e+03
1.340773010687858005e+03
1.892581455896033276e+03
3.561791117761693386e+03
3.555520685935180609e+03
4.334514578529414393e+03
5.335657396819674432e+03
6.584771824741940691e+03
6.746744166752647288e+03
7.925547782266619834e+03
7.300400907287760674e+03
