4.146855428673744655e+02
5.217158300331448828e+01
-3.462467121385415680e+02
-1.589745547320184187e+02
-3.564927112796937081e+02
3.948568522795589502e+02
1.274062892896251924e+03
2.270967927153522851e+03
2.888815178116476091e+03
3.438642840549942775e+03
4.330845344317143827e+03
4.839054315697270795e+03
5.111456895484498091e+03
5.675249974866554112e+03
5.808977153441477640e+03
5.731589546947811868e+03
6.209737745595492925e+03
5.610930729531021825e+03
5.969434452977387991e+03
6.112704811945296569e+03
6.254803417107625137e+03
5.972397539877107192e+03
6.013424888558387465e+03
6.253496602835381054e+03
6.354855963460442581e+03
6.039856172408512066e+03
6.100254582685812238e+03
6.337673812393030857e+03
6.228341400009484460e+03
5.879713225596769917e+03
6.090423941053275485e+03
6.387369453329784847e+03
5.977445983701111800e+03
6.489742652999944767e+03
6.217610528475156570e+03
5.782727048316158289e+03
5.702620205606322088e+03
5.572489363890530512e+03
4.937155675213143695e+03
4.645657605792678623e+03
3.966457132644282410e+03
3.308449674892702205e+03
2.498065006970844024e+03
1.906280803882954615e+03
1.152234324589411472e+03
3.535523564444252997e+02
2.779178971787021055e+02
1.369546782864233876e+02
