6.364626261266397705e+03
6.809039242559911145e+03
7.926082512528748339e+03
7.270296400040482695e+03
7.095264645366601144e+03
6.460603432594278274e+03
5.566278653316499913e+03
4.613558244561748324e+03
4.127251397357445967e+03
3.160554154671932338e+03
2.393284535068139576e+03
1.768842518452369404e+03
1.187141367015366541e+03
6.860603999178753156e+02
4.355895233952827539e+02
7.135210770283707689e+02
5.754116923181663878e+02
3.997620918142162623e+02
2.047096329119294467e+02
-6.285435456873083382e+01
5.258875374697865936e+02
2.723636079735078965e+02
-1.652150042720825596e+01
-5.595348540388542347e+01
1.239566771765854583e+02
5.412686928329218290e+02
-8.176421001955315182e-01
-1.347167090792098634e+02
-4.885160470915656106e+01
4.884528410481543119e+02
2.361239633588285187e+02
2.111699931114075355e+02
1.591202570893057953e+02
2.511515133629784771e+02
3.079622411949914635e+02
3.318045158155015883e+02
7.639346753411069813e+02
8.992751823250606549e+02
1.116807110628749797e+03
1.852069844408928020e+03
2.706334247016202426e+03
3.450654856488987662e+03
3.701258303223338316e+03
5.019805478563454017e+03
6.023882902579472102e+03
6.442463631754166272e+03
6.972088432741719771e+03
6.649969015586314526e+03
