-1.803952133057121614e+02
-1.984943015408488804e+02
-2.612549854229389439e+02
1.104495634961379125e+02
-7.710508096177449922e+00
5.374054448695383144e+02
9.894104996978666122e+02
1.692156730044112464e+03
2.649883515848956449e+03
3.511854891957679229e+03
4.413775544881186761e+03
4.776111623090397188e+03
5.302727206675230263e+03
5.665081438110472845e+03
5.648826839460678457e+03
6.010580913009563119e+03
6.049782694296354748e+03
5.659025820167631537e+03
6.004913129841196678e+03
5.842993313332895013e+03
5.749396340912510823e+03
6.236905919528382583e+03
6.452782064919298136e+03
6.278798756660680738e+03
6.443459041463031099e+03
6.372598193818116670e+03
6.004925072157705472e+03
5.986399678565044269e+03
5.779202138908332927e+03
6.106535105427966300e+03
5.959403509900500467e+03
5.976524575921673204e+03
5.970232788066483408e+03
5.927105843518800611e+03
6.312738136204450711e+03
5.247335626332160246e+03
5.912463541638258903e+03
5.601012963579288225e+03
5.204854943902622836e+03
4.390917192050505946e+03
3.865329057995763378e+03
3.420471953111607490e+03
2.119662197731507604e+03
1.731116890152256474e+03
1.517311903351444471e+03
6.459560137692167245e+02
3.164480828046700367e+02
-3.220561120390452743e+02
