3.905180654792062001e+02
-1.551326364291268476e+02
-4.122227144408532240e+02
-2.023417777529055570e+02
3.800830987500540914e+01
3.411707532686740478e+02
1.262204232405080802e+03
2.194692677043061849e+03
2.456704873877413320e+03
3.987246655853594348e+03
4.463299616164360486e+03
4.888891732239098928e+03
5.188733636064169332e+03
5.652739208252606659e+03
6.180894863388201884e+03
6.397015855573463341e+03
6.329432657186348479e+03
6.084397524208687173e+03
5.942924772641826166e+03
6.091414549026913846e+03
6.007506318919124169e+03
6.153053855019156799e+03
6.516293467407916069e+03
6.395418494003812157e+03
6.051946378324048055e+03
6.370330598029028806e+03
6.809515741448627523e+03
6.412604261958620555e+03
6.266894616378866885e+03
6.409212914984311283e+03
6.421491961223740873e+03
6.214644778164823947e+03
6.442079622034406384e+03
6.730608870043222851e+03
5.904304537640214221e+03
6.324642407339455531e+03
6.077442997289767845e+03
6.058446642678887656e+03
5.510988786552115016e+03
4.990013523157172131e+03
3.651427291283786417e+03
3.691723443739856066e+03
2.871518428293691159e+03
1.973058857270710632e+03
1.449245695538568953e+03
8.185195888624512008e+02
3.080638839372882671e+02
1.612485740335067419e+02
