6.015005406759346442e+03
6.875740091740767639e+03
6.415131311929318144e+03
6.807966984816592230e+03
6.773731747458438804e+03
6.001899502093338015e+03
5.367618666142104303e+03
4.385776720528920123e+03
3.722471513369621789e+03
2.857280993139816474e+03
2.055537166517389778e+03
1.404622712772864588e+03
1.066393055962674225e+03
8.503708530215521932e+02
1.106579540363654132e+03
3.818260513423655880e+02
4.006489474020536363e+02
8.582977098104554443e+02
6.470557135064508429e+02
2.743995774871954154e+02
4.443681023040139735e+02
7.892687733036790121e+01
2.203245903446318437e+02
2.808147278667947830e+02
-1.093958212095784148e+02
-1.225297152429923386e+02
1.794027089368755981e+02
3.082694491269587047e+02
3.231854260484798829e+02
6.095082892400769197e+02
-1.050904590450991094e+02
5.355155112726553170e+02
2.503843527774685924e+02
1.540357849749353534e+02
4.134260121625104034e+02
5.227214587694249985e+02
6.847705631569577918e+02
7.725702353977662824e+02
1.346387607695547104e+03
1.787781646257518560e+03
2.585091377541456495e+03
3.207596776653267625e+03
3.812318279053143215e+03
4.831845664885209771e+03
5.569709413160632721e+03
6.141452671152106632e+03
6.107093152070970973e+03
6.627239813368317300e+03
