5.772408834947988225e+02
-3.760686157694543681e+02
-8.672876500208233210e+02
-3.659235731261559295e+02
6.571051443571694790e+02
3.749338110644689550e+02
7.108652992170586913e+02
2.144952866045204701e+03
2.601237638497728767e+03
3.486662927565632799e+03
4.371601870221547870e+03
4.772725706685126170e+03
5.237720355590409781e+03
5.141986043877706834e+03
5.337293912408907090e+03
5.577397253593408095e+03
5.854334246763540250e+03
5.858980325067336707e+03
5.468238102275541678e+03
6.081027747038294365e+03
5.917670083875841556e+03
6.161752987399745507e+03
5.669647358673459166e+03
6.273594318059351281e+03
6.217638965814631774e+03
6.321862174861221320e+03
6.238046571603389566e+03
6.169186434621514309e+03
5.711978110860650304e+03
6.163037883425768086e+03
5.939723034312993150e+03
5.762070729496947024e+03
5.807152294497736875e+03
5.984644285700596811e+03
5.678423673433485419e+03
5.928216182637931524e+03
5.547661936254157808e+03
5.347119735275807216e+03
5.153610139361950132e+03
4.277526947786854180e+03
3.971275826788523773e+03
3.143763600661163309e+03
2.157398126544448132e+03
1.705658981098595632e+03
8.369305177289462563e+02
4.932182336205618753e+02
5.037046229405223130e+02
1.214996586571375659e+01
