5.854385260601502523e+03
6.450691022788901137e+03
7.041986901611230678e+03
7.232464390329924754e+03
7.075172790712626011e+03
6.389985244929704095e+03
5.208688928228882105e+03
4.802748208134152264e+03
3.796251653979956700e+03
3.063870410988049116e+03
1.946536320650429388e+03
1.489328968045605052e+03
1.125985153735453650e+03
9.044364707463115565e+02
7.618737885081235390e+02
5.838031687487372210e+02
5.079941652301507133e+02
2.167631048261574733e+02
3.037057912685301062e+02
5.365570905363173893e+01
3.112732219217655256e+02
2.582141605151244903e+02
-1.747308704304157345e+01
2.988793091057585229e+02
-1.324670457691073580e+02
-1.176111822510396507e+02
-9.353112822974633644e+00
3.461343480206282379e+02
-2.290241784896266779e+02
1.449000384516430131e+02
4.776040558978484682e+02
1.479679209698402644e+02
4.013096164437584434e+02
5.733351851007201958e+02
5.661911876513007655e+02
6.798551896126754173e+02
5.473932793706642315e+02
7.532216640737241278e+02
1.424689571341089049e+03
1.459737374035777975e+03
2.225094920983849534e+03
3.166787005194228186e+03
4.379305955000798349e+03
5.183537771581504785e+03
5.355689748576419333e+03
6.170022847656851809e+03
6.377172480049383921e+03
6.427063224208666725e+03
