4.163034301076672250e+02
4.247123379864520416e+02
-2.181745673567432107e+02
-8.507794291207990227e+02
-2.787149168522187210e+02
5.066531452356391583e+02
1.232181225897859576e+03
1.348020169395042558e+03
2.547115306507105743e+03
3.270461859147331779e+03
3.981576744804092414e+03
4.828985169958390543e+03
5.331718033020824805e+03
5.729584528258444152e+03
5.887099147770115451e+03
5.970311715273509435e+03
6.013750825053322842e+03
5.739851596783089008e+03
6.073586367085068559e+03
6.015981035713468373e+03
6.130446274183175774e+03
6.082606353211895112e+03
6.187093219229228453e+03
6.146004378895281661e+03
6.352717709590755476e+03
6.014649356134422305e+03
6.444710397148807715e+03
6.078787430387521454e+03
6.187421721008157874e+03
6.215044109807843597e+03
6.188287921087690847e+03
6.007057146682541315e+03
5.913455342351413492e+03
5.833078066330298498e+03
5.839687806736615130e+03
5.842217236078513452e+03
5.686101581815859390e+03
5.569793573627413934e+03
4.896480870588840844e+03
4.762908730230681613e+03
3.660455894370836177e+03
2.827752862438846932e+03
2.316940286979414395e+03
1.681484645108717359e+03
1.305776687629072967e+03
4.083171725772392051e+02
4.074779533063057357e+01
4.369207085247858231e+02
