6.760529416877858239e+03
6.706628299539928776e+03
7.755611145843035047e+03
7.063891024882119382e+03
6.548595464101400466e+03
6.437418767227154603e+03
5.777516374651851038e+03
4.675689662823354411e+03
4.004569524781856671e+03
3.039941932107235061e+03
2.334063464503727573e+03
1.650307629311763776e+03
1.216280415753172065e+03
9.562025358079420130e+02
1.759765340982759199e+02
1.985233060970922168e+02
3.580625365634089690e+02
1.402644057722120579e+02
9.057866116911769439e+01
2.274815615027510773e+02
4.114252062507789560e+02
-1.042820385835593839e+02
1.012524771571722795e+02
3.213353417255468685e+02
-2.686451477986500080e+01
1.963367407274768652e+02
-6.913900849230137169e+01
1.108104652714181242e+02
-2.392133748293085915e+01
3.222103652325655503e+02
1.512554099233174156e+02
2.472731324102522024e+02
1.127145524981475830e+02
1.921688147300618255e+02
3.808230906929927073e+02
9.207125763562835346e+02
9.731555039136031837e+02
7.328252283531749072e+02
1.597371156448469947e+03
1.993545495253258650e+03
2.529904816727106663e+03
3.020430368044812894e+03
4.452623537097016197e+03
4.968188778141797229e+03
5.527484777216517614e+03
5.803192371744533375e+03
6.363199446088458899e+03
6.388314223727760691e+03
