6.206819871975711976e+03
7.388908245417926082e+03
7.044843821313057560e+03
7.472888823796091856e+03
6.761178833181529626e+03
6.359188167953941047e+03
5.683372054083828516e+03
4.881614839636931720e+03
3.706612164257124732e+03
3.437099779127872353e+03
2.422335596565780179e+03
1.913049265025686282e+03
1.077108062821246676e+03
8.870272754623825904e+02
1.259613034155060518e+02
3.452426406812558923e+01
1.910503977661511215e+02
7.022972994268537832e+02
4.433145814950834165e+02
8.249852583225135731e+02
4.406653536814340555e+02
2.893587178519075565e+02
7.451402997928978778e+01
-3.545351007228859999e+02
9.902770451589839240e+01
3.468533942487821946e+02
-5.706807001222885845e+01
4.246955128612095791e+02
5.602416773754511041e+02
6.630418000767615467e+02
1.441040903368354975e+02
3.828077147153897499e+02
6.593020858937681794e+01
1.193697044064417696e+02
6.595898315110857766e+02
4.370445358150318498e+02
5.629089407788446806e+02
1.374889195567849356e+03
1.437908098482246032e+03
2.155455518485255652e+03
2.559980082494215367e+03
3.405509423361393146e+03
3.866552088679954977e+03
4.875074126254204202e+03
5.412265447821294401e+03
5.987018686004478695e+03
6.428961428381223413e+03
6.589898343662573097e+03
