5.961443156373201418e+03
7.174889138968705993e+03
7.043374153010365262e+03
6.872827523849820864e+03
6.689474916123302137e+03
6.067160692667197509e+03
5.389307518351573890e+03
4.602206352577130019e+03
3.584915739761201166e+03
2.759071443822527272e+03
2.248347671908588836e+03
1.544959592672653343e+03
9.933872501633885577e+02
8.238778305049339679e+02
3.404902655873166850e+02
3.927507411942951308e+02
3.465632473151872546e+02
4.648070907178610014e+02
2.120185845746068765e+02
2.635975704143983762e+02
2.142856965751771838e+02
-7.464384069731950433e+01
-8.393506436887211919e+01
1.874748732518148415e+02
-1.101884599491368277e+02
6.006777809428528769e+01
1.159508733664572446e+02
6.832404922452037681e+02
9.075133025195744096e+01
2.803293836657242650e+02
2.799515002619686470e+02
-3.814151404005665569e+01
4.288906108238910520e+02
2.594100728517739185e+02
4.477825174594966029e+02
4.698984403943005645e+02
2.368442723491807271e+02
8.098439633734584504e+02
1.536314355288656770e+03
1.924043491454739979e+03
2.502750023174772650e+03
2.965564866361027725e+03
3.935189902311777132e+03
4.962067260688666465e+03
5.461135209806021521e+03
6.048604359246321110e+03
6.258305425883378120e+03
6.469441973078806768e+03
