3.430016069560138021e+02
-1.852311868037319584e+02
-5.486373267054093503e+02
-2.176079304558951151e+02
-8.944763317727587548e+01
6.979224701862995062e+02
7.836843494808728110e+02
1.695392503317493265e+03
2.239894632807735434e+03
3.427186718561282760e+03
4.518320590612809610e+03
4.652861746845136622e+03
5.386058769757858499e+03
5.588116473752453203e+03
5.412607937649878295e+03
5.513638062180119960e+03
5.561830105603990887e+03
5.837569377346462716e+03
6.024704853912368890e+03
5.753953643510989423e+03
5.557362938989729628e+03
5.930524269244258903e+03
6.073205840893320783e+03
6.009381846328663414e+03
6.004589022219060098e+03
5.854401772586783409e+03
6.172420280013573574e+03
5.828437231583182438e+03
6.134616472169052940e+03
5.881437845115934579e+03
5.800371576171242850e+03
6.110906284288478673e+03
5.932757073224001033e+03
5.994638626749434479e+03
6.074676208326421147e+03
5.528658276311745794e+03
5.434457341902701955e+03
5.447845804563228739e+03
5.122625614877611952e+03
4.547022960735886954e+03
3.769175608182371434e+03
3.207801644723674599e+03
2.133487927221930477e+03
1.690261072469511419e+03
1.434915764257366845e+03
7.211310447704673834e+02
2.559408529954576181e+02
5.291981754692243385e+02
