4.720631596625826774e+02
-6.740300162141053875e+01
-4.405980595513462390e+02
-1.612221985178365458e+02
-1.835978767460949541e+02
3.807579767741078740e+02
8.366466879708395936e+02
1.836163097192439864e+03
2.894914519999912045e+03
3.476560792366969963e+03
4.074393013968222022e+03
4.830169618283052841e+03
5.334042035366932396e+03
5.565120736412473889e+03
5.799998607003905818e+03
5.328402495576314323e+03
5.360836355652968450e+03
5.906833084732294083e+03
5.744784875394983828e+03
5.915035120906191878e+03
5.638522692318539157e+03
6.139813403351780835e+03
6.304937845960448612e+03
6.087886424001642808e+03
6.084213831861196923e+03
6.237615598048493666e+03
6.085327833280169216e+03
6.004062127865571711e+03
5.782448857844617123e+03
5.944285145233933690e+03
6.000374711712610406e+03
5.747244847495388058e+03
5.767039827761450397e+03
5.418568647622702883e+03
5.757404967911356835e+03
5.811149179355074921e+03
5.736938197672118804e+03
5.415861320431147760e+03
4.592698431835197880e+03
4.596908282143048382e+03
3.623573712183937005e+03
3.480630260903152703e+03
2.358301731847621340e+03
2.048886163825225140e+03
1.139191428478819489e+03
1.625881243735930184e+02
1.001089242267224790e+02
-6.253231883321753060e+01
