3.265394014376987002e+02
3.841704834506392530e+01
1.922868671174347526e+02
-3.065608848943236922e+02
-6.889377104817185682e+02
4.382552784758412940e+02
1.368347644223198131e+03
2.146442898206732480e+03
3.264815137303217853e+03
3.624752930203211235e+03
4.374893046947482617e+03
5.074218749862740879e+03
5.358909362244835393e+03
5.675388972563120660e+03
5.664678838975017243e+03
5.874204097297038970e+03
6.016191144079086371e+03
6.072039458783252485e+03
6.007110388610448354e+03
6.121601450504602326e+03
6.235453864840038477e+03
6.243623380163184265e+03
6.729376306852939706e+03
6.377393243109549985e+03
5.945642056806557775e+03
6.146643262764737301e+03
6.473491853523666578e+03
6.243766854191027960e+03
6.754207838376260952e+03
6.447512414135240761e+03
5.980400619594109230e+03
6.031109924015719116e+03
6.417995010776814524e+03
6.448056255873615555e+03
6.290642984727525800e+03
6.028261284139883173e+03
5.937333897605719358e+03
5.477440929259273616e+03
5.240347713427761846e+03
4.852028304849181950e+03
4.273287180023628935e+03
3.395937629041114178e+03
2.540024055953869720e+03
1.399804421712355179e+03
8.141807481510689968e+02
-4.875107499375771880e+01
8.412682601846118757e+01
3.437709020263700381e+02
