5.069901073801572693e+02
3.780879109863895451e+02
-3.097002858787580521e+02
-7.371191168050297620e+02
-3.903268961552333280e+02
5.520682804724706330e+02
1.117385775353254076e+03
2.123769804423224286e+03
2.582468839051456143e+03
3.998781405731124778e+03
4.496541106747162303e+03
5.481296107460778330e+03
5.587911501073311229e+03
6.181475435772669698e+03
6.203478676912421179e+03
6.269458613953927852e+03
6.404076922028191802e+03
6.442371850911715228e+03
6.206063603547375351e+03
6.282494339872256205e+03
6.305244226756030002e+03
6.470953258897232445e+03
6.341449455898507949e+03
6.228165793300469886e+03
6.521523108580551707e+03
6.632334356328970898e+03
6.613214775075382022e+03
6.382777467298536067e+03
6.514032530945572034e+03
6.467070675775187738e+03
6.661463943613234733e+03
6.370360883020982328e+03
6.469498487930011834e+03
6.232834863534507349e+03
6.155936080446295819e+03
6.446273246027133609e+03
5.903650748147482773e+03
5.855080696051350060e+03
5.567068791169777796e+03
4.996900180167425788e+03
4.729139541096469657e+03
3.604114027894966057e+03
3.001253668851391012e+03
2.283220943857761085e+03
1.171997694942599765e+03
8.240167273772225371e+02
6.164432747546079554e+02
6.042729907108998759e+02
