6.741147362604891896e+03
8.054180510191357826e+03
9.146619812698585520e+03
7.254474733288887364e+03
8.082287577038459858e+03
7.262761595834143009e+03
5.871510061567732009e+03
4.382706184985230720e+03
4.336663917329298783e+03
3.717136288221407995e+03
2.286773494798503179e+03
2.587127577694929187e+03
2.787635353546223541e+03
2.503479905345140651e+03
1.123834708314433328e+03
8.281161398061281034e+02
3.884247589995522958e+02
4.927880009262430008e+02
5.038068980468871700e+02
4.327993971971039855e+02
5.539000992125814946e+02
9.506215106072193066e+01
1.124200453702591744e+02
3.445489459188105030e+01
-5.022628917609723231e+01
2.301964567080962354e+02
2.918118650995509142e+02
4.094156195944734691e+02
4.875642684896525907e+02
4.581424155317446321e+02
2.329572519052983068e+02
1.185734224181760368e+02
1.547066492009381307e+02
3.180314007823317297e+02
4.098645576534631800e+02
6.635741314936971094e+02
6.294073608240527165e+02
1.455319324111810374e+03
1.260998464580729660e+03
2.148700717729276676e+03
3.229619689807182567e+03
3.807617690026957916e+03
3.831785977836338589e+03
5.310870732445310750e+03
7.114655168342575053e+03
5.881002418184090857e+03
6.787560209093942831e+03
7.251697735564975119e+03
