6.215375849014568303e+03
6.349826497475865835e+03
7.060792058189873387e+03
7.086496887611660895e+03
6.874489057125178078e+03
6.119743962687609383e+03
5.279027431784256805e+03
5.084760661731319487e+03
4.110730819051845174e+03
2.606732356939361580e+03
2.258259908776622979e+03
1.381461715583650175e+03
1.025918131842502589e+03
6.593235693076965163e+02
7.703925127828821360e+02
4.074051352586117218e+02
5.088439816348888485e+02
4.040163714785404636e+02
2.782263591947741475e+02
3.184572573207430537e+02
2.051160306811260057e+02
9.918163246403914002e+01
2.773881171386976803e+02
-4.369556895860399237e+01
-1.646304585132368175e+02
-1.677255495335050384e+01
4.824377983291321925e+01
-1.342718528208729545e+01
2.124339421061814619e+02
2.482551403125958416e+02
3.242497944060758073e+02
3.057998405521759651e+02
8.736365609601556059e+01
9.561588317524297054e+01
6.302833276965695859e+02
4.534023912770456377e+02
5.815911584171601589e+02
9.660846522863779455e+02
1.297785913997829311e+03
1.929402380167486854e+03
2.665630387278148191e+03
3.047104497525742318e+03
4.449312800999120554e+03
4.610323733679836550e+03
5.851445791345318867e+03
6.351611022534883887e+03
6.621139773212838008e+03
6.455674530531814526e+03
