7.083145289382064220e+03
7.518464031244806392e+03
7.662586271790957653e+03
7.503890360035310550e+03
6.836228960599546554e+03
7.732609215705059796e+03
5.843812227299898041e+03
5.688974215312274282e+03
4.640416037241074264e+03
3.659194376625028781e+03
2.805273596688539328e+03
1.815678631391311455e+03
1.475261309416509221e+03
1.499423157099937725e+03
5.124543478318746565e+02
5.243342261140637675e+02
5.533562299267964590e+02
4.732541166981242213e+02
2.499138556997750982e+02
7.106190535136597646e+02
6.981142786392287007e+02
-1.965886240562472409e+01
1.464022806242749652e+02
1.953671541852443383e+01
3.726553527677990019e+02
7.771840203474154407e+01
-3.744048210587378662e+02
1.912310867004365775e+02
1.405724717217383386e+02
1.182704768265188022e+02
3.381643248218935582e+02
4.344552228176528956e+02
1.933790296336277947e+02
2.616259057710146330e+00
3.999221140189225707e+02
2.829341430119663983e+02
8.814344445635841794e+02
9.740669602832222154e+02
1.267533168524748362e+03
2.969223498702415327e+03
3.210540633437421548e+03
3.421330663943057971e+03
4.246807578920769629e+03
4.750903196059700349e+03
6.203102509909392211e+03
7.694232521923936474e+03
6.680021964105116240e+03
8.389901833931930014e+03
