5.600342005989029985e+02
1.444958489451791763e+02
-2.512974886374840651e+02
-4.858697483308910705e+02
-2.458127135591493868e+02
2.784499009834472076e+02
1.316639656707992572e+03
2.073384134741851540e+03
2.963807626084875665e+03
3.514833652520400392e+03
4.309229771773369066e+03
5.156827360606676848e+03
5.318428933522820444e+03
5.845695609048288134e+03
6.472260695764067350e+03
6.203526952013827213e+03
6.347022038886298105e+03
6.175839264849596475e+03
6.423497751087682445e+03
6.243153045935260707e+03
6.290593211839156538e+03
6.197593999548839747e+03
6.360990664311965702e+03
6.528139176276055878e+03
6.755854068689892301e+03
6.607323065118534032e+03
6.457340204027066648e+03
6.486820664919679984e+03
6.564945489833844476e+03
6.630479843420379439e+03
6.420708790996044627e+03
6.263746421736988850e+03
6.386129220652170261e+03
6.313621732235407762e+03
5.756081281450182360e+03
6.018754133230936532e+03
6.095225939067123363e+03
5.720261904738684279e+03
5.600424048649073484e+03
4.704940481979194374e+03
4.245387161923943495e+03
3.220358490168096068e+03
2.621047581840281509e+03
1.885378404643532804e+03
1.277974473748457740e+03
9.857793728444828503e+02
4.659582018279895692e+02
1.276756999316647381e+02
