7.434192673285318051e+03
9.828749404126785521e+03
7.833837370405662114e+03
9.327487601089214877e+03
7.129986752819191679e+03
6.357656721384038065e+03
6.287755560797169892e+03
5.389959846363067300e+03
4.309546136958138959e+03
2.639138215091975326e+03
2.246402479475851123e+03
1.753272013486076730e+03
1.630867988573958428e+03
7.860475749583580409e+02
6.581740671519438592e+02
7.310745347730172625e+02
4.357048308302012742e+02
5.143165106751904432e+02
8.113543090656654613e+02
4.584363882446844514e+02
8.336522733950004067e+02
-2.027654474989738631e+01
3.607413224892705443e+02
1.839235045029194850e+02
-4.760137271051633689e+01
-3.165602977739275659e+01
-1.866709591954123937e+02
5.797972257055388354e+02
-2.645513519859378562e+02
-2.091867651417598784e-01
2.278949233479054612e+02
8.521370992338353290e+02
5.369105427519924660e+02
5.790765759537140411e+02
8.994445428873477795e+02
8.787715632690570828e+02
7.542350507677498399e+02
1.585027484490490224e+03
1.813497649892895424e+03
1.993427381662241942e+03
3.724862800866379075e+03
3.302137404497520038e+03
4.888974357214940937e+03
4.929656188581452625e+03
7.018867796376474871e+03
7.216489211833088120e+03
7.707309385055327766e+03
9.781760208134759523e+03
