6.126786308328825726e+03
6.579404164397034037e+03
7.079158937005318876e+03
7.346216270435210390e+03
6.653992776844213950e+03
6.125468361059663948e+03
5.800392259986799218e+03
5.095023693763996562e+03
4.198026200970974969e+03
2.959940401940385527e+03
2.163629211110554024e+03
1.556088868387646471e+03
9.984170001642341958e+02
8.693139508074143578e+02
4.501182402086791967e+02
2.227126396649550202e+02
1.850144518258207142e+02
3.271680468640260528e+02
4.480133753614604757e+02
3.355939990853772201e+02
2.859124399003956682e+02
-1.497111407361948068e+02
8.727478990541898796e+00
2.417678864878337208e+02
-3.642029329800666204e+01
1.631370119457948533e+02
-2.231969397199695848e+01
1.784758441282150727e+02
2.280691449131945774e+02
8.583691140400565018e+02
2.941718349733747004e+02
5.666658089446692657e+02
2.650991708764719306e+02
3.253555972217060912e+02
2.320799928395087193e+02
6.733995236831457305e+02
3.002488566251626594e+02
8.292602805234373591e+02
1.244481729109914795e+03
2.057088123359996189e+03
2.636854880011068872e+03
3.518864172935394436e+03
4.188264399871211026e+03
5.167277533116033737e+03
5.407446236713625694e+03
5.549188630083006501e+03
6.522795632198502972e+03
6.276106784532615166e+03
