6.447828149268499374e+02
-2.991324920594246919e+02
-4.980869085961852534e+02
-2.317108794548904314e+02
-1.094761208784043589e+02
4.936235860620546987e+02
1.223352719729262844e+03
1.849948038411177095e+03
2.718575376101488473e+03
3.605400569005060788e+03
4.401649170804873393e+03
4.941583211115031190e+03
5.365415812435019689e+03
6.047580180009254036e+03
5.753905320683746140e+03
6.404692935704905722e+03
5.939790666104889169e+03
6.123399316032875504e+03
5.940317304045563105e+03
6.036202990902887905e+03
6.238069700328475847e+03
6.163443312646865706e+03
6.144597593712610433e+03
6.411675118257354370e+03
6.205089523943493077e+03
6.467213244097974894e+03
6.794863728458874903e+03
6.251947317812770962e+03
6.263976748127970495e+03
6.034761917795117370e+03
5.811570016831239627e+03
6.057114852228098243e+03
5.990760308473278201e+03
6.133850133986917172e+03
5.781059198017278504e+03
5.975853750091608163e+03
5.938681523959834522e+03
5.498448423534587164e+03
5.117038948014515881e+03
4.778616324847456781e+03
3.645246872892479587e+03
3.383317399594017388e+03
2.593609161781515468e+03
1.700565616008592315e+03
8.376071554364168605e+02
1.514701779430370152e+02
2.691243685471340541e+01
-2.679566693379704816e+02
