5.818647888117528055e+03
6.715329312330993162e+03
6.931582512058943394e+03
6.566812007276302211e+03
6.686666179398518580e+03
6.035376653764480579e+03
5.599810254852605794e+03
4.269131071333181353e+03
3.754642494054975032e+03
2.791897996481141945e+03
2.168373464533830429e+03
1.461728576821805746e+03
1.014164571039793941e+03
8.885734845529923405e+02
2.170018843873969843e+02
3.736368774849553347e+02
4.907157690601540594e+02
5.822972044868528201e+02
3.874824562329254150e+02
1.857684722077553090e+02
4.229347866579272477e+02
-1.085010183914656210e+02
8.260857228213488668e+01
-6.597557723931772955e+01
-3.153355288958906613e+02
-1.562032899628249254e+02
1.231123420317258166e+02
-3.741648689046546110e+02
1.697685577757551414e+02
5.101911511762179998e+02
5.699524731740782499e+02
4.638118132188368463e+02
2.816927773982100121e+02
3.279535104375962078e+02
4.057314575555963643e+02
-1.574613822379583894e+02
4.839064559064887021e+02
6.704240250614114984e+02
1.534282300692134413e+03
1.476809455861816559e+03
2.439367878284133894e+03
3.078032848896440100e+03
4.335505131783794241e+03
4.823472339465296500e+03
5.446926196693962993e+03
6.134988413613329612e+03
6.438394610202718468e+03
6.379661377130111759e+03
