6.498948754057596489e+03
6.761862475741131675e+03
8.507167428199336427e+03
7.492948677461025000e+03
7.117474585871840645e+03
6.826877316917700227e+03
7.109993084594403626e+03
5.355872558213150114e+03
4.205219579128089208e+03
2.972056717483714692e+03
2.934625698071410170e+03
1.930332801729834500e+03
1.483976346670233397e+03
9.226701750303873268e+02
5.790859755546617862e+02
4.647836760929832280e+02
1.936530145198417756e+02
3.925967167980780346e+02
6.456317241381913163e+02
4.696869256526982781e+02
5.536642534249612027e+02
5.261021369529473759e+02
1.324302903119625228e+02
1.308428040560271484e+02
-2.959469125771187947e+01
-3.960923038840476806e+01
7.132523323842988816e+01
-8.480097006024230666e+00
4.322732404074808414e+02
1.486205200314931574e+02
3.020491763293654230e+02
5.919002898284356888e+02
5.186942524376610208e+02
8.852393838885559489e+02
8.408036850419784969e+02
1.080386142591541784e+03
5.495400271343120266e+02
8.989210252651322435e+02
1.294435469359453919e+03
1.865290995473490057e+03
2.935476668770970264e+03
3.932582850623295144e+03
3.895835513788445951e+03
6.144843377081947438e+03
6.110707012129599207e+03
6.290369912201428633e+03
6.794073283984142108e+03
7.211524193519897381e+03
