6.011585392750868778e+03
6.875566263906803215e+03
7.080935449250035163e+03
7.574260398747022009e+03
6.975929513443264113e+03
6.117220352997525879e+03
6.564188102185296884e+03
4.492693249043458309e+03
3.439050341499135357e+03
2.820168949506511581e+03
2.339280297147403871e+03
1.538506393360578613e+03
1.413594978187258448e+03
9.855933476183819266e+02
1.074560844572490851e+03
4.501755212380848548e+02
2.199965208929591256e+02
9.356465385851586234e+02
6.579750599641577935e+01
4.092683321917193666e+02
3.166855536322530185e+01
3.654988863814134561e+02
3.179161579454281537e+02
1.324069477916814606e+02
-3.073138528456767631e+02
1.964202831927721888e+02
-4.752178090171126712e+01
4.293196862864886754e+01
-1.051888455790434449e+02
1.974889865119715537e+01
3.376211096579395843e+01
3.765775816181770779e+02
8.728525027122297786e+01
3.519452529809997259e+02
7.900115033221023850e+02
5.410814339183049242e+02
7.425708166731249094e+02
1.543490485101065815e+03
1.560181622780338557e+03
1.666212389215690337e+03
2.529285390194421325e+03
3.335402061872890044e+03
3.981333228216984480e+03
5.010465584457800105e+03
5.929928522316929957e+03
6.475913162503034982e+03
6.981422062207758245e+03
7.073392658946124357e+03
