6.448829877118237164e+03
7.351429842009359163e+03
8.384039028910134220e+03
7.286309603635793792e+03
7.145709090905246740e+03
6.572389279621154856e+03
5.653999910745760644e+03
4.680838637025914977e+03
3.876311038320973694e+03
3.550526962333382926e+03
2.211852707579522303e+03
1.955597379368547990e+03
1.379747593685503489e+03
5.664678307363410568e+02
8.632517165804466686e+02
1.438738326986473623e+02
3.764559928562880486e+02
-7.239764480967177462e+01
4.358721737590935845e+02
1.674269645322457336e+02
1.801585811470150418e+02
4.207502021173643243e+02
4.559485379575718156e+01
1.443489197258138290e+02
3.850598365580590325e+02
1.521291170146930654e+02
1.850716285380831323e+02
-3.297273501896877406e+02
9.673031169226520376e+01
3.147079828065944298e+02
6.404765123509635032e+02
8.724430779177543727e+00
2.858640525987613614e+02
4.127035735802237468e+02
5.941333684610185628e+02
5.365571329190856886e+02
5.003720409268240132e+02
8.888307746785383188e+02
1.615047714009306446e+03
1.723499949903860625e+03
2.927257607000993630e+03
3.751802597168748889e+03
4.551209068096286501e+03
5.430794539629440806e+03
5.875609370603199750e+03
6.310111130948894242e+03
6.523055907623434905e+03
6.323581471269632857e+03
