2.203832356700113735e+02
1.541397781269954237e+02
-4.220676587366134527e+02
-4.403166825348792486e+02
1.759813520735706049e+01
4.702631922671310463e+02
8.490209348658316912e+02
1.893213279603738556e+03
2.550782314449990736e+03
3.574189586638497985e+03
4.538059023336897553e+03
4.405580679487145062e+03
5.040737179124275826e+03
5.410046991389636787e+03
5.713916929909891223e+03
5.650276256421959260e+03
5.576278620671903809e+03
5.864716208877631288e+03
5.804567958519670356e+03
5.724242678730378429e+03
5.940463516158266430e+03
5.941448316330344824e+03
6.013856952539961640e+03
6.093128800209774454e+03
6.226519765920674217e+03
6.071480754468798295e+03
6.075010669630818484e+03
6.020429917572713748e+03
6.100384852120998403e+03
6.173183149604841674e+03
6.093773742610973386e+03
5.645594255696331857e+03
5.831417868209638073e+03
5.582001642929985792e+03
5.823819776263190761e+03
5.732713563498165968e+03
5.452410093190468615e+03
5.148150183147110511e+03
4.743841582377466693e+03
4.676863398556290122e+03
3.874470967739151547e+03
3.049911822909663897e+03
2.445732143410000390e+03
1.821011047723068259e+03
1.227151671538705386e+03
2.456926416703737175e+02
3.744672436369532988e+02
-7.813457771132690688e+00
