2.222290792596010363e+02
8.668952339013048913e+02
-6.869145156791905720e+02
-7.830877428822707316e+02
2.192417096140017065e+02
1.616362357865484967e+02
1.582589471530111041e+03
2.040587923894410551e+03
2.434737323672540242e+03
3.390127507336128019e+03
4.274073716484575925e+03
4.637628682200290314e+03
5.392804482688051394e+03
5.109640578166917294e+03
5.125578281728960064e+03
5.309139188329152603e+03
5.505395160540696452e+03
5.480406971326299754e+03
5.274567263576113874e+03
5.761149573558598604e+03
5.937537555733486442e+03
5.426184416353044980e+03
5.740697069443060172e+03
5.713275728558905939e+03
5.943518788502088682e+03
5.978270702442286165e+03
6.071575843652373806e+03
5.860961860579221138e+03
5.608420109157972547e+03
6.025836680675414755e+03
5.684707763999643248e+03
5.613790745524531303e+03
5.489022616711519731e+03
5.969026598679500239e+03
5.639967990701740746e+03
5.448825928972655674e+03
5.536985157746304139e+03
5.204479255526326597e+03
4.873943290172490379e+03
4.342689200695222098e+03
3.876955974579004760e+03
2.511887853005963734e+03
2.532129922645680381e+03
1.695213684498571183e+03
1.589494740548163236e+03
1.053589027565719505e+02
3.766404807708822204e+02
2.604336349001139297e+02
