6.782818033746958463e+03
8.799300296229306696e+03
8.401029538957462137e+03
7.545917710890256785e+03
6.719988196667868579e+03
7.849115321970924015e+03
5.710476830773415713e+03
4.959013420579218291e+03
4.742974013815583930e+03
3.487947038353360767e+03
1.984085405165092652e+03
1.964668252460524627e+03
2.441378197988733973e+03
7.717424448348822352e+02
9.428545852687761908e+02
8.685102795461903042e+02
6.960651955103037380e+02
6.346244623472330204e+02
6.414628460512798256e+02
3.816225082773645454e+02
6.463226489246488882e+02
2.037151290167344087e+02
3.438260206271458514e+02
-1.572996709849099091e+02
-3.296638047880677647e+01
2.644144264151935317e+02
-1.724618202821554860e+02
-1.815826122572360362e+02
1.201470826933637142e+02
-9.337643895550550610e+01
3.680647917224239336e+02
1.662926851921969273e+02
6.361914878112488623e+02
1.944327939229852120e+02
1.338565164785031584e+03
9.298787229414123203e+02
9.525626349064144733e+02
8.743009338394622318e+02
1.395630039540506687e+03
1.898241738875457031e+03
3.076123679052140687e+03
4.433993723328984743e+03
5.173436801970539818e+03
7.067349486517528931e+03
7.714574173699403218e+03
7.551183032305433699e+03
7.669879099688120732e+03
7.319087813001652648e+03
