2.239254421605865844e+02
2.215221049377258566e+02
-4.617254936379072774e+02
6.686712775527966812e+01
-1.866471331276176500e+02
1.360579519119316103e+02
1.279943074302632340e+03
2.125376187148725876e+03
2.796961778517458242e+03
3.690360597350008902e+03
4.226612200303517966e+03
4.834242699809327860e+03
5.404603131395086166e+03
5.372672442668746044e+03
5.903294243481816011e+03
5.693584385300538088e+03
5.927077240876969881e+03
6.101758104441154501e+03
5.652461325446992305e+03
5.715894311539694172e+03
6.094933097839755646e+03
6.431288350730448656e+03
6.145856906168039131e+03
6.191918025541502175e+03
6.341626482495945311e+03
6.371309768980064291e+03
6.193889379757159986e+03
6.158258250359961494e+03
6.169990224792816662e+03
6.233748914420791152e+03
6.372071679603278426e+03
5.964814721315621682e+03
5.899711371931744907e+03
6.236159872885431469e+03
5.478122467850717840e+03
5.546430991767402702e+03
5.743734811380718384e+03
5.308481565291323932e+03
5.293638799927064611e+03
4.775068699877439030e+03
4.390981576786231926e+03
3.354004491631581459e+03
2.731630422348320735e+03
1.942252274795686844e+03
9.016368501110613352e+02
1.267639209651536930e+03
8.530773290622336162e+02
4.962903464832181726e+02
