5.881178084023142674e+02
4.099527479970247867e+01
-4.285871495523684302e+02
-4.167505248480091495e+02
-1.607085952870765482e+02
3.769331864854339642e+02
1.184305776382609110e+03
1.934744345197833354e+03
2.460235394817496399e+03
3.304695864739480839e+03
4.175676926496707893e+03
4.657529257614694870e+03
5.060511607499049205e+03
5.236061637469108973e+03
5.278087702567935594e+03
5.826676172835035686e+03
5.415451766128448071e+03
5.485577943560622771e+03
5.933093654865883764e+03
5.589101880442701258e+03
5.474453776269106129e+03
5.639595725852356736e+03
5.717110853799302276e+03
5.800788170829477167e+03
5.854956543330157729e+03
5.761677989871659520e+03
6.072865648383007283e+03
6.181528770971622180e+03
5.777322234415537423e+03
5.838908696931661325e+03
5.820696946933603613e+03
6.179636979567588241e+03
5.659005416530417278e+03
5.881997289520663799e+03
5.999891385472596085e+03
5.384110345226392383e+03
5.268084083946944702e+03
5.190364658541387143e+03
4.960391447094002615e+03
4.641410338790581591e+03
3.775431397146243853e+03
2.945140541823038802e+03
2.051402677520424277e+03
1.501940805612932536e+03
1.008137596384699918e+03
8.961169591378177302e+02
4.517573565482415887e+01
1.611300744487814143e+02
