6.880778713364759824e+03
7.357917093240821487e+03
8.207065060338984040e+03
7.243861296340321132e+03
6.988034074772461281e+03
6.295260344910188905e+03
5.394456086603214317e+03
4.670250694241915880e+03
4.059183527214023798e+03
3.266563407140986783e+03
2.366393044351109438e+03
1.967755863144932391e+03
1.008868243091466979e+03
7.239611184402700701e+02
6.814567343421308578e+02
3.934826952751450335e+02
6.709532155200827219e+02
6.725088731957704340e+02
6.927170897561876473e+02
3.387667147628567932e+02
2.728564251737483346e+02
2.371018477685951495e+02
2.486213660321714087e+02
2.311240992826956244e+02
-8.601060334288557385e+01
-1.639208974534792276e+02
1.874264527782042364e+02
-4.201416611744794416e+00
1.808495801964497929e+01
3.002571651048698413e+02
1.835626787425044029e+02
6.211154941093867876e+01
4.253500243415550699e+02
-1.877028513662238822e+02
3.925218524009691805e+02
7.544882156475706552e+02
5.342429338008947752e+02
9.036776835211103389e+02
1.300900433268484903e+03
2.403957934080851828e+03
2.628786222455948518e+03
3.693303462965055587e+03
4.195928433797241269e+03
4.825988140382987694e+03
6.095145967839986952e+03
7.189810151923652484e+03
6.736317965679037115e+03
7.013190074179505245e+03
