7.612456556296535382e+03
9.129682629845863630e+03
7.954296528797780411e+03
7.605286963862648008e+03
8.375516138669658176e+03
6.644521440349502882e+03
7.314328605587826132e+03
5.010553553833113256e+03
4.215881649909013504e+03
2.838943253842218382e+03
3.061553863816116518e+03
2.112910254360634099e+03
1.538623789434580658e+03
1.139289069513825552e+03
3.785340984591700817e+02
5.317183413443405016e+02
1.530240201131120514e+01
2.582060845694223303e+02
2.244779858023943007e+02
2.569406357199885065e+02
1.096100172506136516e+02
5.485089183896106988e+02
1.583131151892289665e+02
-2.712935595927366990e+02
-3.780914338713822644e+02
2.404571425093770927e+02
-2.325254621560370367e+02
-8.048505565956959629e+01
-2.616690383321869096e+00
9.005634837800566572e+01
3.902143902158688320e+02
1.789623791915279583e+02
1.399560665249584588e+02
7.269920510205654409e+02
6.988621075475804219e+02
7.925923531655213310e+02
9.402869284013962670e+02
9.766755141458619391e+02
1.366193350874965063e+03
1.940678412926714827e+03
2.891180402552367468e+03
3.985590549250252934e+03
4.745318966347140304e+03
5.102038866633703947e+03
5.567781418644498444e+03
7.477369345495111702e+03
7.611800268935396161e+03
7.301090145748399664e+03
