6.965082170357855830e+03
7.440213862816424808e+03
7.446627470973840900e+03
6.958986989463051032e+03
6.523444690422330495e+03
6.354925798618322915e+03
6.393208835207843549e+03
4.753139690945855364e+03
3.856034900229809864e+03
2.750507428131165398e+03
2.429122594126967215e+03
1.205184723181658910e+03
9.896909955496188331e+02
6.816126167134477782e+02
8.085635894224462845e+02
6.278537568622801928e+02
2.742615400486338331e+02
4.139905062469275663e+02
4.570992707501572454e+02
4.040899065720205385e+02
2.443063242424527743e+02
5.612407296337323714e+02
1.353087646854808099e+02
-2.198703746099037915e+02
-1.791061943105672754e+02
-7.701405016911262180e+01
-6.239800373804265519e+02
3.097831717545922174e+02
1.366357097170583472e+02
4.396448342414742001e+02
6.124827760839658595e+02
2.240223080827390163e+02
5.053308547663974792e+01
1.856772092223461073e+02
3.443270061964626052e+02
6.439580711020309991e+02
5.811290375260168730e+02
7.410867692112777831e+02
1.505766503723165442e+03
1.998814195707002455e+03
2.378099188437956855e+03
3.154117993893949006e+03
4.543052197103746948e+03
4.924874199343883447e+03
5.216369832332329679e+03
5.962946745244715203e+03
6.998144214165634367e+03
6.878959387500234698e+03
