2.804729006644425340e+02
-3.734713230502370038e+02
-4.058744060826278428e+02
-5.475536056510236449e+02
2.281034925536332310e+02
8.183229415658175867e+02
9.259106626071143182e+02
1.934592685060392341e+03
2.959048476491474958e+03
3.665610500453506120e+03
4.208965642701003162e+03
4.657844046102527500e+03
5.277981211133628676e+03
5.943849230716539751e+03
5.940694693510848083e+03
6.064357918594513649e+03
6.303774120453977048e+03
5.795252678518229004e+03
5.583207900326190611e+03
5.381728554294586502e+03
5.927806043571082228e+03
5.929265085856191945e+03
6.335399207927362113e+03
6.518759061710093192e+03
5.872113087176415320e+03
6.261088299831920267e+03
6.283451592332774453e+03
6.112502769322642962e+03
6.377632440824152582e+03
6.173685364934715835e+03
6.171035712311021598e+03
6.146594124091242520e+03
6.649040038878630185e+03
6.246700193055355157e+03
5.875035628820735838e+03
5.812657449035843456e+03
5.638472066244957205e+03
5.741245399832309886e+03
5.309828942863344309e+03
4.560128576360752049e+03
4.236610959649059623e+03
3.173810611713532580e+03
2.684671060536469668e+03
1.848431687244926707e+03
1.019692277027926934e+03
4.607041930339975266e+01
-2.445361359438171007e+02
3.555773296193684700e+02
