3.735658650981739015e+02
1.473204296328202076e+02
-3.800088553591547225e+02
-4.756413830963562077e+02
-9.755685468732924903e+01
4.323207984118437253e+02
1.731689581969652863e+03
2.189419511319917092e+03
2.678020466450904678e+03
3.395773336089177064e+03
4.192967409747793681e+03
5.049034414628583363e+03
5.045538974942434834e+03
5.747422641635482250e+03
5.876046051068921770e+03
5.815040531004241529e+03
6.195222974882085509e+03
5.762323867453847924e+03
6.019049937449377467e+03
5.956337543496604667e+03
6.292841940929787597e+03
5.968557133337872074e+03
6.315120406492937036e+03
6.368963016562810481e+03
6.208752485340135536e+03
6.133868873653688752e+03
6.276193757501329856e+03
6.491136123069344649e+03
6.475306995064346665e+03
6.012098797848237155e+03
6.094811886816866718e+03
5.996299193765090422e+03
6.144002160946193726e+03
6.283323690660364264e+03
6.588004009607003354e+03
5.567781105400109482e+03
5.794706963885770165e+03
5.492066783235367438e+03
5.026339593611421151e+03
4.860564714003340669e+03
4.288572062339011609e+03
3.499522395659622362e+03
2.594179331312436261e+03
1.702565751541856571e+03
1.311063306079995755e+03
9.781289426722827329e+02
4.802767829403946962e+02
1.384491450406088404e+02
