6.741379183480810752e+03
7.565180653742463619e+03
8.041682569566422899e+03
7.798794220676352779e+03
6.580714392354677329e+03
6.589168124074453772e+03
5.261410234353260421e+03
4.531216252932815223e+03
5.159857399500343490e+03
3.099880179108490211e+03
2.493864043824381497e+03
1.982058949457592462e+03
9.470349738963614072e+02
8.900124452090204841e+02
4.078273085915126899e+02
3.692580067149964407e+02
4.886883003106946717e+02
3.950695752605591338e+02
3.997399025046012753e+02
-4.173994850402475265e+01
-1.549410241175632734e+02
3.105713794057083987e+02
5.226473713531593148e+02
-1.871542096980140570e+02
3.118599849186729784e+02
-2.528151195656499226e+02
-2.027913975094322030e+00
-1.371429111820620790e+02
-1.224961415611915641e+02
4.730581380128966202e+02
4.682389137506591510e+02
5.055887575341594129e+02
2.292207984288838247e+02
3.971185537929571296e+02
2.510834362318034039e+02
3.917119445858662061e+02
4.373891097377126584e+02
5.848979480453318729e+02
1.870171864151825503e+03
2.204608605369577617e+03
2.854749181760634656e+03
3.552434413394114472e+03
5.109284724663230008e+03
4.749792595764333782e+03
5.697163389154593460e+03
6.114835154970018266e+03
7.327582779557955291e+03
8.299679794295880129e+03
