6.016514909927424924e+03
6.560634453846424549e+03
6.930024345603592337e+03
6.889392603926756237e+03
6.714528263946498555e+03
5.964669842716982203e+03
5.389001580748681590e+03
4.562811291571100810e+03
3.714816718610338285e+03
3.087926673225679224e+03
1.984770298513155240e+03
1.453630739872389540e+03
8.029183239627869852e+02
9.127765217090709484e+02
4.075434056476639171e+02
7.093430472945896099e+02
4.441871376844583210e+02
3.886824242810248506e+02
4.637888762485230245e+02
-6.239138883520903534e+01
2.835558483390304332e+02
1.663622841116008999e+02
8.216268465659939579e+01
5.245711611499100258e+01
-2.287625056836336057e+02
2.251511666825549014e+02
-4.428230263479439088e+01
8.074762287012207196e+01
2.755312817431577059e+02
-1.456036642478322918e+01
-4.980597909973653969e+01
5.931276797129600027e+02
3.225858425270853331e+02
3.964662652883739042e+02
2.434957857733782305e+02
5.483751573122658556e+02
5.796571231377091635e+02
8.537104348287373341e+02
1.233070089340324330e+03
1.900433875872558019e+03
2.143151482495717119e+03
3.038717099566094930e+03
3.881252964501103179e+03
4.551460711301477204e+03
5.793714090561667035e+03
6.106167975849204595e+03
6.206850043453877333e+03
6.631360660056232518e+03
