7.036036455929468502e+03
7.357743451439396267e+03
7.592072062965703481e+03
7.248244193210251979e+03
7.767401914398440567e+03
6.806818230848036364e+03
5.483944544043573842e+03
5.742658243554839828e+03
3.600785367904116356e+03
2.930662854609909118e+03
2.735373693345105949e+03
2.185865668373597600e+03
1.539324308895792683e+03
1.138855458577079617e+03
6.803737443833233556e+02
5.993982014193811665e+02
9.764242962466142899e+02
4.213350624882464786e+02
3.116848902826407084e+02
5.984081840845949500e+02
4.570358000971349952e+02
5.974638330218241435e+02
1.728046453354855032e+02
-2.228995339560339417e+01
5.167027585932812883e+01
-2.047876367721460724e+02
4.037985105449252501e+02
3.343227152668019926e+02
-1.136415610385497565e+01
9.327319439057246697e+00
4.458966658008394006e+02
3.852461958912034561e+02
2.131788158889543183e+02
4.338613325229990210e+02
3.709051260397143324e+02
6.843010117896268412e+02
8.546238921169451714e+02
5.553861660187161533e+02
1.090454192799008297e+03
2.176662229940875022e+03
1.875152651647412540e+03
3.418628458879469235e+03
4.460547904461289363e+03
4.940781004730858513e+03
5.565051498253851605e+03
6.216996779213811351e+03
7.370944603078681212e+03
6.537098475373267320e+03
