5.025211910993671722e+02
-3.228389918585382361e+02
-9.739620401168743058e+01
9.914305545053514379e+01
-8.543651295230749838e+02
6.729360788433982634e+02
8.505277076848901743e+02
1.587403772353326531e+03
2.658876000834099159e+03
3.616923271807576384e+03
4.477654616455273754e+03
5.161274672319126694e+03
5.178623089035020712e+03
5.684218862762279059e+03
5.475152036189428145e+03
5.973114847879601257e+03
5.977066658007734077e+03
5.906802978671404162e+03
6.177361094035273709e+03
6.007447410122079418e+03
6.165641164868044143e+03
5.828421797302798041e+03
6.379989530727294550e+03
6.251388664856688592e+03
6.368573940075481005e+03
6.165960372171836752e+03
6.262955345671287432e+03
5.957156526199632026e+03
6.197421506293566381e+03
5.877082457528237683e+03
6.136952349116918413e+03
6.322743078995455107e+03
5.912222002404998420e+03
5.979520453902508962e+03
6.257772892922295796e+03
6.088885060289374451e+03
5.759188521951889015e+03
5.844691402655453203e+03
5.029636655816805614e+03
4.484406037170973832e+03
3.954332497487729142e+03
3.158273190947868898e+03
2.439442340861218327e+03
1.557861051916105225e+03
8.670309528457255510e+02
1.999880734731167991e+02
-4.140145999255944389e+02
-4.175069900551528690e+02
