4.035772492705799550e+02
-7.228414721764102069e+01
-2.275322077822738152e+02
-4.372109843105824893e+02
8.829236083278510705e+01
2.451577292071287957e+02
9.596349316056350744e+02
1.875533731471104829e+03
2.485119680051309842e+03
3.817827956215860468e+03
4.578481824407051135e+03
4.522436948279774697e+03
4.881998329861435195e+03
5.683298411272404337e+03
5.257264548202153492e+03
5.727521207309050624e+03
5.791217676514318555e+03
5.788698181350519917e+03
5.628411125033414464e+03
6.034911904571165906e+03
5.929586700832341194e+03
6.083185538184422512e+03
5.823517243660629902e+03
5.998413897566743799e+03
5.872507598781763591e+03
6.460585681226242741e+03
6.002346069821338460e+03
5.936177689233664751e+03
6.105351421650611883e+03
5.878968172615455842e+03
5.777467199684118896e+03
6.293756903591101036e+03
5.747377133823689292e+03
5.976655492487738229e+03
5.543694090519723431e+03
5.579833913697993012e+03
5.481371408328200232e+03
5.118804186155529351e+03
4.991205138695854657e+03
4.578341253336863701e+03
3.913128793645760652e+03
3.077674643193697193e+03
2.169252749106144165e+03
1.439385256869117939e+03
6.764533294927060751e+02
5.873336774724820089e+02
4.337763788367960274e+02
1.197920938257564245e+02
