6.704004820814121558e+03
7.642153433886558560e+03
6.975411585907841072e+03
9.037912896518673733e+03
7.072785187573002077e+03
7.316911518661981972e+03
5.686059172353818212e+03
4.724708691019572143e+03
4.843870100496266787e+03
3.324080503217831847e+03
2.707141797706430225e+03
1.709228923437056892e+03
1.359374864493951918e+03
1.350682471691713545e+03
9.342385486840662452e+02
6.104907962330762530e+02
4.166836320732449508e+02
5.886742160396312329e+02
4.558371972098226479e+02
4.541429356587200914e+02
9.961645505268342049e+01
4.008432626446707445e+02
7.017400829913411826e+02
-3.284934814178601528e+02
1.822437833698213296e+02
-1.707628905702803479e+01
2.933961545807865150e+02
-1.897977010435883756e+02
-9.177154240015245534e+01
7.330294651891975377e+00
-1.228960768368615959e+02
3.246806473529721302e+02
4.006526336193223869e+02
4.939411306921267197e+01
4.914434557948058568e+02
5.293049506606970454e+02
1.237783635584900367e+03
1.388984431597275488e+03
1.606886862368785160e+03
1.994732403370962402e+03
2.467226317213941911e+03
4.191730985195194990e+03
4.490852199355026642e+03
5.099237930584583410e+03
6.322385145644630938e+03
6.780735698007091742e+03
6.110204607405454226e+03
8.644943296773095426e+03
