4.036365699184071900e+02
-3.811936451396098846e+01
-1.473074289263299192e+02
-2.059254260878955449e+02
-2.795178868107159929e+02
2.672335364204952270e+02
1.053728534682905547e+03
1.803155540815917220e+03
2.529482117477635711e+03
3.644848743885803742e+03
4.290397847141704005e+03
4.553231804559189186e+03
5.205500894455720299e+03
5.318424272405262855e+03
5.789025212599965016e+03
5.954684158654258681e+03
6.040655666955154629e+03
5.812928638794434846e+03
6.114037670302857805e+03
6.004727202145611955e+03
5.940585523034067592e+03
6.059865120949470111e+03
6.323497378331725486e+03
6.091583577661341224e+03
6.256327503095285465e+03
6.134973546009197889e+03
6.566576180897332051e+03
6.179087972329807599e+03
6.379790641343432981e+03
6.381510615709283229e+03
5.949962509300277816e+03
6.211139360121296704e+03
6.021848831946861537e+03
5.817738705078313615e+03
5.767977326099146012e+03
6.159078774841928862e+03
6.010738581164131574e+03
5.562819270247518944e+03
5.125827831211976445e+03
4.779039145053152424e+03
4.049934085884810429e+03
3.462652617570873190e+03
2.985288120029857055e+03
1.713744311302318010e+03
8.710087347258261161e+02
4.740169266261343068e+02
2.265350502707459555e+02
9.562239118783596226e+00
