7.232631374333872373e+03
6.527853741869632358e+03
8.093607967011471374e+03
8.244275016698496984e+03
7.967169836163567197e+03
7.093652133448522363e+03
6.411658628938245784e+03
5.347182356706113751e+03
4.347534114746067644e+03
3.269190799225449609e+03
2.840509804582399283e+03
1.582619662843918604e+03
6.327449584457838228e+02
9.464206841617378814e+02
5.765670779433766029e+02
2.207132985211876530e+02
7.821079471884461043e+01
5.507901313012584978e+02
2.814386544825799774e+02
4.157739993047774192e+02
2.431013588544027186e+02
6.595842090067841355e+02
3.995655504126182791e+02
8.065624886868438637e+01
1.090665400892229258e+02
-1.141535749099851316e+01
-3.202772211611348325e+02
-1.919344858132251090e+02
1.254013068592301750e+02
1.523357922730748157e+02
-9.558799636285434076e+01
5.383863659157885877e+02
1.264164560254598513e+02
2.687871566357363236e+02
2.666245309010727738e+02
7.512506676649173869e+02
5.955684272306956473e+02
6.705662867409278078e+02
1.215131856384565026e+03
2.021789381941556485e+03
2.677532272926961468e+03
3.683488147171047331e+03
4.310064837514664760e+03
5.236529228261062599e+03
6.897413125045160086e+03
6.427315500232013619e+03
6.664727028098617666e+03
7.589192093395098709e+03
