3.801737832386149876e+02
1.948566549839551669e+02
-6.975878847446880400e+02
-4.534455935920975094e+02
-1.127519904155967652e+02
6.887550305298171907e+02
9.455508158123270732e+02
1.970548032752728659e+03
2.582216528782297246e+03
3.211995290735267190e+03
4.473516403341936893e+03
5.124883790337092250e+03
5.324814241436489283e+03
5.588740570470198691e+03
5.643828759722674477e+03
5.993792497648936660e+03
5.962559552586303653e+03
6.215420780461523464e+03
5.986328628939464579e+03
5.915708457497855306e+03
5.841568397816312427e+03
6.225435447559554632e+03
6.368275839727973107e+03
6.212289955689988346e+03
6.490723110806829027e+03
6.350050940935704602e+03
6.425977022311983092e+03
6.170072429736020240e+03
6.545355255227126690e+03
6.692285634538252452e+03
6.268068471780408800e+03
6.243396644758256116e+03
6.211955773373050761e+03
6.073549615583611740e+03
5.996454087948393862e+03
6.315642776241693355e+03
5.661668278411574647e+03
5.817065460454295135e+03
5.439910825149671837e+03
4.061460506789258488e+03
4.553111370219281525e+03
3.597914983242967992e+03
2.476702986478462208e+03
1.352098795244037774e+03
1.178856989172308204e+03
4.404243366175360848e+02
3.956023834801782755e+02
6.656690363740979137e+02
