6.581652752177761840e+02
-4.190960746263755965e+01
-3.863186029494042373e+02
-6.719068989959888540e+02
-5.579944642143810540e+01
4.977692806116962174e+02
7.993485018711854764e+02
2.221449798229871249e+03
2.889671530728013749e+03
3.528476716452960318e+03
4.156314957477014104e+03
4.876565271199785457e+03
5.360091648336488106e+03
5.721368931925321704e+03
6.046102651438571229e+03
6.252776721620744866e+03
6.100544452247613663e+03
5.985432060961135903e+03
6.166231733881477339e+03
6.217315203114037104e+03
5.865429964256824860e+03
6.626439343883136644e+03
6.396808519453154986e+03
6.366560892017739206e+03
6.358401448280846125e+03
6.373233224358787993e+03
6.005524799645675557e+03
6.446137734649741105e+03
6.053284243374778271e+03
6.292122329182219801e+03
6.119038072233182902e+03
5.910109532847710398e+03
6.267746110840981601e+03
6.151819915690379275e+03
6.119973607829745561e+03
5.879108450907780934e+03
6.129273422278599355e+03
5.435266585864553235e+03
5.426131897671455590e+03
4.315379487666028581e+03
3.816570971815742269e+03
3.265580750365831136e+03
1.974993407080837187e+03
1.746370699850282335e+03
9.855728116755108204e+02
2.779778703544344012e+02
2.378066677574860819e+02
-2.398237680850660070e+02
