6.173384644180148825e+03
6.646698388238213738e+03
7.020317290259973561e+03
6.916968939177574612e+03
6.627188323961185233e+03
6.254882713601914475e+03
5.289973571751498639e+03
4.996908208714000466e+03
3.816529190320477937e+03
2.977004094606386388e+03
1.895777235046216447e+03
1.530374638728044374e+03
1.223335103590461586e+03
5.839590408821289884e+02
7.935695716123648253e+02
9.133639409347031233e+02
5.428283226123828626e+02
8.570046239974059290e+02
5.222221036555911269e+02
4.424112893480736943e+02
-5.378944430563814194e+01
1.425097194836053234e+02
-9.669172320755394878e+01
-3.167559327044229462e+02
1.722573656713209971e+02
-9.274561095164166602e+01
3.132571286730498059e+02
-1.245355323853215026e+02
3.052847371741214602e+02
-1.305898378826733790e+02
3.787170929599299711e+02
2.752641688642691520e+02
4.183404363891048092e+02
2.179906976244080283e+02
2.345475507236098167e+02
5.195279849989925651e+02
8.328330925371195690e+02
7.498489472276537526e+02
1.366982870184581088e+03
1.632219398464877486e+03
2.528110776736898970e+03
2.962987020590913744e+03
3.770059862113497729e+03
4.360857818367251639e+03
5.621706539089117541e+03
5.822013364942727094e+03
6.326521469831125614e+03
6.161713795635810129e+03
