4.762396347066678572e+02
-5.254811182995536001e+02
-3.167671861276962204e+02
-4.018286534885002652e+02
1.752114516461733729e+02
5.926258715629088556e+02
1.442189561026554429e+03
1.742292256404642785e+03
2.852284209984990866e+03
3.684491755505088349e+03
4.518731288952036266e+03
5.085894008426073924e+03
5.355233874470457522e+03
5.696530875066396220e+03
6.089300170902325590e+03
5.905591616224069185e+03
6.258824555550374498e+03
6.080499939431103485e+03
6.013675646160903852e+03
6.093437528110707717e+03
6.280905567710425203e+03
6.170190635755104267e+03
6.267442707014191910e+03
6.359505075374850094e+03
6.372523279763016035e+03
6.455575586752454001e+03
6.552695019791348386e+03
6.377746603972798766e+03
6.429531439696283996e+03
6.249777601000489085e+03
6.198077099313144572e+03
6.090830094882020603e+03
5.899789087127296625e+03
5.641301042989806774e+03
5.866776587911641400e+03
5.657894333324445142e+03
5.782767579435850166e+03
5.424623770899026567e+03
5.348367544468396773e+03
4.640001288178245886e+03
4.003909432458679021e+03
3.053648778951233453e+03
2.530737484146856787e+03
1.891307761759459936e+03
1.059397838725835300e+03
1.305217577867449108e+03
6.437195870305225753e+02
4.414298258754936910e+02
