1.393507187660170530e+02
1.390855520002700629e+01
-5.602661626060199751e+02
-5.674330677053287673e+02
1.154531741842222345e+02
8.589867821610824876e+02
1.064661743329231058e+03
1.718844336599113603e+03
2.597334071478517671e+03
3.397764592149811961e+03
4.285886722165276296e+03
4.951468735066766385e+03
5.352926397461467786e+03
5.137254240383673277e+03
5.367745528551831740e+03
5.606278117736501372e+03
5.632215796157495788e+03
5.659490217556495736e+03
5.816007002801464296e+03
5.903062989361401378e+03
5.802044443023649364e+03
5.721167882964918135e+03
5.988541014954164893e+03
5.830063685060574244e+03
6.275452028677354065e+03
5.755112297891895651e+03
6.278202151728434728e+03
6.173955550851899716e+03
5.812273589294798512e+03
5.711910194083976421e+03
6.161338854242450907e+03
5.688578593372476462e+03
5.600531662773490098e+03
5.504062532585708141e+03
5.528778804623246288e+03
5.547869265583278320e+03
5.528020810283935134e+03
5.035723662462156426e+03
5.112087460221391666e+03
4.172429353942671696e+03
3.735935236141401219e+03
3.240285323423483078e+03
2.505139463730907210e+03
1.734239949234942969e+03
9.226197914577147685e+02
4.442841208686633081e+02
2.820724616244517620e+02
2.421885576589573930e+01
