2.782885755995295654e+02
3.995157568611136867e+01
-3.526928995261886257e+02
-2.297685423342896058e+02
-4.910543771214587849e+01
3.133267282869866222e+02
1.168252760166631788e+03
2.190917433599001470e+03
2.572833612269667356e+03
3.560788992158087694e+03
4.583508370740104510e+03
4.753244745232889727e+03
5.264302250472141168e+03
5.420896783907253848e+03
5.669635549152573731e+03
5.931493543295661766e+03
5.847031047419571223e+03
5.510354583180988811e+03
5.793703322889407900e+03
5.838182890204279829e+03
5.983129710004353910e+03
6.053770481659998040e+03
5.982815831982986310e+03
6.153354579515092155e+03
6.074897881741939273e+03
6.002167034318562401e+03
6.043757955162769576e+03
6.062611403123989476e+03
6.019754229373671478e+03
5.938834332347115378e+03
6.160382815704992936e+03
6.238121338976127845e+03
5.649441676851420198e+03
5.747502012012227169e+03
5.683111046306542448e+03
5.677422708602510284e+03
5.480339012523913880e+03
5.058904427054584630e+03
4.816779361015025643e+03
4.235741650817672962e+03
3.910792125752140691e+03
3.216241684539496873e+03
2.404903159713087462e+03
1.927405495493843091e+03
1.217320875999587770e+03
8.599764124789053312e+02
2.624166610255246042e+02
1.236778206264969810e+02
