6.094083062762371810e+03
6.992282813258360875e+03
6.834084630303941594e+03
6.962074938498739357e+03
6.791003387473902876e+03
6.363204520360308379e+03
5.003403010338150125e+03
4.670983441281480737e+03
3.819277991034456136e+03
3.049401148530775572e+03
2.181774495101800312e+03
1.270266698046403008e+03
9.162525907982400213e+02
8.631767220363826709e+02
3.709685858025267748e+02
2.544408671616574509e+02
3.840312259774280506e+02
4.891957679303150712e+02
3.074799989405123029e+02
3.138208300369336143e+02
3.203308246094879337e+02
1.699965254113551794e+02
2.538653459071410623e+02
-4.156021075773721662e+01
8.655754414641414485e+01
1.593676618282062805e+02
3.872082862984945564e+02
1.029719892497410427e+02
2.040281895088991178e+02
-1.212604022565002708e+02
6.070574531424247766e+01
2.684107318489948284e+02
1.071543094417296800e+02
4.477284085176187034e+00
6.284542782423460494e+02
5.271658450407676355e+02
7.741005883207440093e+02
1.024735521648126678e+03
1.452053659721266285e+03
1.773505996195416628e+03
2.699192694193883199e+03
3.398539495536263075e+03
4.189684722644799876e+03
4.682931110017503670e+03
5.325013139642077476e+03
5.997433880806568595e+03
6.492658803900586463e+03
6.146272667146788990e+03
