1.702885832619323025e+02
-1.034570653952498809e+01
-4.344495078796122698e+02
-8.300244006381381823e+00
-3.449892045350839709e+01
3.173057956170947591e+02
9.952969348080403051e+02
1.627159075453665309e+03
2.283848972763684742e+03
2.999085641374013449e+03
4.264060195910597940e+03
4.584519507676178364e+03
5.108825406259146803e+03
5.127332610582418056e+03
5.232050825365479795e+03
5.459111837679246491e+03
5.645715994953032350e+03
5.845019607663910392e+03
5.144761690937544699e+03
5.872721315768564637e+03
5.622532514614097636e+03
5.798888914903784098e+03
5.916925557850560836e+03
5.868900348292684612e+03
5.922971502349677394e+03
5.626805115856953307e+03
5.968398209828646941e+03
5.940377835973439687e+03
5.925725049163110270e+03
5.647571860638427097e+03
5.660164202016573654e+03
5.706562854009859620e+03
5.667686520548900262e+03
5.691554622910433864e+03
5.411348948180856496e+03
5.620302580767355721e+03
5.493446808050527579e+03
5.035605493373638637e+03
4.738640656332885555e+03
4.153711658142409760e+03
3.944704269665297943e+03
2.761160580537127316e+03
2.466512283997826671e+03
1.411572086965119297e+03
1.161476498672090656e+03
2.621952359046238712e+02
2.130499910911176755e+02
2.397058357205500272e+02
