4.672601915167949755e+02
-6.105318228620477328e+01
-6.397272791632340017e+01
-1.623342791991690035e+02
-2.809387401032649336e+02
1.010387379881659200e+02
1.482158589425545415e+03
2.017269764147904880e+03
2.880619993552054439e+03
3.749276664048609746e+03
4.317443857817502249e+03
5.097434566594967691e+03
5.120013025274835854e+03
5.724298564011623057e+03
5.858115597161006917e+03
5.851105839551796635e+03
5.839229199327187416e+03
6.094558315823115663e+03
5.925012924666826621e+03
6.192916793020520345e+03
6.650963304020930082e+03
5.719719015114668764e+03
6.388418136462923030e+03
6.091205880022704150e+03
6.315512960131954060e+03
6.319263785523547995e+03
6.492066654023668889e+03
6.406590856851905301e+03
6.164255907195343752e+03
6.251090876227655826e+03
6.465066101086958042e+03
6.206771361687076023e+03
6.325591517798838140e+03
6.012450188499362412e+03
5.995948094858114018e+03
5.932047707664312838e+03
5.893658320425310194e+03
5.791489404951928918e+03
5.471583487635421079e+03
5.152628978445416578e+03
4.088250576108932364e+03
3.398408273459364409e+03
2.567524363265311877e+03
1.700212181038720246e+03
1.082786940659754691e+03
3.764205091979245026e+02
3.948783424842567911e+02
-2.208931326334075607e+02
