2.267814118953802733e+02
-8.650513446449757566e+02
-4.560712435097744901e+02
-3.179561523529736178e+02
3.593987903566818431e+02
1.052898538255658650e+03
1.083262354698702211e+03
2.194114141485188611e+03
2.853678436319706634e+03
3.427276768307742259e+03
4.558950442121504238e+03
4.621132024719457149e+03
5.518041262876994551e+03
5.591529835796484804e+03
5.630708336934605541e+03
5.923410640302188767e+03
5.947055044793606612e+03
5.850159715464857982e+03
5.798612190172924784e+03
6.300041201203952369e+03
6.046181170078576542e+03
6.408779421726309010e+03
6.730683760470594279e+03
5.986739015212402592e+03
6.090166430400795434e+03
6.156527328048623531e+03
6.548707969141325520e+03
6.312435728086452400e+03
6.224263711927703298e+03
5.955775567936770130e+03
6.224600247050847429e+03
6.071972115946258782e+03
6.273891295102204822e+03
6.028742811290300779e+03
6.026478502786897479e+03
5.937497050058919740e+03
6.171687555255157349e+03
5.197829145040749609e+03
5.388144244164173870e+03
4.678449012589545418e+03
3.809656160000210093e+03
2.849027886289632988e+03
2.440746433408740813e+03
2.023012826793742761e+03
8.771833504503604217e+02
4.853742792965585977e+02
-3.628488703165309062e+02
2.024728215966202356e+02
