1.021239518459373812e+03
-3.152882018668366300e+02
-4.302894421548620585e+02
-4.251054746891064156e+02
-3.188975739331600039e+02
4.683411741845955021e+02
1.202193303694195947e+03
2.204062435559893856e+03
2.667128249928163768e+03
3.573920778528730807e+03
4.193852549675741102e+03
4.655475518710823962e+03
5.306030488907080326e+03
5.745529172088363339e+03
5.748190381412120587e+03
5.719820928380363512e+03
6.263408049587686946e+03
6.071616263389564665e+03
5.946630772608710686e+03
6.169898024337409879e+03
5.963760676857471481e+03
6.271567028603120889e+03
6.668469989179663571e+03
6.275591858740426687e+03
6.400886455864973868e+03
6.605528190297299261e+03
6.352055667271892162e+03
5.931791573298074582e+03
6.045995302640744740e+03
6.367789363904655147e+03
6.340700133465044019e+03
6.039153137333069935e+03
6.005531583291116476e+03
5.996578273207933307e+03
6.210645951867219992e+03
6.177091342767380411e+03
5.857593376272427122e+03
5.369801949722555037e+03
5.424700666449249184e+03
4.936569205063543450e+03
4.020017500144604583e+03
3.271986221693876359e+03
2.479990408489848051e+03
2.114376589113051978e+03
9.380268050887290201e+02
7.435576849983887087e+02
5.505339337919302807e+02
1.483162941201833291e+02
