6.385833644946172171e+03
7.127369772277243101e+03
7.563493286782720133e+03
7.296041584382264773e+03
6.707740165506183985e+03
7.287106670296362608e+03
6.242321861828018882e+03
5.269826696346176504e+03
3.768708497892597279e+03
3.134876909747148602e+03
2.079899978268246286e+03
2.177194474592704410e+03
1.486069748588990706e+03
8.184420284725381407e+02
6.118838197492679001e+02
5.646897415349878884e+02
2.346550907472070833e+02
1.009687975095912975e+02
2.334529392325427750e+02
4.536171693655663262e+02
2.466641134232140757e+02
2.242021257415561877e+02
2.980026985417529204e+02
2.673228425548126665e+02
-7.333278071324380143e+00
3.229956869928784045e+02
-1.779455776977760024e+02
1.112967723818167940e+02
4.790417420734564757e+02
2.601702547204063194e+02
5.166809010201779984e+02
-1.516360491947285993e+02
2.346432876497227653e+02
2.384806379597495152e+02
5.015867181498690002e+02
5.180686615418865131e+02
8.240794048505206320e+02
6.160156140566042495e+02
1.438517615079608504e+03
1.935186980380924751e+03
2.534921249084404280e+03
3.096601571074620097e+03
4.341740907205366966e+03
5.205014722895296472e+03
5.772777908854237467e+03
6.369124975471791004e+03
6.432008702831051778e+03
6.465586824641069143e+03
