4.137897435918634983e+02
-1.288289571703904528e+02
-5.445058829883183762e+02
-3.752238638415151968e+02
5.425457939956396558e+02
9.222316641271963533e+01
9.873383177928039913e+02
2.150668445776464068e+03
2.692673007288007284e+03
3.033042871473595369e+03
4.408971964419356482e+03
4.893450081832117576e+03
4.752363426075660755e+03
5.638788858838533997e+03
5.671674823386825665e+03
5.497238687109481361e+03
5.602201006390007933e+03
5.850245256278431043e+03
5.972111725590079004e+03
5.905074353722871820e+03
6.008419906435100529e+03
6.145200158631359045e+03
6.043957407127203624e+03
6.208835318241995992e+03
6.051974233440456374e+03
6.278210535485040054e+03
5.886644588325745644e+03
5.739031419222123077e+03
6.376909758355272061e+03
6.510927094112637860e+03
6.220075006954910350e+03
5.872095193699971787e+03
6.105209725615891330e+03
5.763967557861590649e+03
6.318108662003439349e+03
6.061668001410317629e+03
5.798714653653190908e+03
5.416582632251865107e+03
5.094252323535904907e+03
4.620830814903064493e+03
3.862644494345262046e+03
3.154807736429195757e+03
2.015528152511015605e+03
1.728484311372365028e+03
1.052481609957678529e+03
4.594425023700469524e+02
1.314670185485237823e+02
1.642981299816599119e+02
