8.814112302229834768e+02
3.873811101544361577e+02
-6.070375265962936737e+02
-8.835632034213080033e+02
-4.988305004989508689e+02
7.206388901391363788e+02
7.817365954305414562e+02
2.238541383644056168e+03
2.052614604544659869e+03
3.262355754275547497e+03
4.448856213162932363e+03
4.801871811287739547e+03
5.121830068395253875e+03
5.380023796397447768e+03
5.978335834738079029e+03
5.438794686826885481e+03
5.681312935742998889e+03
6.063557611970933067e+03
5.936894038610575080e+03
5.568251849801791650e+03
5.799600233606776783e+03
5.846365314037955613e+03
6.430717436987903056e+03
6.207191260217618947e+03
6.052425228665139002e+03
6.362203709319332120e+03
6.346549228831916480e+03
6.327911436093248085e+03
6.060278219879775861e+03
5.894411918062599398e+03
6.156229934470850822e+03
6.170737796077898565e+03
5.975807463313206426e+03
6.222911034740088326e+03
6.177515007155418061e+03
5.890626797127687496e+03
5.499572125274528844e+03
5.491934324310563170e+03
5.324475438749567729e+03
4.347609945382368096e+03
3.374975233770561772e+03
3.191520921442103827e+03
2.716198820171211537e+03
1.605693367167757060e+03
1.487770140815759987e+03
6.860693624080748805e+02
4.970163222547749342e+02
2.905943056047916571e+02
