7.363924983683844403e+03
8.750111175625283067e+03
8.005955895217054604e+03
8.079487705135968099e+03
6.968111933294771006e+03
7.897704263897987403e+03
7.001786270906111895e+03
4.484473677870354550e+03
5.155215024352116416e+03
3.419063180609063238e+03
2.622041222021995964e+03
2.253261814186382253e+03
1.716363877589612457e+03
9.440305734425324999e+02
2.839282123497078487e+02
5.285771017524776880e+02
3.083491112152196365e+02
8.135389767226007507e+02
4.551137686313301742e+02
3.095561617031188462e+02
1.941389546604106897e+02
5.692396851547596270e+02
-3.183496187387758027e+02
-1.604671153587501067e+02
2.305511906804054263e+02
-3.905912567664668131e+02
-7.920288277329429150e+01
3.181185337764803194e+02
9.619742470991978678e+01
3.617232250444996566e+02
5.756356990018497299e+02
1.207367049677489916e+02
5.152174310927597389e+02
8.005441206259108640e+02
5.448768941957057450e+02
4.062887349686054108e+02
1.527539253739042124e+03
2.592287401070649139e+03
1.560035693805162282e+03
3.019114880088385689e+03
2.830421677312354859e+03
3.743044300454689164e+03
3.840373263739731556e+03
5.212021770847520202e+03
6.957434333141513889e+03
6.625000368696423720e+03
9.536633430979643890e+03
1.120884643896547459e+04
