1.007088255822774954e+04
7.423944222997178258e+03
8.862069435724042705e+03
9.695594129731629437e+03
7.808521321335509128e+03
6.301822216095708427e+03
5.994262913120327539e+03
5.325484635978366896e+03
3.490034109339762836e+03
3.872163264389691903e+03
2.822052341459495437e+03
1.670672925905656712e+03
1.343101512000676848e+03
1.073632378701146990e+03
5.550108576657380581e+02
4.429014242847438254e+02
6.534322388534901620e+02
1.951347800629543485e+02
1.596511520989915311e+02
6.223612682892222665e+02
3.353184437412456305e+02
2.092211685975050557e+02
-3.695477419720239709e+01
1.961403595064667797e+02
8.385016767383274328e+01
-2.369034913088276255e+02
-9.478733062186360314e+01
8.420466565015897231e+01
-1.144467078984863484e+01
2.335552569255001742e+02
-8.982429517115853912e+00
4.182197605504417197e+02
5.710020173305844793e+01
5.106595959454538729e+02
5.538791810820760020e+02
6.028035212943894976e+02
1.241626395487941181e+03
1.513994746519629189e+03
1.200579052168759290e+03
1.952420126170579806e+03
3.584210145026018381e+03
3.506352907375419818e+03
4.118902725234709578e+03
6.054535731263496928e+03
7.471365753517719895e+03
7.240027571665505093e+03
7.408534569299114992e+03
7.075211603988808747e+03
