7.631442151008822293e+03
6.727257666256709854e+03
7.761697676359994148e+03
6.912171179623513126e+03
6.793496533731483396e+03
7.253907486400927155e+03
5.898575831923071746e+03
5.008462108946838271e+03
3.672871247027825120e+03
2.686369073149670385e+03
2.562260742426573870e+03
1.748495995456844184e+03
1.357881172545392701e+03
1.171228124103722166e+03
5.558822974410940105e+02
6.654156012092279298e+02
3.177260594909944302e+02
3.635992193748617183e+02
3.233895477745665517e+02
3.352254822892836046e+02
6.421987773842404295e+02
2.699145913584237064e+02
3.177296143968859496e+02
1.539696362004407035e+02
-1.452972936957370678e+02
-7.435116797722719717e+00
-2.988296724481480737e+01
1.890199324586388627e+02
5.327532553366097545e+02
7.216451180310556879e+01
7.314947601494067158e+02
4.200707982982703470e+02
2.530293488095347243e+02
5.134698699142886653e+02
5.695635650659370413e+02
8.392367073469821435e+02
1.066338503347301184e+03
1.263984996352934331e+03
1.609468315121338037e+03
1.927691809391838660e+03
3.040213962082940270e+03
4.118421047563544562e+03
4.953995385280625669e+03
5.684332057832241844e+03
5.913382271833885170e+03
7.408405171190800502e+03
6.090603275775265502e+03
8.591597820070883245e+03
