6.075814662031118132e+03
7.175170031638323962e+03
7.140342956786555078e+03
7.205939075258425873e+03
6.583200515343105508e+03
6.992110572770087856e+03
5.752216857217506004e+03
4.751403302232895840e+03
4.420350071493044197e+03
3.267752838984599748e+03
2.960619770500078630e+03
1.209527979974787513e+03
1.360920129729031714e+03
9.832230439627850274e+02
7.684260840721356089e+02
1.075199452838248590e+03
5.135957582921181483e+02
1.837232769712914262e+02
3.071482891223276965e+02
6.133339266496268465e+02
5.384268869632220458e+02
3.257108885893522370e+02
7.833523714929226855e+01
-8.010349937725645475e+01
-1.575219389197357032e+02
1.932374833457228647e+02
9.181116111089799858e+01
-3.240529093856012537e+02
-8.798905457821597054e+01
3.519155690706470523e+02
6.556466833856465115e+00
3.323552241203651079e+02
3.716946262977993456e+02
4.373840300369729448e+02
2.605386877744564345e+02
5.717987140238468555e+02
5.667288711837735491e+02
1.374284472627835612e+03
1.151378339851126157e+03
2.218643755222972686e+03
2.389198045624269525e+03
3.496653164513022602e+03
4.238457185736523570e+03
5.249320462999227857e+03
5.568932882645183781e+03
6.212354102811049415e+03
6.229674127950050206e+03
6.782249990574739968e+03
