8.323551459617575574e+02
1.399314821861276812e+02
9.020396670879563317e+00
-5.840708181676280901e+02
-1.752613288819918012e+02
-2.219748777691449675e+02
8.066895685500209083e+02
1.742222506052012932e+03
2.151045212851036922e+03
3.641686925824206810e+03
3.975495649644090008e+03
4.605858050105484836e+03
4.866149118886615724e+03
4.784013712050707909e+03
5.586676017764004428e+03
5.646533247448682232e+03
5.579167311365434216e+03
5.642843078984615204e+03
5.439579988404425421e+03
5.406379698934094449e+03
5.701022132909874017e+03
5.808478352674506823e+03
6.172282404388054601e+03
5.990348651354338472e+03
6.013591978122864930e+03
6.362837440241293734e+03
6.063220181005794984e+03
6.240344457457611497e+03
6.050423847139015379e+03
5.920867926145948331e+03
5.720144045388945415e+03
5.883490438091264878e+03
5.615439309486591810e+03
6.094417946065513206e+03
5.831842986478012790e+03
5.618285579103945565e+03
5.513861576428595981e+03
5.270447154864972617e+03
4.833645080899775166e+03
4.503557609774545199e+03
3.736462130048299514e+03
3.014673559965669938e+03
2.154319422092331934e+03
1.098029254485705223e+03
7.979005079956934878e+02
1.322226714221271777e+02
2.489284087936883054e+02
6.010946130776952714e+02
