8.650544279522891884e+03
8.396598357743252564e+03
7.887634157762916402e+03
7.013118178998682197e+03
6.813939135506378989e+03
6.715841077861611666e+03
5.341454818388503554e+03
4.401168741513854911e+03
4.207975020630427025e+03
3.089521850981657280e+03
2.010766049972802875e+03
1.848218218320389951e+03
1.312403560030923472e+03
9.466490907923864597e+02
8.857662812114783719e+02
6.187334618319050605e+02
4.526638563107023856e+02
4.943920015193693303e+02
1.593888001331476687e+02
5.579201204202254303e+02
1.207925987728278585e+02
-1.119549083387023671e+02
6.939411522930465992e+01
9.549444955664421286e+01
-5.130193856369107408e+01
-4.826852666634810873e+01
-1.313067153202480881e+02
9.514071436371585833e+01
2.376131047907414313e+02
2.571981892211778487e+01
1.105242443306630378e+02
2.423736892756254804e+02
2.836963498068087119e+02
1.327615630982619166e+02
4.590247005420555979e+02
6.566194855697036701e+02
8.470130842601665790e+02
9.360883911406170910e+02
1.742884560529189457e+03
1.778081779665171780e+03
2.100770388776684285e+03
3.863675741021074828e+03
5.272893005275071118e+03
6.030798638469971593e+03
5.535549872278625116e+03
6.479861842130459081e+03
7.835644070333323725e+03
7.447259500875011327e+03
