1.828311123936052809e+02
-1.305298309756396975e+02
-3.023559302372694333e+02
2.238013024277283602e-01
-7.042337902339883549e+00
2.568731854192148489e+02
1.423651916200333517e+03
1.582774901502561079e+03
2.562590287928254838e+03
3.054610278310580725e+03
4.234791731904383596e+03
4.546625119509538308e+03
5.166709632290235277e+03
5.350168157386882740e+03
5.441481561453065297e+03
5.930000979630263828e+03
5.600231342305179169e+03
5.523805930720882316e+03
5.572090012588790159e+03
5.792222638146062309e+03
5.636776206228179944e+03
5.830596075391418708e+03
5.796144602003443651e+03
5.994850431457507511e+03
5.721361138327354638e+03
6.007997610395475931e+03
5.933566765609740287e+03
5.912645386992705426e+03
6.387626147147850133e+03
5.631144185057315553e+03
5.582590098385086094e+03
5.769567929557107163e+03
5.862185415900053158e+03
5.670943031677586077e+03
5.565782910936620283e+03
5.209326300613890453e+03
5.753504089736050446e+03
5.037675653773181693e+03
4.495571655291948446e+03
4.429783387694666089e+03
3.784406164879591870e+03
3.190464792943725115e+03
2.746117101217759227e+03
1.647787513015671266e+03
1.232398496487712237e+03
5.062079611066762936e+02
2.436996722486333624e+02
1.234356026364530550e+02
