7.214470903537451704e+03
8.310586719888360676e+03
7.697950594811080009e+03
8.208462624791742201e+03
7.414303783659726832e+03
8.382911883460341414e+03
5.105801540086535169e+03
5.758870876091626997e+03
3.834036509447510980e+03
3.013813970521027386e+03
2.516692974782675719e+03
2.139301940434682365e+03
1.869223294338280766e+03
1.257780509029873883e+03
6.166308651906629166e+02
7.236709442001209709e+02
4.568402651878809024e+02
3.320915720423942616e+02
7.051931144906036479e+02
3.446597054553355974e+02
2.270137305112443755e+02
2.763919901990426524e+02
-2.591096853077309561e+02
2.210094294802374293e+02
-5.697322673529523485e+00
-1.123528371382949764e+01
1.578255803204743017e+02
2.511586680918194645e+02
1.105384819606335896e+02
2.015281858386963449e+02
2.574543444708090760e+02
1.321031462784806081e+02
1.364614832452074324e+02
2.234348373752056887e+02
7.604099322313418270e+02
6.968759299432657599e+02
8.226775630043936189e+02
1.320129168548741973e+03
1.504529860617153417e+03
2.577972953178621992e+03
2.641918588465118319e+03
3.155417733505257729e+03
4.800613733012944977e+03
4.843663287293081339e+03
6.811734188918176187e+03
6.427332136993616587e+03
6.929340066671375098e+03
7.335204320917621772e+03
