6.449955142232101934e+02
2.476230826963625020e+02
-8.522600994424868759e+02
-2.768185675955220404e+02
3.812997098905628945e+01
1.983300991293833420e+02
1.254135663103155593e+03
2.257043959322493720e+03
2.297598324114544994e+03
3.275090772750816541e+03
4.072679405693654189e+03
4.571628201091068149e+03
5.005923626610651809e+03
5.133663651094897432e+03
5.510229518006281069e+03
5.449721703422615974e+03
5.731500019177708054e+03
5.863254847367565162e+03
5.610798758988456939e+03
5.787954168455903528e+03
5.900128907057793185e+03
6.064434021694240982e+03
5.918351663745851511e+03
6.066637939828659910e+03
6.139911175697749968e+03
5.928185469464116068e+03
5.984866210824852715e+03
5.699080242310775247e+03
5.923336540333557423e+03
5.944989375130448025e+03
5.802623523363120512e+03
5.878998491711219685e+03
5.915191574232314451e+03
5.457373970205574551e+03
5.558743766190661518e+03
5.768655529408985785e+03
5.484110838983470785e+03
5.359232495166686022e+03
4.947657585948207270e+03
4.721994415676610515e+03
3.880495585184792162e+03
3.310924078813922733e+03
2.474200620378843723e+03
1.374810554014324680e+03
1.574199544171840671e+03
3.292488116395187490e+02
2.699757619164639664e+02
1.163282012060798252e+02
