5.896313928898476661e+03
6.563264535075802996e+03
7.353365636614617870e+03
6.896743715017754766e+03
7.013528626125572373e+03
6.281372951456743976e+03
5.257254376164345558e+03
4.887685363468613104e+03
3.612910724574144297e+03
3.118351307507358797e+03
2.507288988501517451e+03
1.480321314594152227e+03
9.820968219706483069e+02
1.171873934040488166e+03
3.795302264417865103e+02
6.284092215576085891e+02
4.500585580632132405e+02
4.320687458919096002e+02
2.730805034381939436e+02
2.902737756442077739e+02
-7.045071478336610937e+01
1.112138249171281217e+02
4.217926129494104259e+01
5.813189796328573067e+01
3.608961060906876810e+02
1.339831514283926310e+02
-6.944408031158664585e+01
-4.364948128811768413e+01
3.526756624108765550e+02
1.977060778045867835e+02
4.205687186265568585e+02
4.752101104110645338e+02
1.221047429408969123e+02
6.184066177329744960e+02
2.956451378068243798e+02
4.614972460733559387e+02
6.485157395034516412e+02
7.349575930782829118e+02
1.389928641100120103e+03
2.225878993605180312e+03
2.568981228326583732e+03
3.224437286826610489e+03
4.875308772222502739e+03
4.792702419932827979e+03
5.180987500298323539e+03
5.996673916282261416e+03
6.499057408999085965e+03
6.646923583076034447e+03
