9.778600253817376142e+03
7.907228239106956607e+03
8.087094272337623806e+03
8.337658162594756504e+03
8.826363625314748788e+03
7.327501015300555082e+03
6.375264101521776865e+03
4.644103396812812207e+03
3.450973170090287567e+03
2.893013863842216324e+03
2.326951505335710863e+03
1.602316725681301932e+03
9.284486514831360182e+02
1.649272657066047941e+03
4.490280506674557728e+02
8.369192138133830667e+02
8.740720072826394471e+02
2.797558213753984546e+02
8.290745445495438162e+02
7.417829141738165788e+01
4.013222376028987810e+02
3.566137852448053422e+02
4.226616566646080742e+02
2.232533296529856273e+02
1.812419919452884756e+02
-3.295521261910354269e+02
2.739617656562863885e+02
2.202790326341855689e+02
2.120239597734518782e+02
-9.918343923235953241e+01
1.738608316511955820e+02
3.932512876980814553e+02
5.788366531502036878e+02
2.148737367026562879e+02
4.838085898071655606e+02
7.524171388072702484e+02
1.177286852158770671e+03
7.239360944628294874e+02
1.720445283761613382e+03
2.652472948158130293e+03
3.033522070819962664e+03
3.493566854941157089e+03
4.871009778214791368e+03
6.265455115014405237e+03
5.801730733634894932e+03
6.095214022265497078e+03
8.322690056885647209e+03
7.010253879057569975e+03
