6.835732811946022593e+03
8.939653774162045011e+03
7.553714732138361796e+03
7.120747743272409025e+03
7.304132951498072543e+03
6.004985531067122793e+03
5.364903623574964513e+03
4.917677179381304086e+03
4.122012394351872899e+03
2.772720203151222904e+03
1.984540080345331035e+03
1.856129560103130416e+03
1.770608405043269840e+03
7.850363911219828879e+02
8.210791398899466458e+02
3.860940228174603135e+02
3.732269225345748964e+02
2.319638619786062463e+02
3.321809157159269148e+02
1.311885564794135064e+02
1.524815268419412462e+02
1.432497386192236206e+02
5.194915800949794971e+01
4.505803476745905556e+01
-1.037724254374099644e+02
1.629195910181540228e+02
9.188019694165775775e+01
3.065333893426966370e+02
2.937289945509623408e+02
2.004324849521120200e+02
3.951185009473103378e+02
5.325256388790901383e+02
1.852707847147213158e+02
4.160769122573817214e+01
2.997248489684544666e+02
6.786799288184174372e+01
7.907185590386854983e+02
7.381490321421176759e+02
1.639125494886136266e+03
1.696796470706894979e+03
2.366001874786950793e+03
3.492832457881142091e+03
3.885845766281900524e+03
4.556588605605536941e+03
5.789574011638958837e+03
6.310528990222852372e+03
6.544354325364192846e+03
6.846990001249800116e+03
