7.484940511687849721e+03
7.093417371754175292e+03
7.394701349841661795e+03
7.950610729199075649e+03
7.711911748737729795e+03
6.458816275898914682e+03
6.022770321604033597e+03
5.191769618271115178e+03
4.690352143264032748e+03
2.718840399887602416e+03
2.238492313460545120e+03
1.448217893563860571e+03
1.080967164886955516e+03
7.810758043598979157e+02
5.945669183000109115e+02
8.498612424666420111e+02
8.326694960817047786e+02
7.866553759183952934e+02
4.806318363529119324e+02
4.433330648996243326e+02
1.334393739362636495e+02
2.778406247247949636e+02
7.876739593280333906e+01
2.250219887631947984e+02
3.700385587167385779e+02
-4.531774971511516270e+01
-2.804364181898305119e+01
1.171489896580277872e+02
1.038252327828036954e+02
2.123551914812200607e+02
-5.683280009896276397e+01
5.537448932322643032e+02
2.995553869415227837e+02
4.836347135965669395e+02
4.968578599644135920e+02
8.299523349661163252e+01
1.004205774245760267e+03
1.118189191756695436e+03
2.009284796507445435e+03
1.923770184608579257e+03
2.934389762723514195e+03
3.997782742026135566e+03
4.136490768228963134e+03
5.639100772756747574e+03
6.291731088567317784e+03
5.952008559058726860e+03
6.887811495712305259e+03
6.557753686500714139e+03
