6.948495283750602312e+02
-2.922561335194614003e+02
-5.408034456333735989e+02
-3.698307020158062528e+02
8.584889925263409793e+01
4.221918535409445212e+02
1.135781005193697183e+03
1.746929965479800330e+03
2.841537238738657834e+03
3.760337077646653597e+03
4.423023317734673583e+03
4.962721319264526755e+03
5.495070013960290453e+03
5.962037884485026552e+03
6.383150410736236154e+03
6.030676156368715965e+03
6.470836515457598580e+03
6.424518681564774852e+03
6.443602317285868594e+03
5.753566649161304667e+03
6.262408615598781580e+03
5.754404473276275894e+03
6.610959653300454193e+03
6.976206935015738964e+03
6.761881165033524667e+03
6.481390318268614465e+03
6.699731511140059411e+03
6.449873641603545366e+03
6.654743327429064266e+03
6.517381397433860911e+03
6.287662097968122907e+03
6.702723661656487820e+03
6.507226013830540978e+03
6.619419632288281719e+03
6.629727565712026262e+03
6.004286637654635342e+03
6.119143678216611079e+03
5.633647901475662366e+03
5.549329868119266393e+03
5.159811743365832626e+03
3.920061168939236723e+03
3.514689435686412708e+03
2.681954591072236326e+03
1.780230955929312358e+03
1.187599881449291161e+03
3.477447273713353866e+02
1.762995650376627736e+02
1.212538708291371563e+02
