5.743509909369952766e+03
6.996940483723916259e+03
7.071721165757975541e+03
6.929823900858741581e+03
7.171826516212719980e+03
6.349283499393424790e+03
5.597594288136161595e+03
5.007526026573180388e+03
3.898400532435010518e+03
3.119520175121490865e+03
2.025434889669126960e+03
1.427628146625431555e+03
1.254965427323605354e+03
9.008000269873712114e+02
4.858761618482678841e+02
5.779178571529181454e+02
2.330451618969363778e+02
2.992754321721412225e+02
2.309895859060634109e+02
1.432653112075998365e+02
4.714520145414425656e+02
-1.025229256889219727e+02
2.614753617104802856e+02
1.336980839925637952e+02
-2.313133806499255058e+02
8.525687836661255403e+01
-1.332873850290236817e+02
1.658443259325457291e+02
-4.223550874642501185e+01
2.719729782355764769e+02
2.101628721789597876e+02
1.956750374784932660e+02
4.399471631062187384e+02
3.000360942476688138e+02
4.823812562191287157e+01
2.732924009721575089e+02
1.101031679513704375e+03
8.779847078605181423e+02
8.986097501002992658e+02
1.635425198419174649e+03
2.346181218307069685e+03
2.935367026429365524e+03
3.939886585813239890e+03
4.828657962606954243e+03
5.575524913486268815e+03
6.393157614774801914e+03
6.093123288203869379e+03
6.566457472155609139e+03
