6.837768097882212714e+02
-5.664357605123943529e+01
-4.346958407765492325e+02
-7.268632819734717714e+02
-1.887454982193036983e+02
7.231713872323406349e+02
1.284008228705737793e+03
2.121973013174347216e+03
2.499949251959671074e+03
3.389691946212763469e+03
4.040080847066063143e+03
4.454524395958816058e+03
5.212476011749092322e+03
4.967377825324559126e+03
5.260529155910984628e+03
5.272306623310794748e+03
5.742285165809153114e+03
5.540371064096168084e+03
5.740784478250138818e+03
5.283173144713824513e+03
5.934432663267468342e+03
5.545057350699175004e+03
5.809242316787594973e+03
5.664387639950494304e+03
5.896417737517376736e+03
5.934696294942077657e+03
5.908071001960896865e+03
5.753066660645480624e+03
5.606934533459860177e+03
5.469534755363029944e+03
5.312040566458985268e+03
6.252826999861405966e+03
5.792595267497109489e+03
5.459914094800216844e+03
5.803021081128677906e+03
5.636502399855888143e+03
5.082521853765949345e+03
4.803832495859014671e+03
4.822814891801074737e+03
4.362836058133257211e+03
3.611130905647557938e+03
3.073336679085590731e+03
2.424088608199830560e+03
1.598508803292785160e+03
1.150984861816512421e+03
4.931272301506094777e+02
-1.766008159212967712e+02
5.977713888189855425e+02
