3.556331544064512400e+02
-9.684759001239444842e+01
-2.834502581543010251e+02
-2.540297623154524729e+02
-1.041830752888729137e+02
3.828775313645671758e+02
1.424175604564663445e+03
1.745861879478508172e+03
3.227252345265406348e+03
3.922886366979131708e+03
4.275009376747803799e+03
5.189691280141662901e+03
5.552426811075195474e+03
5.543626145633851593e+03
6.210470723729775273e+03
5.847057311691194627e+03
6.391910095026087220e+03
6.270170982134005499e+03
6.301989425569527157e+03
6.000898056571465531e+03
5.922648618805543265e+03
6.777745695329828777e+03
6.087554156819332093e+03
6.530807387446509892e+03
6.278084154902740920e+03
6.236941288828184042e+03
6.522203259823560074e+03
6.603984751947686163e+03
6.479662411235339277e+03
6.320819558425380819e+03
6.268195649223231158e+03
6.570552794975090364e+03
6.517191566399174008e+03
6.176802648314392172e+03
5.893542047263392305e+03
5.980739944280849159e+03
6.204397670254731565e+03
5.600249286410955392e+03
4.927390062862810737e+03
4.869432306269179207e+03
4.073916967572951307e+03
3.736843887183868446e+03
2.568293628616864225e+03
1.730396204562131061e+03
1.408592575026689701e+03
6.918719468924290368e+02
6.382248444113002961e+02
2.283603367415940397e+02
