9.601107434454750546e+03
7.760495840610346931e+03
7.767731568004830478e+03
7.647098479000212137e+03
7.373429959066556876e+03
6.746449524722281240e+03
7.202405840995580547e+03
4.928912327762099267e+03
3.899337010987717804e+03
4.147117283518125078e+03
2.421729736456360570e+03
1.790895671389225981e+03
1.142238922349720497e+03
1.627932590413777234e+03
4.745422050441097781e+02
5.696857059226150568e+02
2.199307258921418509e+02
-7.214604448591069286e+01
2.215653289759466986e+02
4.523257447357892715e+02
2.437399325262279319e+02
3.040714270549169100e+02
3.640276047259430356e+02
3.426718866100139280e+02
1.270262071798638317e+02
1.717802641716081382e+02
8.771078779112461632e+01
1.676707134945541497e+02
6.302185143149763746e+01
1.461451669622452698e+02
2.550549575429634217e+02
6.229476231925200409e+02
2.665060257925689484e+02
1.067497681436215373e+02
5.450517265563967158e+02
5.177206448777621972e+02
1.063463642015016148e+03
1.157574077312868212e+03
1.671392245084519118e+03
2.041829686498269211e+03
3.129495705706807257e+03
3.884838711816783871e+03
4.153476103040737144e+03
5.453733646404866704e+03
5.830398125841195906e+03
6.673093258666086513e+03
6.855352249210051014e+03
6.755912607665813084e+03
