8.062222046927183783e+02
-3.889067881683737227e+01
-4.496360135905575817e+02
-3.633389364803995250e+02
-2.827009286805333090e+02
3.283443528756116621e+02
9.870566945143377779e+02
1.488246057130843383e+03
2.442547844946751411e+03
2.970227825777245016e+03
3.985215661150031337e+03
4.270592835596808982e+03
5.021308200571628731e+03
5.344532626381601403e+03
5.602995303927124951e+03
5.447716488766442126e+03
5.530331664494578035e+03
5.774216774103365424e+03
5.508122194959926674e+03
5.774964513184545467e+03
5.922269795010173766e+03
5.949596499394438979e+03
5.699942553337243226e+03
5.943955917710226458e+03
6.204746190041616501e+03
5.959668665302809131e+03
5.819210590498633792e+03
5.942981737021286790e+03
6.228589570299131083e+03
5.585549804495123681e+03
5.709944194051583509e+03
5.665095703777402377e+03
5.951338987817652196e+03
5.400251671087803516e+03
5.715695895751269745e+03
5.666696247810260502e+03
5.308123800178511374e+03
5.205616317081191482e+03
4.986197628943900781e+03
4.433880938559826973e+03
3.915384323853570550e+03
2.955274691479924968e+03
2.418808690246748483e+03
1.810667251311619793e+03
6.362273385091976934e+02
4.743879996767757916e+02
4.171280483369631042e+01
-1.265719794434915713e+02
