3.963848126993428309e+02
-2.028663355423103383e+02
-3.759921924699026476e+02
-2.053234075600435915e+01
-1.233989844064884380e+02
3.264050404753641601e+02
1.281889850734061611e+03
1.831827911006530940e+03
2.640528869415136342e+03
3.774433998952507864e+03
4.220269899343710676e+03
5.002683656981919739e+03
5.254826622807345302e+03
5.477730561607603704e+03
5.807515034930236652e+03
5.567873275339425163e+03
5.768397642879514933e+03
5.699756770077860892e+03
5.634289256578893401e+03
5.657554765290497016e+03
5.935886588562590077e+03
5.919604167499792311e+03
6.232786158248733045e+03
6.023267331269219540e+03
6.167897505256330987e+03
6.192223831291687929e+03
6.157913456799386040e+03
6.392258736207317270e+03
6.029196413921419662e+03
5.983023429592121829e+03
5.838662756343693218e+03
6.160483082897303575e+03
6.007315896001012334e+03
6.016179635766050524e+03
5.779945122958593856e+03
5.779704337378710989e+03
5.979059312103245247e+03
5.317440788226352197e+03
5.298870969491945289e+03
4.274867390074252398e+03
3.923931710380541062e+03
3.321614783327070199e+03
2.286192495246201815e+03
1.738049510091997945e+03
9.447320411286528952e+02
7.810490939449757661e+02
3.062321612974488403e+02
2.086789230545091698e+02
