6.009138007561360610e+03
6.785342098820010506e+03
7.024814253797908350e+03
6.541346631623318899e+03
6.518221737670779476e+03
5.940928514567574894e+03
5.451448833604878018e+03
4.702466800359691661e+03
3.809756567485308551e+03
2.841762841779254359e+03
1.913720630418632481e+03
1.422507846365096611e+03
1.237669833069999186e+03
9.561554447124054832e+02
3.968136081638579640e+02
2.000449900185886634e+02
3.068794490182337427e+02
3.900435118048787331e+02
-2.125634360857353045e+01
3.361568918362686418e+02
2.273328443733931010e+02
1.784924770851197451e+01
-1.685967871488716412e+02
1.279941538373058449e+02
-1.520863429833948715e+02
1.717857711764341389e+02
-9.101230211972367101e+01
3.456959163596908979e+02
4.812103395301043065e+02
4.059617060695651958e+02
4.811462181530740736e+02
1.100889781333091832e+02
-7.986964307663201623e+01
1.955948199929425186e+02
4.995018280912546516e+02
3.018123808339896641e+02
4.770027401217677721e+02
4.397857120137234688e+02
1.596606437471377831e+03
1.809269812730624153e+03
2.324875011801348137e+03
2.976293473354699927e+03
3.971200133314908271e+03
4.861359099929807599e+03
5.302534777701060193e+03
6.036444507350259300e+03
6.022135344347313548e+03
6.343256962929670408e+03
