6.152686914803231957e+03
6.849407992717243360e+03
6.980372231025106885e+03
7.159874209153782431e+03
6.761835272296912080e+03
6.431279056052080705e+03
5.626856490866531203e+03
4.620718213406768882e+03
3.658699887505851166e+03
2.950825934954829336e+03
1.936770166507995100e+03
1.958817756272969518e+03
6.427073526721894723e+02
8.260606866062121298e+02
8.817778010231193093e+02
1.987742314635337948e+02
2.725063069983113451e+02
4.295366036285468567e+02
2.506344475745862326e+02
3.997453424900608638e+02
-4.304054109679230855e+00
-1.521555001405466783e+02
2.735580182100436559e+02
1.936756280536085342e+02
1.109807962539006780e+02
4.198200061949039963e+01
7.030127882788620441e-01
-1.810918485018357558e+02
1.887818971594055597e+02
1.199181047275173171e+02
5.317387251128122472e+01
6.070538372203382096e+02
1.419054597275590766e+02
1.050026755675593648e+02
6.137538623795857120e+02
5.079970958493272519e+02
6.843644522927058915e+02
7.556198169109220544e+02
1.385185625543511833e+03
2.055752748517546024e+03
2.225247795823557226e+03
3.278708464851898043e+03
3.855963361341393465e+03
4.803274195063518164e+03
5.523284176546509116e+03
6.005948101182419123e+03
6.285957180749210238e+03
6.634537982184298926e+03
