6.670820285459199113e+03
8.789962708719222064e+03
7.252117374867149920e+03
7.819566859536040283e+03
7.667080124642899136e+03
7.968610379342086162e+03
5.982521349527114580e+03
5.081434705064485570e+03
4.367068475222879897e+03
3.428498034277057286e+03
2.830081836816410487e+03
1.942018625656181484e+03
1.266567006768560532e+03
1.113856357525118938e+03
4.029899904325899911e+02
3.161077422742059184e+02
4.486212232408822729e+02
6.274996551286136537e+02
5.486927356631852035e+02
5.174621646075138415e+02
3.084422502496844345e+02
-2.074999529597148751e+02
3.483439808499140327e+02
5.544305513008357877e+01
-3.384271862199199745e+02
2.879881474077859025e+02
-2.263654848574733762e+02
-2.809560230742837206e+01
-3.514359969111794868e+01
2.645295651959827410e+02
5.395473951655093714e+01
4.956075568848903004e+02
5.849795752562571352e+02
5.371947637219406033e+02
3.892129345270045064e+02
7.207265406575149882e+02
8.059664145957543724e+02
7.221922971337719446e+02
1.796934890734512692e+03
2.309465374989434167e+03
3.126533859092050079e+03
3.987801663230085524e+03
4.325819357872278488e+03
6.723662632849961483e+03
5.735890665929754505e+03
6.642051898553067986e+03
7.436588886058435492e+03
6.796630506287192475e+03
