6.361161564675909176e+03
6.715390799819218046e+03
6.977582651352521680e+03
7.354788810195554106e+03
6.918287138111226341e+03
5.875254260486227395e+03
5.238759909242484355e+03
4.434868548226505482e+03
4.013291487234813303e+03
3.019934579803129509e+03
2.435841585147099067e+03
1.590369359185682015e+03
9.853245554225009073e+02
3.951280687983678490e+02
6.860568786035005360e+02
5.898137910490165723e+02
4.791695965814431020e+02
2.507507058388597727e+02
8.820632121130104508e+01
7.966534230480729661e+01
3.760249590954740029e+02
1.904444255534308468e+02
2.240557950997913963e+02
2.731867012283205440e+02
-3.182794209113094439e+02
1.840580302104384884e+02
-1.549118403842493308e+02
1.235204558999983107e+02
2.455419836995114338e+02
-8.232699984500042589e+00
2.359041045832683210e+02
-2.363779365108765163e+01
2.307767878878730130e+02
1.490065014352525736e+02
2.852914770343576265e+02
4.021163363511399780e+02
7.038238909078056622e+02
7.700354374126613948e+02
1.218298237046818258e+03
1.567773235098928353e+03
2.725807609519923517e+03
2.777450337063564348e+03
3.914629012992774278e+03
4.968996460857888451e+03
5.493026397440826258e+03
6.549127077345679027e+03
6.396729860528971585e+03
6.454861199580465836e+03
