6.604970483351216899e+03
7.001754090881756383e+03
6.942651092931743733e+03
7.269596404757659002e+03
7.055661995299201408e+03
6.229972229536381747e+03
5.507201413700218836e+03
4.904211369280687904e+03
4.302855611696293636e+03
3.017533827349210242e+03
2.339499333669862608e+03
1.544554270123580409e+03
9.004870752500079334e+02
9.546589642308141492e+02
8.835448042905817374e+02
1.290699267196739015e+02
6.218302152514322643e+02
3.113340221707655928e+02
2.173555701573663441e+02
3.619469774153736239e+02
2.164556934655922475e+02
-4.076151619975266271e+01
1.833584398974803378e+02
-8.358543109228412504e+01
-1.692141412571939156e+02
-3.771398908485865036e+02
1.069696505387857570e+02
1.871147502492678711e+02
4.982598668891874354e+02
4.336950866734200645e+02
3.562673838423455095e+02
4.021910682780503521e+02
-8.292537141035145609e+00
4.099704722696542376e+02
3.168497180818995389e+02
8.219688761927785663e+02
7.639805780543011906e+02
1.225981099064253840e+03
1.091031248614846390e+03
2.076888858223574516e+03
2.511019187317228898e+03
3.162828820999453910e+03
4.227728088890030449e+03
5.381231974439977421e+03
6.101968157447523481e+03
5.810033392987493244e+03
6.314397779407142480e+03
6.938463916621279168e+03
