7.200470139003731674e+03
9.274129930580713335e+03
7.706438717264329171e+03
7.010398338744964349e+03
7.490528094221780520e+03
6.399921926858211009e+03
5.163606276910193628e+03
5.131559510622930247e+03
4.130967995511618938e+03
2.601838920662831242e+03
2.476617530707855167e+03
1.845588384304685405e+03
1.455315280076729778e+03
9.105698641904767783e+02
4.458796959814883394e+02
5.405167070729330590e+02
4.805720336949909779e+02
-2.316462687197824266e+02
3.134220869073647009e+02
2.340205380776067727e+02
1.446860506161299895e+02
-5.335897458738938326e+01
3.658563587449567223e+01
1.235625976931215746e+02
4.647067411409047395e+02
-2.008883427125826415e+02
2.191257970637717278e+02
3.413910314698723028e+02
2.410924892872643568e+02
3.687931724102519411e+02
8.807585585715312959e+01
7.455082493852374625e+01
1.450876545998896177e+02
2.250614011986100138e+02
2.788347048983078480e+02
4.852359248933171898e+02
5.774186812539561515e+02
6.803154175807187585e+02
1.095033643772374944e+03
2.311634168190310447e+03
2.726543052206046923e+03
2.815770469024041631e+03
3.882547247834453628e+03
5.586083934771237182e+03
5.837991181680699810e+03
6.003533921015608030e+03
6.596792404949214870e+03
6.370123320907980997e+03
