3.853313002531428424e+02
1.162599921505991460e+02
-3.133757908123603784e+02
-2.794887278586882076e+02
-2.746590208596200711e+01
1.187391283532639505e+02
1.053885207867781901e+03
1.672573724229991285e+03
2.422311798366802577e+03
3.219138121793258506e+03
3.801581061766558832e+03
4.128381057975256226e+03
5.087808370057194225e+03
5.382331381180164499e+03
5.648067855263996535e+03
5.708553406474149597e+03
5.574831282620400088e+03
5.779935555675268915e+03
5.957025985327278249e+03
5.724230506022668123e+03
5.701820999332887368e+03
5.852642554196258061e+03
6.128307653492915961e+03
6.120759395220020451e+03
6.069734838055508590e+03
6.054370780049740461e+03
6.081803877335115430e+03
6.013270147430859652e+03
5.827807763166788391e+03
5.696774854306352609e+03
6.055926499058210538e+03
5.756259433680371330e+03
5.982630619221548841e+03
5.801188206244858520e+03
5.478456727768650126e+03
5.803239268870561318e+03
5.446336397299163764e+03
5.413204327460362947e+03
4.896627404033270977e+03
4.304391456363406178e+03
3.875255628926799091e+03
2.991655694158640017e+03
2.366873481001838172e+03
1.510853484339126226e+03
9.383523676948086631e+02
4.867650094866473296e+02
-2.383821215895097794e+02
1.403121647803229450e+02
