6.106587573172630982e+03
6.311461469206821675e+03
7.001982232737366758e+03
7.207647168251748553e+03
6.810363977942440215e+03
6.529720491871601553e+03
5.478265929029633298e+03
4.755496649727872864e+03
3.602787342890369018e+03
3.044932074901612395e+03
2.228544358907419337e+03
1.394499546376852095e+03
1.234693817086797480e+03
6.529803744518435451e+02
2.412309283350060696e+02
3.287505161917598002e+02
3.677647190574412406e+01
6.485343315801435438e+02
1.764616067746956958e+02
2.723485743223566260e+02
5.251135912845408029e+02
-4.210805410008192666e+02
5.613722030048382550e+01
-3.432844549418718429e+02
-2.901767114219487098e+02
3.019575456334366663e+02
-7.771055685072160202e+01
-2.010868738790885004e+02
-5.004000037097661675e+02
-3.458605780402620553e+02
3.634861067583316867e+02
2.730486844302146210e+02
7.548038671534055766e+02
3.397877609877162399e+02
6.891823150684402890e+02
1.955281835945492048e+02
3.994916820032092915e+02
8.010624548717246398e+02
9.850736396971145723e+02
1.590351336918328343e+03
2.497024259432469535e+03
3.256095712282698969e+03
3.907152685464644037e+03
4.918696496477396977e+03
5.510948600625413746e+03
6.537223635990875664e+03
6.198607814105833313e+03
6.346286825048105129e+03
