6.758530545338081538e+03
7.873742842952899991e+03
8.308093758886740034e+03
6.801096250678520846e+03
7.813542013728733764e+03
7.007418079328843305e+03
5.881048898069781899e+03
5.317327288431007219e+03
5.297222536033729739e+03
4.272271585300016341e+03
2.458797108557423599e+03
2.284929809607488551e+03
1.252460707596236034e+03
1.478721068146970765e+03
6.831783085985179014e+02
5.944036374776832190e+02
5.020186569449596732e+02
5.725602256486561146e+02
5.002002568294581692e+02
6.013974416895747481e+02
4.694369536506483769e+02
5.113697596966289893e+02
4.089133411916382244e+01
1.977506200527833613e+01
-6.796394526421819648e+01
3.788524844199422925e-02
5.158950044977122928e+01
4.954207811401060013e+01
2.133257532704744790e+02
8.912700309342072558e+01
5.148701067579490882e+02
3.431673465184105112e+02
4.618330475416846070e+02
-1.202994994121522581e+02
5.842534465248136257e+02
7.979707227744654574e+02
3.643055675321580793e+02
9.904574078156446149e+02
1.442595863000084137e+03
2.460622868214307800e+03
3.255769421965029323e+03
4.181528388614757205e+03
4.113673564560295745e+03
5.355432377518833164e+03
5.912906155748412857e+03
7.283394884013943738e+03
7.204844581382352771e+03
7.620417857404340793e+03
