8.451405438191344501e+02
-7.334479638163116988e+02
-1.250429245712689550e+02
-9.893142892615534834e+01
1.694136547844301788e+02
-5.713188128982369562e+01
8.449729771371065681e+02
1.518862726150982780e+03
3.376239991814240511e+03
3.584718081331745452e+03
4.139901424501237670e+03
4.742032045859915343e+03
5.221478638690371554e+03
6.099560864324617796e+03
5.299531104126954233e+03
6.132378988455815488e+03
6.371366188794723712e+03
5.776558488711474638e+03
5.916790764605600998e+03
6.361611553687561354e+03
5.975548185151962571e+03
6.126428420318883582e+03
5.760529937069538391e+03
6.518259574835494277e+03
6.657562377529624428e+03
6.585805962313815144e+03
6.255420357883559518e+03
6.173790831104699464e+03
6.146839613704913063e+03
6.185612082208737775e+03
6.196347946357506771e+03
6.046599506122276580e+03
6.094370473282199782e+03
5.700131013752837134e+03
6.021473305794857879e+03
5.813728613658297036e+03
5.345716948228255205e+03
5.709224953638749867e+03
4.668064272751747922e+03
4.285254115757915315e+03
4.206201200647484256e+03
3.226101314063943846e+03
2.467709634024416573e+03
1.570728234240091524e+03
1.004272004131569133e+03
4.914984120620597423e+02
4.854675899595106614e+01
-1.594966769523732175e+01
