1.067405819104914735e+04
8.134309286474091095e+03
7.611544637305729339e+03
8.733923431556926516e+03
7.548103245476397205e+03
8.091524473486389070e+03
6.957475581655096903e+03
5.844953658281782737e+03
4.256155213890238883e+03
3.610577763800976754e+03
3.162629298534511690e+03
2.018364777675223877e+03
1.005338078209726064e+03
1.679114485063286111e+03
2.480383690096679459e+02
6.736282108804990685e+02
6.995702839141200684e+02
8.686646803717668490e+02
2.844280757830674133e+02
4.087875988159917995e+01
3.052665382153661540e+02
8.837905336466734241e+01
-1.757640705733500681e+02
-1.328775085720412221e+02
9.642781527767158423e+01
1.958618225835471378e+02
1.207301894443409118e+01
-2.784547258519598358e+02
1.564668054650905447e+02
3.085680397512448394e+02
4.238370134579033106e+02
1.727042503230054820e+02
5.992677906378393118e+02
4.918627253676050941e+02
1.073076683767163104e+03
7.059376977334095500e+02
1.155325868364614507e+03
1.055881491324526905e+03
1.844373203633467256e+03
2.504941839242439528e+03
2.822471804985063955e+03
3.583442530896991229e+03
5.251517987730651839e+03
6.937073324294225131e+03
5.788436046331747093e+03
8.542654618293921885e+03
7.320631053240123947e+03
7.614236254824834759e+03
