2.194256221746845767e+02
3.202431657499539597e+02
-1.159462706774880445e+02
-3.210722036169947842e+02
-3.860980341545003398e+02
2.834477205243408662e+02
1.011086583395527782e+03
1.810383844949185232e+03
2.708559697101865368e+03
3.727292356071778613e+03
4.390961803203621457e+03
5.317743123555460443e+03
5.377140855528828979e+03
6.283558058497736965e+03
6.295482557795102366e+03
6.315193032335980206e+03
6.511578088577550261e+03
6.342648288501828574e+03
6.378872827259840960e+03
6.288671820522808957e+03
6.466109884665492245e+03
6.424578261625953928e+03
6.589702153820969215e+03
6.481689818923464372e+03
6.793990013340353471e+03
6.881201635348465061e+03
6.544276866177438933e+03
6.764820301906280292e+03
6.549453817153514137e+03
6.388810858608037051e+03
6.184938858032195640e+03
6.740639321593230306e+03
6.156083693305441557e+03
6.257148998732524888e+03
6.387976571687948308e+03
5.930871854837355386e+03
5.978538592655128014e+03
5.782035646428016662e+03
5.518378118711784737e+03
4.693715332179038342e+03
4.022277376711068428e+03
3.669508776525087796e+03
2.222351869119829644e+03
1.494354397061892996e+03
1.132947945568557088e+03
9.745714310497952511e+02
5.677566961806559220e+02
6.990199875435874901e+02
