-1.305210303355217434e+02
-1.328484083313307167e+02
-1.522025594566018754e+02
5.528314282361098719e+01
3.100112756560426988e+02
5.027757964380299427e+01
8.182661597602958636e+02
2.306682071205711054e+03
3.023439876183456363e+03
3.648336893871632128e+03
4.466373283423825342e+03
4.778569566720178045e+03
5.494088503751306234e+03
5.632179942430458141e+03
5.719941014712205288e+03
5.716531922294539072e+03
6.093875924610760194e+03
5.994551476968134921e+03
6.076332736117352397e+03
6.014242658976497296e+03
5.928134190684415444e+03
6.518924129311299112e+03
6.164156373113943118e+03
6.503750489486888910e+03
6.222892878882077639e+03
6.602709914581279918e+03
6.331570514781255952e+03
6.402629380190660413e+03
6.045718599721321880e+03
5.997599035839090902e+03
6.269801563497200732e+03
6.389120391307023056e+03
6.095532871162854462e+03
6.393409486415604079e+03
5.905745178606844092e+03
6.261336702655805311e+03
5.930652245381019384e+03
5.558129067692299031e+03
5.565254998535428967e+03
4.608402225734004787e+03
3.450569600123236341e+03
3.731379297256703012e+03
2.792252658008648268e+03
2.123211286510334958e+03
8.742018075674657211e+02
1.011941376384097111e+03
4.418718808115176557e+02
9.825913907503310156e+02
