6.215563446558550822e+03
6.939948485538568093e+03
7.396728862719340214e+03
6.768877285494922035e+03
6.745985176506010248e+03
6.071254618440855666e+03
5.382336401605124593e+03
4.620847243878180052e+03
3.723528015122045872e+03
3.260819015171991850e+03
2.363029602956980398e+03
1.484094572834723067e+03
1.195633884225985184e+03
6.465953339149651811e+02
4.008546605968460312e+02
5.867142765327317875e+02
4.176139034602789479e+02
3.457070577195733563e+02
8.437947144702019386e+02
2.664385148941894386e+02
3.464686445073626828e+02
5.200855724506153592e+02
2.820322251245515872e+02
1.452276036350505706e+02
2.297364321827484730e+02
-3.270403585586286113e+02
-5.900991015852083521e+00
2.414089339033166084e+02
6.168867640277957776e+01
9.500328937762360511e+02
4.105367562740924114e+01
3.026539331278718237e+01
7.087540377946278340e+02
1.502709372535965429e+02
2.183846342739109900e+02
8.274634316026920260e+02
4.247709984382936454e+02
9.699188833942382644e+02
1.321111188082939861e+03
1.915190698324441655e+03
2.836929672885773925e+03
3.039603777243595687e+03
3.835188077641202199e+03
5.015614939061341829e+03
5.356460210431588166e+03
6.019801913983137638e+03
6.504314117059027922e+03
6.345969314738487810e+03
