6.345480172570336435e+03
6.491433307794966822e+03
6.983573808294275295e+03
6.522877454887834574e+03
6.517123095897059102e+03
6.575891337088834007e+03
5.260113113857968528e+03
4.527159632606772902e+03
3.752371696074601459e+03
2.825012982482104690e+03
2.598481776299724061e+03
1.995978193930946873e+03
1.309133127621247468e+03
6.898771518951258486e+02
8.952743842064742239e+02
4.517853438833920450e+02
1.023367653640652179e+03
2.077211458599216769e+02
4.678526321992667363e+02
2.989252288467810104e+02
3.375876504847578872e+02
-1.598557293585547256e+02
3.133356407491122013e+02
1.723415651614695605e+02
-1.551982016447575177e+02
7.968247234818430513e+01
-1.000521454705143753e+00
-1.522727917126357795e+02
1.824728014532526643e+01
5.047386879216350053e+02
4.017805901232451333e+02
3.168402384114128836e+02
9.071151465980585726e+01
3.478765251149010851e+02
2.368938662063341027e+01
6.053567145024563843e+02
1.711754493227391549e+02
8.629533778015762664e+02
1.248150097975554672e+03
1.532172448405907289e+03
2.881263167536110814e+03
3.122219016409223514e+03
4.167317308923476958e+03
5.055592120745284774e+03
5.331953954328082546e+03
6.424297556012112182e+03
5.865028393315534231e+03
6.490441513501193185e+03
