4.599020369978083522e+02
-3.938439266862132513e+02
-3.670044527901966944e+02
-1.767628964294069647e+02
9.056992498642079781e+00
4.686522464093614531e+02
1.123635981790861706e+03
2.200766282358312765e+03
3.051438568151737400e+03
4.090599863115936387e+03
4.337435022631795619e+03
4.910481821264815153e+03
5.644749093515316417e+03
5.813735710181177637e+03
6.222788737002134440e+03
6.115268563379278021e+03
6.614835710078574266e+03
6.591708924223332360e+03
6.032003069758852689e+03
6.500518155118843424e+03
6.638453706843504733e+03
6.411881910733274708e+03
6.892030565115449463e+03
6.340448303353943629e+03
6.899168839600621141e+03
6.594438575581571058e+03
6.984674162353846441e+03
6.429177298282518677e+03
6.656416815102984401e+03
6.278379722792301436e+03
6.638368122463920372e+03
6.549841007813450233e+03
6.140429324319319676e+03
6.325959500598836712e+03
6.343087180746279046e+03
6.410438936257572095e+03
6.229107643042814743e+03
5.940753206736163520e+03
6.006972573986289717e+03
4.748218068245620088e+03
4.129059898502703618e+03
3.331134659907774676e+03
2.884704452929625859e+03
1.687648811000638261e+03
1.064692051297349053e+03
6.846604385362943503e+02
9.383814966437910243e+01
9.702973161449290274e+02
