6.972591362000845265e+02
2.267433479261621017e+02
-7.642025329827821452e+02
-8.471480710633197759e+02
-2.033346185208615680e+02
8.906827384407146155e+02
1.161407203302981770e+03
1.742579890517967215e+03
2.395178577311994104e+03
3.701409327529909660e+03
4.143857082742533748e+03
5.300905321657052809e+03
5.358894227294535085e+03
5.607207184929989126e+03
5.701086069801119265e+03
6.133044382197328559e+03
6.007243857523902989e+03
5.864763539072432650e+03
5.940308503928586106e+03
6.103526233749751555e+03
5.678091037764460452e+03
6.150112207056755324e+03
6.128909533721549451e+03
6.486431892204676842e+03
6.652777420476253610e+03
6.255926135086428985e+03
6.513888677780504622e+03
6.147360550082731606e+03
6.180080576208204548e+03
6.308883832510548018e+03
6.114371113628569219e+03
6.809975247957193460e+03
6.205122086450123788e+03
5.931881166017863507e+03
6.156282977208866214e+03
5.907428366231357359e+03
5.954839566602017840e+03
5.717855096335145390e+03
5.019203636548539180e+03
4.324404733185023360e+03
4.228873944414352991e+03
2.914104293871394930e+03
2.731983828034750786e+03
1.608378274689933505e+03
9.422399104886656005e+02
1.030799367153952289e+03
4.827377031083655368e+01
-1.951337164168032814e+02
