6.272701454516273770e+03
7.195028721974054861e+03
8.475708995349017641e+03
7.912663039697429667e+03
7.015578478615251697e+03
6.202916400005987271e+03
5.939689287376955690e+03
5.181308884340880468e+03
3.747461005838460551e+03
3.398647513787728258e+03
2.231581894320327137e+03
1.777835044670927800e+03
8.049951168723018782e+02
9.815272853986012933e+02
6.249965027576326975e+02
1.654420239856253261e+02
4.290637330308916830e+02
6.892855592717844502e+02
1.547954999303508998e+02
8.350093890572034070e+02
4.622239974931055713e+02
4.431296420154187103e+02
8.162204479194060980e+01
2.342350692179395537e+02
-1.741970851659584127e+02
1.142670375295001293e+02
2.481424445322044789e+02
2.443956637695642087e+02
-9.424919728523703100e+01
-1.771663142700343769e+02
6.123822999604574306e+02
-3.111269747078980004e+02
3.014854710105895492e+02
-2.478824618095258003e+00
4.894927601191787971e+02
3.780152548763387585e+02
4.524167246862312481e+02
9.279434436838538431e+02
1.189023338528469139e+03
1.537361426132888027e+03
2.897449336409774332e+03
3.457131712629699905e+03
4.525882049713176457e+03
5.634256678690396257e+03
6.078494095109428599e+03
6.438141086514685412e+03
6.531465884015610754e+03
6.541976642297098806e+03
