6.606628695284496644e+03
6.883754490630728469e+03
7.204827520114039544e+03
6.821846547578142236e+03
6.554371717491298114e+03
6.634032913462407123e+03
5.111348053314291064e+03
4.567195133392166099e+03
4.076521669405286048e+03
3.168595650080104861e+03
2.302020166755100490e+03
1.284241768168627914e+03
1.323447868305467637e+03
1.041991175838270465e+03
5.299366886980967593e+02
7.615796773687288805e+02
2.310025847328456052e+02
4.201257012944949452e+02
5.130133426049410446e+02
6.414227187634596703e+02
3.926195451738614679e+02
5.325459470138955567e+02
2.472674234471242016e+02
1.990699124553445074e+02
-1.710670807636806217e+02
-7.003820021690826536e+01
2.310055803410376143e+02
-4.150189120017673758e+02
-4.351055508184023779e+01
2.586365674517966227e+02
3.613139981990480578e+02
1.501006697482787331e+02
6.218737602565556699e+02
2.288595770655397814e+02
-9.018792814669028246e+01
5.075951677344581867e+02
8.697523986396365672e+02
6.461832807810183112e+02
1.319095247346128872e+03
1.754805037819658992e+03
2.326293456423582029e+03
3.298930104772319282e+03
4.249146765638653960e+03
4.709383263892034847e+03
5.609958664431936086e+03
5.951639119057836979e+03
6.502981235961382481e+03
6.840921566147744670e+03
