8.282159036924492739e+02
-1.305025226357732322e+02
-2.963717500066413209e+02
-5.916646778827714570e+02
-1.237165306897551460e+02
3.140395775224896511e+02
1.340724542805262672e+03
1.998766843176924567e+03
2.727827291805496316e+03
3.362242373696318737e+03
3.898063145512326628e+03
4.499038998680372970e+03
4.995178298207164516e+03
5.435302926363575352e+03
5.375037865247567424e+03
5.706777161037271071e+03
6.055213390224347677e+03
5.628227970021309375e+03
5.790828735492244959e+03
5.280274265162786833e+03
5.955351852964317914e+03
6.005996036022324006e+03
5.638036418607370251e+03
6.044887852477635533e+03
5.927218037732386620e+03
5.901933095075842175e+03
5.757096323328527433e+03
6.051504104261007342e+03
5.804735504229406615e+03
5.901469211427865957e+03
5.863801614745112602e+03
5.659337985209381259e+03
5.778791695937340592e+03
5.618480377523947027e+03
5.650070103627309436e+03
6.099877590156858787e+03
5.457098131309254313e+03
5.298004210699712530e+03
5.003031834352594160e+03
4.884541718519599272e+03
3.515010825542537987e+03
3.086571508838529098e+03
2.431629440037456789e+03
1.587457097393491267e+03
1.139464329987757992e+03
2.535010275003121194e+02
2.676027904603769230e+02
4.580824249989896657e+02
