6.557361713224286177e+03
1.006935229589598930e+04
7.557293771698216915e+03
6.761517957826165912e+03
8.383766289873245114e+03
5.870576387775133298e+03
6.479037895536370343e+03
5.869005423130707641e+03
4.303804923130864154e+03
4.161529797197346852e+03
3.091124635681668224e+03
2.076102293102661406e+03
1.267388611103324138e+03
7.737855451732823440e+02
1.190326266532990985e+03
7.941023780568802977e+02
9.450799713909950697e+02
3.536413491632806085e+02
4.267623546306123217e+02
5.791597098532459995e+02
2.468803231438892567e+02
1.288346165697468848e+02
7.242842663678297299e+01
9.774228672676630936e+01
1.465462386159565256e+02
-1.498263894899404924e+00
-3.159200042664051011e+02
3.545432847973417552e+02
-5.537722537700573611e+01
2.425304049526318408e+02
-1.211675987168989188e+01
8.166466077860569328e+01
6.575912225239525242e+02
-2.142895888191443632e+01
3.422469870766375379e+02
1.519458693583611080e+02
6.791977658974387850e+02
1.044419933976144421e+03
1.785212507055522110e+03
1.926507194385493449e+03
2.980110912824874958e+03
3.776132352083669957e+03
4.500640303390659938e+03
5.053884151531497992e+03
5.746391622228848064e+03
7.649615188206517814e+03
8.265541439443550189e+03
8.537770290680226026e+03
