7.037219809722275841e+02
8.838974941048657286e+01
-8.044643964514335721e+02
-1.447563855338673591e+02
-2.208126637222637498e+02
3.779217153248516752e+02
1.044868380282998032e+03
2.058727891178416485e+03
2.770000906510259938e+03
3.723875417982618728e+03
4.261123030345989719e+03
4.682267883882806018e+03
5.322025348795669743e+03
5.428685225276391066e+03
5.984012654361813475e+03
5.828198530391794520e+03
5.968127326620668100e+03
6.107112735669229551e+03
5.743517035071637110e+03
5.997925536787186502e+03
5.958992483610078125e+03
5.724559245966773233e+03
6.280448057587024778e+03
6.412474231747914018e+03
6.234777985905849164e+03
6.473104110153313741e+03
6.233191289676651650e+03
6.211821274646853453e+03
5.853789517919612990e+03
5.769911380365437253e+03
6.305221393401421665e+03
5.875155457108895462e+03
6.158201604465420132e+03
5.950214930867928160e+03
5.965936608423674443e+03
5.652968090809477872e+03
5.425932198133032216e+03
5.228551966203955089e+03
5.283467068824857961e+03
4.166266730071602069e+03
3.971800151146040207e+03
3.002640455122338153e+03
2.253137780751364971e+03
1.743454697673749479e+03
1.078330667426773289e+03
4.274682623353373856e+02
1.966243959639496950e+02
1.009426188436400253e+03
