7.311368747312087180e+03
7.303471292945539972e+03
8.394972923395162070e+03
8.625777295881942337e+03
7.189761991558938462e+03
6.261262528125665995e+03
5.427706044227435996e+03
4.813261178734803252e+03
4.006845397676583616e+03
3.366791846716343571e+03
2.320180637784515511e+03
1.131513899643150353e+03
9.421189326589130815e+02
1.012957703525357374e+03
6.794571753125637770e+02
3.453577245415530683e+01
5.851152473348512331e+02
4.733372892508377276e+02
3.927818306464459965e+02
5.255501562448843060e+02
-6.551418235695022929e+01
3.717465619254246434e+01
2.849382362673657099e+02
-4.369950648780275060e+02
8.307098352852678147e+01
-9.865289330000302925e+01
5.312094499924544380e+02
3.788091507852709015e+02
2.267112813690422684e+02
-1.622998886277408559e+01
-1.076764392744963885e+02
2.172710868949019698e+02
3.998582278326202868e+02
1.499529750408647715e+02
4.932908542022542520e+02
7.455437409394121460e+02
6.094733019102062599e+02
1.135253270038683013e+03
1.642308706020130785e+03
2.116569342778012469e+03
3.045248029213305472e+03
3.770948474368177813e+03
4.082848800829937773e+03
4.739543917476743445e+03
6.200798820398247699e+03
6.314830758127204717e+03
6.883945786768653306e+03
6.853776452737252839e+03
