1.731432640035147870e+02
-9.159777397646927000e+01
-5.193909180764485427e+02
-3.304133103137638727e+02
9.667723679333117559e+01
6.715815015698381103e+02
1.040435814083889227e+03
2.237301817058129927e+03
3.165306347790884956e+03
3.322857529521813831e+03
4.594437843571057783e+03
5.064237801765274526e+03
5.959586523562391449e+03
5.759111569526438871e+03
6.020203779042270980e+03
6.161805479954198745e+03
6.161453551109587352e+03
6.206374233988658489e+03
6.172910961823583420e+03
6.808080810691542865e+03
6.138859164290524859e+03
6.579620179420556269e+03
6.404750499796376971e+03
6.319329047405696656e+03
6.606510811251210725e+03
6.314396745670759628e+03
6.693722537581867982e+03
6.670044158250330838e+03
6.268896816575876983e+03
6.324040378062192758e+03
6.377735930890726195e+03
6.073944694381730187e+03
6.090294309602632893e+03
6.178038638304848973e+03
6.237266195913195588e+03
6.649391401198226049e+03
5.671641241053818703e+03
5.644357303763657001e+03
5.458465018599791620e+03
4.641442279387973940e+03
4.176302792136341850e+03
3.048869034259246746e+03
2.536623854766285149e+03
2.281583450822850409e+03
1.279494098214586074e+03
2.491518849776267359e+02
2.537586146502942768e+02
3.986633853013336761e+02
