9.887582943252236873e+03
1.044599292852288636e+04
8.725771770192593976e+03
6.973952786196750822e+03
8.704716757405454700e+03
8.048932752576371968e+03
7.059693952563531639e+03
6.637240121302934313e+03
5.120792357633410575e+03
3.484434578087023056e+03
2.427383372697156119e+03
1.809723875700745793e+03
1.499037449982530461e+03
1.336834277219762498e+03
1.228707670240744164e+03
6.958780776768658143e+02
2.059593934783042641e+02
4.210534241266731215e+02
5.830940836328824162e+02
5.616567022620532725e+02
3.260497691221019068e+01
2.160727748789792315e+02
2.404068898479277152e+02
3.050195278371455174e+02
1.922104033216423602e+01
-5.085046167852954113e+01
4.063471416318295155e+02
5.709013846612597121e+01
6.355399098455510511e+02
1.230495065276694078e+02
3.861688600645140355e+02
2.502257443049515473e+02
3.474116001902449398e+02
7.142422064208464008e+02
2.206726934553733770e+02
7.213825647541816579e+02
8.102362800228288506e+02
7.624353356219205580e+02
1.196771507786670327e+03
2.337993405921599788e+03
3.181807475664303183e+03
3.440262333556353042e+03
4.409316410121419722e+03
4.720331139370234268e+03
5.995996579566491164e+03
7.246983449279401611e+03
7.751893217181025648e+03
7.490091132535508223e+03
