9.259841966463245626e+03
6.631537652766941392e+03
8.075173359916861045e+03
7.186580668905637140e+03
7.109816042558551089e+03
7.183189008139926955e+03
6.057680043473605110e+03
7.824532553028760958e+03
5.421420023865289295e+03
3.236664841456665272e+03
3.159289619760654659e+03
2.366687576779897881e+03
1.231244204053396516e+03
1.005215308544752361e+03
1.371221936169031324e+03
5.380302342826607855e+02
-8.115840015996275270e+01
3.396693390296017014e+02
1.885702197214337161e+02
2.127106839122080828e+02
3.421929687849467996e+02
-9.262246666884351498e+01
5.866555536453447530e+02
-1.075914527734993342e+01
-1.442019931350920388e+02
1.239972686127252217e+02
1.021560092622532352e+02
1.200596792708429348e+02
1.763909245931438647e+02
3.034697885280816649e+02
1.817808891009341892e+02
2.232009436536460782e+02
3.775000152943836156e+02
4.621616282444512649e+02
7.786130611731132944e+01
7.568741389105373401e+02
6.770958172067059877e+02
2.444641390603057516e+03
1.312180969884215756e+03
2.288479521561993806e+03
2.969720305921615363e+03
3.932454131443951155e+03
5.024715363571238413e+03
5.771466689401608164e+03
8.192352803075977135e+03
7.216536058220529412e+03
9.704964293294951858e+03
7.327070477284611115e+03
