6.554543022825990192e+03
8.733696409725956983e+03
7.692569354288132672e+03
9.478957273772071858e+03
8.004950287179258339e+03
7.894908539117371220e+03
6.878917230990884491e+03
6.668245858733302157e+03
4.517941936183648977e+03
3.371050031244155434e+03
2.869349783226602085e+03
2.223661688675073492e+03
1.142231050056013373e+03
9.112635551753083973e+02
5.343581176013162803e+02
9.700884866438250356e+02
1.174326433299062501e+03
9.445436483428530892e+02
3.887751220713691964e+02
5.365308030537943296e+02
4.221237970708963303e+02
2.384758357668388271e+02
-1.451389803991618237e+02
2.222706820027378072e+01
-1.250151591007467147e+02
2.727014054378851711e+02
1.633711554215031185e+02
-1.801660025660186477e+02
-5.011712399029061515e+00
6.870506165706281081e+02
4.396293509905968904e+02
2.602112759494090142e+02
4.121807683664058573e+02
5.868458076068027367e+02
5.300344221570035188e+02
1.166590855983465417e+03
1.055152238394336564e+03
8.556228885208174688e+02
1.728794235903650360e+03
1.764957735714796854e+03
3.725909495450102440e+03
3.711451576555230076e+03
5.080590307810280137e+03
6.031179526029606677e+03
6.157316711003171804e+03
7.030068000319004568e+03
7.207460922860893334e+03
9.115154713802858168e+03
