4.525942573104844655e+02
-1.107105891149232804e+02
-5.101147308157315479e+02
-3.883861821705865935e+01
-2.763830589052846562e+02
4.834527397425101185e+02
1.526672055180112693e+03
1.974616631558731115e+03
2.841786991254084114e+03
3.713692978074953317e+03
4.479305357713814374e+03
5.024393292836234650e+03
5.190172699731414468e+03
5.704635437135196298e+03
6.125369116102847329e+03
6.296755361647868995e+03
6.276161825609861808e+03
5.930668756163845501e+03
5.975521219415817541e+03
6.142928686708114583e+03
6.190108296982486536e+03
6.303237045956692782e+03
6.080033950268049011e+03
6.354738663979417652e+03
6.442808502624135144e+03
6.446397880735707076e+03
6.577376070198555681e+03
6.451649078956589619e+03
6.557087599529942963e+03
6.553861003849520785e+03
6.244792004252070910e+03
6.471958422497520587e+03
6.323797999340935348e+03
6.043117092699987552e+03
6.351278072907737624e+03
5.649146613597236865e+03
5.747337171487189153e+03
6.060646119046627973e+03
5.046493341266851530e+03
4.905173762857182737e+03
4.189205511415669207e+03
3.656218378379807746e+03
2.529269386469009532e+03
1.679202113636724789e+03
1.689934231013601902e+03
9.398169807564423763e+02
4.390543208043282561e+02
3.986814589944409022e+02
