8.053727864935570324e+03
7.009783130181762317e+03
7.763024073536194010e+03
8.390278718194031171e+03
6.980689644973388567e+03
6.630250159452829394e+03
5.450155884293463714e+03
5.168730641064314113e+03
4.239662172692948843e+03
3.624084632836246783e+03
2.757051646072677158e+03
2.531621311615063405e+03
1.458919384887458591e+03
7.238934784542736907e+02
1.226263517410897975e+03
7.106629447650769862e+02
3.221553341578313052e+02
2.417111967516943309e+02
5.210898665948039934e+02
4.060852879007480851e+02
5.702754078969965121e+02
-1.458127847465464200e+01
2.169225890835168116e+02
2.241214418188970399e+02
3.268397174476427836e+02
1.132345128171122610e+02
-1.288808446451741645e+02
4.997593213903519995e+02
6.664031148612912148e+01
-1.309355421938975041e+02
2.630172458198151730e+02
-2.802204474456184613e+01
7.636855589232180819e+02
3.591678844112992692e+02
3.955683144371141680e+02
1.160566159994111558e+03
8.352910309357876031e+02
1.453151406927050402e+03
1.568499964015074511e+03
1.758671602768605226e+03
3.188413597500515152e+03
3.520842197160417072e+03
4.476572991627780539e+03
5.890130770435092018e+03
5.868807618177724180e+03
6.214396281354092935e+03
7.525492798436911471e+03
8.014352722078927400e+03
