6.426496117008316105e+03
7.270276018505209322e+03
7.303810131442792226e+03
8.308619748957273259e+03
7.740693661930346025e+03
6.370368209531958200e+03
6.036044203758282492e+03
4.796370017612908669e+03
4.375079627667748355e+03
3.208492304136380426e+03
2.046814520881831186e+03
1.610319877673393876e+03
1.173545222459873003e+03
8.141178863999560917e+02
9.266477373338086636e+02
4.691099760979982420e+02
4.675260073272958721e+02
4.462667532069413596e+02
5.117376262513111556e+02
3.274114411917078087e+02
4.216272185231562162e+02
2.494230740019704626e+02
-3.064343463561105523e+02
2.431266469828473760e+02
-1.855517129710904101e+02
5.066640553838085026e+01
2.082723107100843407e+01
1.749319836898059748e+02
4.161721559552179883e+02
1.288016423300221049e+02
-5.586103178441430828e+01
2.477220442749545271e+02
4.013861289844587645e+02
4.661372748219843061e+02
3.522495271800494265e+02
8.517226853356850143e+02
3.905497363725164064e+02
1.138861177126657367e+03
1.218342136898661465e+03
2.078518708220507961e+03
3.023738077849995534e+03
3.261749998837993189e+03
4.221269839854305246e+03
4.919200014843583631e+03
5.734030022643583834e+03
5.760414627396940887e+03
6.085323887786463274e+03
6.644929925097174419e+03
