6.146517670076998002e+03
6.318119038939445090e+03
7.572309238937303235e+03
7.223246212477209156e+03
6.600774572935348260e+03
6.135766262828692561e+03
5.419843276313587921e+03
5.092205880233853350e+03
3.776368905511853427e+03
2.746185534495305546e+03
2.361449454717902427e+03
1.403929694390862096e+03
1.238424958568486318e+03
8.949866963774072701e+02
5.331687585925360509e+02
2.196425295433245992e+02
3.868066214529256399e+02
2.048710551353091205e+02
3.284377194840229208e+02
5.033380902832627157e+02
2.469791754978232063e+02
5.944438841980174857e+02
3.635795533260115917e+02
3.782859600147199899e+02
1.219193860186857989e+02
1.807978626865299248e+02
-3.325006024425324824e+01
-4.092956697950385774e+02
3.342771209364495917e+02
1.074488107747489067e+02
1.950614642252318447e+02
3.409774517083203591e+02
4.901589475989692346e+02
3.635763875721289651e+02
3.459967195439475631e+02
6.313445704339039821e+02
6.306171719839095431e+02
8.232477727153218439e+02
9.287032996672708123e+02
2.127086447451049025e+03
2.518974712199091755e+03
3.150211748315166915e+03
4.016616640681228091e+03
4.644061400140216392e+03
5.399345396357755817e+03
6.142491931492172625e+03
6.401967481795930325e+03
6.478034577200113745e+03
