5.998107228038777976e+03
7.676727371029635833e+03
8.607969210316894532e+03
7.476962680248635479e+03
7.049746425918948262e+03
6.485103110231975734e+03
6.332012351614467661e+03
5.052395233326335983e+03
4.241506905358894983e+03
2.888352133250396037e+03
2.896730246333733248e+03
1.886039455126452594e+03
8.410006002029502952e+02
9.142335089457570803e+02
6.784122106243722783e+02
4.228670736357269107e+02
4.966065229353413315e+02
4.789055526860424834e+02
6.658391251156126600e+02
6.589854282952064750e+02
7.023823842751625079e+02
-1.037655261083627209e+02
-1.596617782910108758e+02
-4.876476022898022933e+01
1.086490704811927976e+01
1.990495973906237168e+02
2.277938824895283005e+02
4.554475373480591998e+02
5.700358118531452334e+01
2.149349405366118333e+02
1.502379493995304358e+02
4.805596854773273208e+02
4.873662321004459841e+02
7.689140040164147649e+01
7.163128339523833574e+02
5.695212603844942123e+02
7.230379433282389527e+02
1.376573061113194626e+03
1.274633458340235620e+03
1.576373991298003375e+03
2.551575533548817475e+03
3.086159044292765429e+03
4.717342192087210606e+03
5.367218791378933020e+03
6.398381394145793820e+03
7.003126082801713892e+03
7.229507021219133094e+03
8.280608577515773504e+03
