6.929222309405822671e+03
6.511560525127973051e+03
7.483275821480449849e+03
6.598786685645542093e+03
6.978605921066884548e+03
6.982980638771600752e+03
5.728995645568689724e+03
5.544494707691324948e+03
4.398699870618221212e+03
3.324674944404932830e+03
2.202677966259907862e+03
1.494239074800444314e+03
9.163632558289494909e+02
1.116248516057212100e+03
6.319087242524065005e+02
6.056698589011832610e+02
4.716791066609595191e+02
5.176716414144938199e+02
4.231698166676075061e+02
1.882531294369178738e+02
2.135389210664629900e+02
-5.072749302059816046e+01
4.048137246611846081e+02
6.976786925932115935e+01
-2.336597789145498609e+02
-2.770208845235958393e+02
5.113219322565782221e+01
1.983820384296913915e+02
9.833957755717541716e+01
1.838702640860476265e+02
1.611687976699799663e+02
2.334126923495286974e+02
7.307820506713873101e+02
5.629857158636974646e+02
5.143591086339177991e+02
8.476286508707157736e+02
9.589662206426488638e+02
1.241293284238641945e+03
1.684611597375127303e+03
2.297776336793619521e+03
2.725130787972764210e+03
3.017571734472619028e+03
4.106584463745806715e+03
4.929763387651443736e+03
5.673233726221087636e+03
6.505790970420423946e+03
6.939730328612668927e+03
6.130348353816433701e+03
