6.856789328082584689e+03
7.143991692146476453e+03
7.456817246781454742e+03
7.004964801116227136e+03
6.590473040167810723e+03
6.649745580640184926e+03
5.864248938042983355e+03
5.414297249814383576e+03
4.107917407180144437e+03
3.183778904251522818e+03
2.439780174607896242e+03
2.051820527749387111e+03
1.654433271758041201e+03
8.046246482893599250e+02
4.363627388067008042e+02
7.949404598622579670e+02
5.947766527630715245e+02
5.235731348640283613e+02
2.984561954739409089e+02
5.119094450051150034e+02
3.210017873687716019e+02
2.106636040455446732e+02
4.462445115868242169e+02
5.301145547290564508e+01
1.736883139902721780e+02
3.192077996106248250e+01
5.080335084789522853e+02
1.274167637087045080e+02
-1.123050529653041707e+02
2.457013661232483059e+02
2.682566453959311161e+02
3.879918858318433195e+02
8.102763360406585491e+01
3.457388773848657593e+02
6.256093786680265794e+02
4.854929025846773811e+02
4.482062768069179128e+02
5.818174665736934230e+02
1.407364364332651348e+03
2.245136447496054188e+03
2.389462506878277964e+03
3.228784802375650088e+03
4.567197926319041471e+03
5.108409289147204618e+03
5.425544919834856955e+03
5.962050408027575031e+03
7.077799643191000541e+03
6.274119086272467939e+03
