5.789468044154513336e+03
6.705731468051301817e+03
6.999867567777587283e+03
7.557239877335236088e+03
6.444418697464638171e+03
6.260690889878302187e+03
5.653606255024969869e+03
5.189345394098460929e+03
3.642237910264623224e+03
2.934211260987579863e+03
1.854502540586224768e+03
1.852442038714383898e+03
1.003776135747084481e+03
7.478034941861103562e+02
2.220622197881488660e+02
3.477455605422642861e+02
4.486057395686465270e+02
6.614814575350476389e+02
3.944506065702210549e+02
-3.348237696573538358e+01
1.998788730902776933e+02
-2.203234555335594393e+02
-1.326332821837476956e+02
1.619094856450657574e+02
-2.662081379336713667e+02
-3.390369088305944842e+02
-1.080470163729842170e+02
-8.399328534060823870e+01
-9.149873834843232601e+01
1.826445542748990931e+02
4.088810756354899354e+02
3.408351582577239469e+02
7.018586546581473158e+02
9.906930453372018519e+01
2.446826356516520491e+02
5.330142773352915810e+02
5.289068467205369188e+02
6.333763971765079077e+02
1.279294728157142345e+03
1.823214392886581436e+03
2.181674137246308874e+03
3.159817410034389468e+03
3.795657342442560548e+03
5.066458818083238839e+03
5.417454936348659430e+03
6.196147478837645394e+03
6.181498601690725081e+03
6.802208809010747245e+03
