6.055799014981842447e+03
6.277727073717954227e+03
7.122877400210479209e+03
6.720436916385153381e+03
6.551324998131242864e+03
6.266808193999097966e+03
5.571766515214678293e+03
4.758421258309131190e+03
4.177591951397651428e+03
2.806277597912731835e+03
1.998044490216021813e+03
1.680053518127367397e+03
1.197748235055732721e+03
7.667082329020278166e+02
-3.842356232184906162e+01
4.370906867867666961e+02
4.548799478321567449e+02
5.664762237902124298e+02
6.183853083714890317e+02
3.423520953656877168e+02
2.273671411037414600e+02
3.397563641910133470e+02
6.035059226286069816e+02
-3.275632075077406284e+02
2.599354695666264661e+02
2.771422475066534616e+02
1.339699940480495854e+02
-4.669621258050538160e+01
9.949271459846602284e+01
8.941595181770379668e+02
6.577893365796185776e+01
2.759326101514600396e+02
1.141794633714209368e+02
3.118113395793847644e+02
4.206478266969114657e+02
2.344363552130193398e+02
8.051768521254082316e+02
9.869257589359599478e+02
1.463471353933026194e+03
1.684152084183787338e+03
2.572336410096655982e+03
3.034387752634802837e+03
3.942702526295863208e+03
4.646783380983281859e+03
5.327447279703657841e+03
6.230863135500781027e+03
6.754138523103668376e+03
6.644627707860752707e+03
