4.443956904285374208e+02
-9.929110512727268301e+00
-1.643054847022310412e+02
-1.545938669790048152e+02
-3.336281540790456575e+02
2.180609258444679597e+02
9.128774810806955884e+02
1.829121881338504409e+03
2.704816315711993411e+03
3.288072064712243446e+03
4.210344907915712611e+03
4.695825252619906678e+03
5.157366575730659861e+03
5.241732787342296433e+03
5.598638888118914110e+03
5.854519000462829354e+03
5.614186649485626731e+03
5.960839989325758324e+03
5.681904658257199117e+03
5.653224799647656255e+03
5.695346239733225048e+03
5.839452516786174783e+03
5.829590936591733225e+03
5.990253239853546802e+03
6.086808711681936074e+03
6.095578475457300556e+03
5.754900733990029948e+03
6.261898155872633652e+03
6.073883056794397817e+03
5.994850958344034552e+03
5.410181409666904983e+03
5.928667219515541547e+03
6.132445811102405969e+03
5.874041089213801570e+03
5.756971430294979655e+03
5.759081184254250729e+03
5.326757238188482916e+03
5.337034054288157677e+03
5.062679984628335660e+03
4.199980167100407925e+03
3.612119068690662516e+03
2.997146493321616617e+03
2.297910777436140961e+03
1.817044594368347362e+03
9.143879172250369720e+02
2.475953103385143379e+02
2.811645252977404539e+02
7.075662401286483316e+01
