4.010276110473914741e+02
2.684481765431195299e+02
-6.230913710294246357e+02
-7.347384684042123126e+02
9.746778222501922073e+01
5.908862696181090541e+02
1.283368229968550850e+03
1.978658056448650996e+03
2.818716363061464108e+03
3.003526013085371233e+03
4.393497578914236328e+03
4.635614044886136071e+03
4.996594929007761493e+03
5.408880583384817328e+03
5.770665621392067806e+03
6.037230493201257559e+03
5.782212939092592933e+03
6.364830204561723804e+03
5.858507993205797902e+03
5.698898501767527705e+03
5.798037786163691635e+03
5.966252508780088647e+03
5.753361984086254779e+03
5.854059712538202803e+03
5.858602501657464018e+03
6.016149121879284394e+03
5.906698050154670455e+03
6.038341038344316075e+03
5.699359154760974889e+03
6.096492456095277703e+03
6.300814220018371998e+03
5.764915849814628928e+03
6.034559044433836789e+03
5.589615301166643803e+03
5.938312603964594018e+03
5.708846445632787436e+03
5.435346136819633102e+03
5.176358979998393806e+03
4.989463833841866290e+03
4.637901329140595408e+03
3.910746003835025022e+03
3.133876204152464197e+03
2.770923108260778463e+03
1.637723168308127924e+03
1.279814387269830149e+03
4.739946403991195893e+02
7.432410704486331099e+01
7.323262403836949943e+02
