6.245035024857267672e+03
6.790817080935289596e+03
7.044851789595086302e+03
7.316227747440874737e+03
7.219897034224624804e+03
6.194043904795238632e+03
5.399876947655357981e+03
4.616800550282550830e+03
3.506164984635850033e+03
3.203960363498786592e+03
2.504911789360932289e+03
1.650726156131632706e+03
1.342894655618164052e+03
6.510154737812275698e+02
7.643932045113762115e+02
3.696403563755732762e+02
2.052580206698714562e+02
7.317463778847902631e+02
7.472119725732545703e+02
6.440902000437384913e+02
5.087710145637963706e+02
2.642397028584157397e+02
2.143007207828509308e+02
9.012463555226921130e+01
-1.943632150188744845e+02
-3.318290790183541361e+01
-1.175043267003954384e+02
-1.150072294350219654e-01
3.046995461887510146e+02
4.206092705980618263e+01
1.413182501480442852e+02
1.775648813506240913e+02
6.919607983820829133e+01
4.282698078113387510e+02
2.300158680641778233e+02
7.747662179657309025e+02
6.419424644327817759e+02
4.884715627434318890e+02
1.093394821365155622e+03
2.088859772488312501e+03
2.447807484306088554e+03
3.021800783333562322e+03
4.361497828817095069e+03
4.662202541207943796e+03
5.968700501845838517e+03
6.145192964131621920e+03
6.450065895207896574e+03
6.531272038105987122e+03
