6.424315500775651344e+03
6.736815633458004413e+03
6.691365871523042188e+03
6.738392027079862601e+03
6.486613851267880818e+03
6.224132094109678292e+03
5.855457477204248789e+03
4.115539329559906037e+03
3.479674447508368758e+03
3.010313880025773415e+03
1.822727427233711978e+03
1.848304118126412732e+03
1.160384119836712443e+03
9.037276448332906966e+02
4.790275640538082484e+02
4.397847119099886868e+02
2.682617948955866609e+02
1.928942347031339466e+02
6.377182880509250253e+02
3.453398310565098654e+02
4.765359951972778845e+02
2.345071713226933241e+02
-4.432124715522697898e+02
3.877672820942723320e+02
3.099683581345506695e+02
-1.036206931125069630e+01
5.148927857468829927e+01
1.206048631315522499e+02
2.026682443624557379e+02
2.964481750343679209e+02
6.155890944542911711e+02
5.778965528716353219e+02
3.438251777805730285e+02
4.253697415922775917e+02
3.277586849455296374e+02
5.126541988908868461e+02
1.075291025150630730e+03
6.102540157099214184e+02
1.282656566832927183e+03
1.820062345846622520e+03
2.280239694093889739e+03
3.059302859487280330e+03
4.002484161634008160e+03
4.856485286465100216e+03
5.493888478010897416e+03
5.990852957908245116e+03
6.328843318054047813e+03
6.376321892146589562e+03
