6.302321952892432819e+03
6.821149633663605528e+03
6.985258054208744397e+03
7.137027563884443225e+03
7.313714409692594018e+03
6.355557524756407474e+03
5.502205000201616713e+03
5.061370837847775874e+03
3.632303346661634350e+03
2.741350886295584132e+03
1.810923295061443014e+03
1.506833426614697601e+03
1.169958265955496472e+03
4.892581571933247915e+02
5.038702365544601207e+02
6.753004859417226271e+02
6.087885256734724635e+02
2.985681839352445763e+02
3.222460064072410546e+02
3.355624020502768872e+02
1.423768240210941087e+02
5.154233622260888978e+02
4.433631737023797541e+02
-1.236928523040840133e+02
4.751948685433464448e+01
1.716131248095726676e+02
1.253802362966105193e+02
5.063377201628212276e+01
-1.471634971005160821e+02
1.229362742381848506e+02
4.128922692053121750e+02
4.683105756077012671e+01
6.695851490509854784e+02
3.385166525719673700e+02
4.489544333467068782e+02
2.800988202082684779e+02
5.052294290801974626e+02
9.199913886259262199e+02
1.282029172397671346e+03
1.908659257326257148e+03
2.420844880917640239e+03
3.537045575513921904e+03
3.940884411295718110e+03
4.839085000944357489e+03
5.882238932276939522e+03
6.211415886726155804e+03
6.298716753709069962e+03
6.532654409546066745e+03
