6.120805216384636879e+03
6.795096470379092352e+03
7.355294893486890032e+03
7.101535593202860582e+03
7.770260925562888588e+03
6.598123359186831294e+03
5.777437798085006762e+03
4.962196089426415710e+03
4.029665302971717210e+03
3.650352450264746039e+03
2.562459151730766735e+03
2.063034949908449562e+03
1.376415531494027846e+03
7.797171256816175173e+02
7.549692355645087218e+02
2.169407784761560549e+02
2.286469263355452881e+02
2.382623373473912523e+02
3.022502000039409609e+02
4.009953902877891210e+02
-2.740502016389391997e+02
3.191865813231069069e+02
4.092419567711457375e+02
1.117296465672101924e+01
1.208286114347343840e+02
1.605821800957331789e+02
1.824060599435156576e+02
1.025112342876997218e+02
3.141025405783469182e+02
1.102436509651822938e+01
4.182998257222693042e+02
3.799366605274324797e+02
5.493881308510015060e+02
2.637390485186309661e+02
3.535814150180502793e+02
4.590844069026732086e+02
7.753308745890446971e+02
1.209688111070721334e+03
1.218966415045444137e+03
1.664086443843731104e+03
2.633486734941795021e+03
3.143216707938792752e+03
3.881321386639317552e+03
5.039314116019415451e+03
5.655970878068659658e+03
6.527465029882521776e+03
6.425985906918233013e+03
7.185608732413398684e+03
