6.080231852766642987e+03
6.582638924146803220e+03
7.123423953830871142e+03
7.074330290579233406e+03
6.961293038510774750e+03
6.246681246688120154e+03
5.462274290057883263e+03
4.766276679788646106e+03
3.725036841031216227e+03
2.875906235215047673e+03
2.332725428580368316e+03
1.477932912402972988e+03
1.229032089240763298e+03
8.626228525033875485e+02
5.524396005518581205e+02
1.432840604387368728e+02
2.715405419575105839e+02
4.498589205443581562e+01
2.195150090099416502e+02
1.544676235529467760e+02
4.438814175772824200e+01
3.238378200657973025e+02
6.522900985625832959e+01
1.102121697766203994e+02
-2.828170939744539965e+02
3.523707249764169802e+01
-1.024938593375074021e+02
3.980682765778777821e+02
-2.839559167062752181e+02
4.333902706920301853e+02
7.743107940275744738e+01
1.539386200860173233e+02
1.758048325896990889e+02
1.543228627848649808e+02
6.230264240495185959e+02
3.730345345055136477e+02
8.163377532790447049e+02
9.363585539996130365e+02
1.114124162865346534e+03
1.995256012412116434e+03
2.718046743661385335e+03
3.165413624148476629e+03
4.577595407328926740e+03
5.006444443036990378e+03
5.786596843136174357e+03
6.103820995987659444e+03
6.385543934092298514e+03
6.486089088337703288e+03
