3.195486858609555725e+02
2.069587248319773209e+02
-4.423248428457812338e+02
-8.730923286091427826e+02
4.682469365105849590e+01
7.420850671109302539e+02
1.295577421244169045e+03
1.756806507806517402e+03
2.543672226383398083e+03
3.573412001976404554e+03
4.395823963063287920e+03
5.064357444462842068e+03
4.983483493819647265e+03
5.437273418393082466e+03
5.524614179716395483e+03
5.741188884720521855e+03
5.606440992871919661e+03
5.615126203424179948e+03
6.056284332804323640e+03
5.725335339967939035e+03
6.018751127818703935e+03
5.992340170948657942e+03
6.035149404524241618e+03
5.864993657008429182e+03
6.645701064036970820e+03
6.463896041126534328e+03
5.986763385472046139e+03
6.153187464414077112e+03
5.917396213260783043e+03
5.923919708371107845e+03
5.991384497622383606e+03
6.392192227600403385e+03
5.951720413018570071e+03
6.059698539644072298e+03
5.656161520062823911e+03
5.640887876602146207e+03
5.989945658186185028e+03
5.815793270060114992e+03
5.370234389719254978e+03
4.426172507397187474e+03
4.034785009690258448e+03
3.308323959458523404e+03
2.545391216129143231e+03
1.876784283840172520e+03
9.970220525355429118e+02
3.775674010180100595e+02
1.340082055014343894e+02
3.337200943271309939e+02
