5.992760655720974228e+02
-2.128492464929631467e+02
-3.116402544844240197e+02
-4.203253737510301562e+02
-3.527570683073886357e+02
6.982958774637060060e+02
2.145016417727602402e+03
2.110163259461420239e+03
3.211547094583219405e+03
4.152234810845288848e+03
4.293651137707867747e+03
5.349994204591963353e+03
5.621183114655594181e+03
6.379289700997873297e+03
5.999441233783973075e+03
6.350738260547652317e+03
6.563712791493766417e+03
6.263646664102218892e+03
6.171343879759025185e+03
6.657020110446347644e+03
6.572315300603873766e+03
6.987315101336799671e+03
6.923134057878831300e+03
6.904817737396659140e+03
6.987825301645547370e+03
6.811284339371602982e+03
6.805848638417954135e+03
6.925627237676179902e+03
7.057959548851966247e+03
6.908784108220220332e+03
6.232868816956661249e+03
6.475040662487032932e+03
6.651277116834817207e+03
6.304451298244089230e+03
6.595050105576693568e+03
6.340392494274739875e+03
6.306556842217796657e+03
6.042064624625674696e+03
5.785775711336086715e+03
5.701048426993718749e+03
4.681127562250570008e+03
3.978720801718680832e+03
2.910113374965962976e+03
1.943369738331982944e+03
1.477713561866282816e+03
1.026722556194344634e+03
7.394203546866716579e+02
4.635225890474239918e+02
