5.768083953116113207e+02
-9.912237882222370899e+01
4.531522377406731721e+02
-9.457969719335655157e+01
-1.813004286871014585e+02
-6.549581283496040669e+02
1.898763554880136326e+03
1.554600084755989428e+03
2.326437838935690252e+03
3.556371882732742506e+03
4.178445453091529998e+03
4.896366964024756271e+03
5.851647530647688654e+03
5.518752136650959073e+03
5.938422885334815874e+03
5.996397531687551236e+03
5.826957363973122483e+03
6.063482189157194625e+03
6.459261649323618258e+03
6.396453786249840959e+03
6.291044644823688941e+03
6.231948279441121485e+03
6.279412646858239896e+03
6.804117773862133618e+03
6.343916312897041280e+03
6.910517768503871594e+03
6.330962977503156253e+03
6.303054795859625301e+03
5.922378244012543291e+03
6.761399938726041910e+03
6.412961287058915332e+03
6.214486103811932480e+03
6.020854333080174911e+03
6.318306730057314780e+03
5.583195064009955786e+03
6.034271530794249884e+03
5.679359709382738401e+03
5.857981922275145735e+03
5.236311447836914340e+03
4.334851094531763010e+03
3.891555879164822272e+03
3.147293440365519473e+03
2.166406088226327029e+03
1.736315869206080606e+03
8.358189066277483334e+02
6.918225028681424646e+02
3.540094523297181439e+01
9.360823311648173330e+02
