6.876670225958506308e+03
6.942223443522311754e+03
7.589184351481027079e+03
7.247253214424432372e+03
7.999406429178383405e+03
6.467894770022203375e+03
6.768115020699880915e+03
4.654404014332259067e+03
4.634042382499577798e+03
3.005628277857648300e+03
2.517723655571071959e+03
1.656737098599508727e+03
1.763037049730017316e+03
9.493905241348630852e+02
1.050389103602677551e+03
6.842939042915282926e+02
6.300626173462534325e+02
2.906938267814356891e+02
6.314527306007947800e+02
4.647804833457084897e+02
1.032485348712401958e+02
4.866595963209829279e+02
2.976921516674127588e+02
4.446082358768049971e+02
-4.229674334673423175e+01
1.754392693433167381e+02
-4.515926350305580428e+00
5.647832361992855255e+01
3.280343976381844868e+02
9.657021610413176305e+00
2.214298835229590168e+02
2.579758591851941674e+02
3.273934541370687725e+02
3.351530875771424576e+02
3.658441535111209646e+02
2.786394782962298109e+02
8.940273383255062072e+02
5.338781862834847516e+02
1.663950432763100025e+03
2.549052030794944130e+03
2.502362063467453027e+03
3.500198930067734182e+03
4.695948700422072761e+03
5.398377424682410492e+03
6.223849785042679287e+03
7.526705318256030296e+03
7.129594774132257044e+03
7.669277702469732503e+03
