5.583720787961572114e+02
-2.174047191914386019e+02
-2.406078632007947249e+02
-2.642215523513980884e+02
-2.453570317180111715e+02
4.092190876654853469e+02
9.430475871774865482e+02
2.237384186547554691e+03
2.744488812710943876e+03
3.732477591287789437e+03
4.167808449133141039e+03
4.877722598816600112e+03
5.576263507128147467e+03
5.588967389293485212e+03
5.677854578449443579e+03
6.459096153275142569e+03
6.338345563343154936e+03
6.187812867722596820e+03
6.187837260115769823e+03
6.155263974121055981e+03
5.584642305057705926e+03
6.103327663973488598e+03
6.650187018438367886e+03
6.471032239839892100e+03
6.648266528085983737e+03
6.478186315523072153e+03
6.359873302847229752e+03
6.789094118142957086e+03
6.345939498403280595e+03
5.913931678796125198e+03
6.536757333644005485e+03
6.477138399289516201e+03
6.044140089481331415e+03
5.941222299985564860e+03
5.797596715419932480e+03
5.876912534251308898e+03
5.555454557049798495e+03
5.669837079807343798e+03
5.195204791735553044e+03
4.407365252763102035e+03
4.320861906244141210e+03
3.379747857706296600e+03
2.602546776611485711e+03
1.848355141829476679e+03
1.536365042373746519e+03
3.475369044724471905e+02
4.995181211680106230e+02
1.600786621271888066e+02
