8.196530082026036325e+03
6.768109365382809301e+03
9.329401672581156163e+03
7.148169679860397082e+03
8.126665529674475692e+03
7.546544058393959858e+03
6.415992133362396089e+03
5.278588000072468276e+03
5.426366306521878869e+03
3.939210925179972037e+03
2.566501918192843277e+03
1.456133334559837067e+03
1.208663947826064941e+03
9.898013312064222191e+02
7.444233992042633190e+02
5.102719289345320703e+02
7.727178949118869014e+02
6.214769948971270423e+02
3.583389995183330257e+02
-1.250293445294384611e+02
6.128680831059888305e+02
7.070238356110853317e+01
3.246291396276693035e+02
1.271808663833459150e+02
5.481393423576955826e+01
8.220088248291810373e+01
-7.411998510027486020e+01
1.252420624280564425e+02
-2.450457716702108542e+02
3.875711939138801085e+02
5.735083785759524062e+02
4.496176230176183140e+02
5.219206915618742642e+02
3.780931856961462358e+02
6.247014228963233791e+02
8.389433965726618680e+02
4.559179301320478999e+02
1.050972404310686670e+03
1.531302215406206642e+03
2.090969648027887615e+03
2.624599154699240898e+03
4.039110453648243038e+03
5.125746423657035848e+03
5.264580761131417603e+03
6.169878674066230815e+03
6.437951191865261535e+03
7.949485626634967957e+03
6.653947956419541697e+03
