6.960222063600675938e+03
9.235820380345523517e+03
7.173243672648578467e+03
6.910918570228357567e+03
6.890670606362479703e+03
7.013271832157470271e+03
6.626283316648667096e+03
4.893925178320579107e+03
3.412884715157716073e+03
3.098655120719383376e+03
2.416058801156273148e+03
2.062955499076912474e+03
1.845013989209671536e+03
6.953925320645768124e+02
7.990771001458623459e+02
6.558647504124396619e+02
9.099886019975220961e+02
5.424842048224530799e+02
8.592063194775961392e+02
1.724224213400981967e+02
-4.836584130471181631e+00
7.920851149372606415e+02
2.365843895750817012e+02
4.007242153980953248e+01
1.156023809729883425e+02
1.349775175689303524e+02
7.750303846354137249e+01
4.157808480586078872e+02
1.747187840230710947e+02
-3.012980283568163031e+02
4.913523499802529386e+02
3.300506198035026841e+02
3.292915830824617842e+02
2.158500407995048533e+02
1.396917836297405380e+01
7.997532278109985100e+02
5.373443834084445143e+02
1.375928148565161337e+03
1.046115080731915668e+03
2.014390239560900909e+03
2.851729368572665408e+03
3.190670609663458436e+03
5.258279946017206385e+03
5.707350882625099985e+03
5.621903563084028974e+03
7.073633877399124685e+03
7.466635543067911385e+03
7.031952633656365833e+03
