6.246424925732279917e+03
6.761981054916857829e+03
7.110108281886919031e+03
7.350735551280156869e+03
7.229241299919260200e+03
6.504169482060588052e+03
6.020085151116364614e+03
4.366380020077738664e+03
3.660521293412497016e+03
2.650717491106301168e+03
2.495587376852421130e+03
1.795197013559627749e+03
8.708826853562509314e+02
8.108444498260957971e+02
5.269889138867935117e+02
4.668811680184623469e+02
4.578255437811255320e+02
3.394549947799974916e+02
7.752585197649309521e+02
8.244705669350681774e+02
1.539661674350120961e+02
2.868818823984163942e+02
5.230729338002315671e+02
5.160628715129588500e+02
-9.845963747434085178e+01
-3.785559067432590297e+01
3.659886945806446761e+02
4.227440675754996846e+02
6.741261359590120605e+01
3.256395258691188701e+02
6.036232143786024835e+02
3.232646515005855008e+02
3.540409348555096472e+02
5.745443140067958154e+01
2.134403780444996244e+02
5.439346854864467105e+02
6.988554760205732919e+02
1.182452087817859592e+03
1.244336452937896638e+03
2.012242296705906483e+03
2.662226362904288180e+03
3.308476306637914604e+03
4.637991758908141492e+03
5.205199356616445584e+03
5.557644632141777947e+03
6.221484050384953662e+03
6.078771424266921713e+03
6.468221925327849021e+03
