5.936055409335623153e+03
6.514753831450831058e+03
7.435693647837910248e+03
7.030291798192111855e+03
6.964704160422995301e+03
6.191250519099531630e+03
5.436963330178025899e+03
4.659357534634412332e+03
3.905043892433490782e+03
3.110115772994149211e+03
2.049914072339880477e+03
1.629954959216555380e+03
1.014270178200186024e+03
8.874750429016519320e+02
8.118303687897722511e+02
5.006301231459759151e+02
5.837102470756946104e+02
6.479568633593952427e+02
1.150068331204941217e+02
1.633902317562786948e+02
2.709502966980447241e+02
1.142734924985009997e+02
-2.625472854203655260e+01
5.117816436295150311e+02
8.852581803724280718e+00
-3.949575221363033961e+01
-2.082758548725839205e+02
5.819815929728265758e+01
-1.398042886354648999e+02
1.021745181242355613e+02
3.842541625289972558e+02
2.357855100735115172e+02
5.134752431824663290e+02
2.043537287507660380e+02
-8.940596356915413878e+01
5.592226976584743170e+02
5.734318974699408500e+02
9.327599912402300788e+02
1.412970602143898986e+03
2.038220782760684415e+03
2.695084155408385413e+03
3.487625013923916867e+03
3.838314523452183948e+03
4.703571328784422803e+03
5.360400703827271172e+03
6.140090851891041893e+03
6.304273310468831369e+03
6.531809047610006928e+03
