4.230285970385027667e+02
-5.983346597962412261e+02
1.317483215767209686e+02
-4.301583219480345974e+02
2.897458542119504727e+02
1.839702089171003081e+02
1.242249748961490013e+03
2.440789090641887924e+03
2.919465117632883448e+03
3.097421482705231028e+03
4.658857096441323847e+03
4.749235338613264503e+03
5.293439943224951094e+03
5.478341289874322683e+03
6.277708936742978949e+03
5.929994750237259723e+03
6.130065884234758414e+03
6.415222501594252208e+03
6.202779841032214790e+03
6.236112792766447456e+03
6.404908125096590993e+03
6.307802860637062622e+03
6.926295359553178969e+03
5.973365240964243640e+03
6.539491576150179753e+03
6.712764625355701355e+03
6.483357417468994754e+03
6.387544289437076259e+03
6.488457213282282282e+03
6.140210668195026301e+03
6.299600222424727690e+03
6.277546168869999747e+03
6.171706232718494903e+03
6.406048587059390229e+03
6.381382564180260488e+03
5.931876756936116180e+03
6.289751451206397178e+03
5.825905626017350187e+03
5.106046357446114598e+03
5.177582913855529114e+03
4.253607273913738027e+03
3.215643718125449595e+03
2.717797548651293255e+03
2.221371373040462913e+03
1.594213085168077441e+03
1.170505728679133881e+03
6.332550125057686046e+02
-2.238078753895196016e+01
