7.413893150198465264e+03
7.420018986082489391e+03
1.100332061013117163e+04
7.205303058172105011e+03
8.428094278320755620e+03
7.959422649758319494e+03
7.813180438513897570e+03
4.443310848319869365e+03
4.990953597718382298e+03
3.163841871346538028e+03
2.320645502318009221e+03
1.951183840329756549e+03
1.013411492300614896e+03
9.889206959268477704e+02
7.936677766824934679e+02
3.559710356114504179e+02
9.187086781239518132e+02
3.444047729438854049e+02
4.645191753357054267e+02
5.454763984770528396e+02
1.489182551512008388e+02
1.373397682298650295e+02
-1.107848948318547677e+01
-3.052399104124950213e+02
2.100172650302637294e+02
-1.492378594538898362e+01
2.746717764829992916e+02
7.293468716051245337e+01
3.284674233572239928e+02
3.189645870336494795e+02
1.291686483205887157e+02
3.559744623895210225e+02
4.461556819635255806e+02
3.652451071859172771e+02
2.375343913325579024e+02
9.209228918834971864e+02
5.754808662517904168e+02
9.931048643846245341e+02
1.875214423153702228e+03
2.158837494527583658e+03
3.075721318109643107e+03
3.591273658372143473e+03
5.066508560163524635e+03
5.093269914875766517e+03
7.096021251013053188e+03
6.705419826234130596e+03
7.592076306463555738e+03
9.107460593260433598e+03
