6.163492113655742060e+02
-2.133766623679919050e+01
-4.622006711256297535e+02
-3.727995308971572399e+02
-3.123721119346329829e+02
5.523607688286484745e+02
1.392858440784185632e+03
2.119810130122228657e+03
3.099521167853057250e+03
3.433358314820463420e+03
4.751126307875070779e+03
4.853953643068669408e+03
5.370356215624232391e+03
5.811268624348190315e+03
5.989111343005546587e+03
6.293249187337209150e+03
5.853634493750073489e+03
6.018918437946675112e+03
5.919828197395024290e+03
5.943418924737337875e+03
6.432246274982862815e+03
6.544311069597178175e+03
6.211397008541355717e+03
6.347196703615461956e+03
6.615901689492093283e+03
6.653138058005935818e+03
6.153980433555068885e+03
6.199640351173741692e+03
6.322636631974525699e+03
5.961684656160417944e+03
5.850327396258425324e+03
6.275189987289830242e+03
5.860845423238060903e+03
6.112972588430263386e+03
6.109635313355211110e+03
6.403868142894399170e+03
5.620482182606124297e+03
5.306948944802519691e+03
5.254667442900239621e+03
4.439736614090114017e+03
4.035955199678250665e+03
3.520874871674956012e+03
2.381997680955686519e+03
1.757547298412256168e+03
9.705539547530033815e+02
5.535159910765988798e+02
6.943540010314491155e+02
7.354097488086234762e+02
