6.822551771737209492e+03
8.457868283669395169e+03
8.541922412943458767e+03
7.907928392131929286e+03
7.898095554850721783e+03
6.707426364361251217e+03
6.733360419941415785e+03
5.389172925432493685e+03
3.949880247887509995e+03
2.866316227268578587e+03
2.500218915868636486e+03
2.218111027510718031e+03
1.231811747055986416e+03
1.107643547631831098e+03
7.503472609803840214e+02
2.263804045857080212e+02
6.299171244100806462e+02
7.112662931087548941e+02
5.233576878737973175e+02
4.637230145043378684e+02
5.830562032037292965e+02
2.623529934828863475e+02
-3.797370633011298935e+01
6.136233030183866504e+02
-1.362163256725575877e+02
2.492101216388943214e+02
4.577086013329106322e+02
2.139537689860442171e+01
-7.643022717021067081e+01
2.777795475554048039e+02
-4.130921607204290780e+01
2.485431035721587421e+02
6.477609812700317207e+02
6.668578263243538231e+02
1.215869285216241309e+02
6.205602653590723321e+02
9.294920010844906528e+02
9.130279446300503423e+02
1.343839782885246450e+03
2.348801104797958033e+03
2.160408154444918637e+03
3.831951996355612209e+03
4.361098458714235676e+03
5.732581023890301367e+03
7.217212155353326125e+03
6.182877547577645601e+03
6.821047911981921970e+03
6.241109149227787384e+03
