6.571309143464867702e+03
6.679742993199377452e+03
7.315067644613573975e+03
7.355275677381819150e+03
7.121873301988595813e+03
6.560714504333015611e+03
5.523792458934522983e+03
5.346036442336405344e+03
4.378602606050391842e+03
3.045675456407157981e+03
2.372198672910890309e+03
1.499450337348148196e+03
1.108525473313557086e+03
8.623499023707466904e+02
6.929009655083071948e+02
4.403257805622500882e+02
8.989828126965946922e+02
5.755536435528310903e+02
5.751022482339766384e+02
6.950315364082755423e+02
5.004314378711350741e+02
2.688896794150001597e+02
-4.391537190806565150e+01
-3.951374287718881817e+01
2.523097490983036266e+02
-2.930721381055538473e+02
3.999700212159165176e+02
1.221237201806274868e+02
-8.501982713518988533e+01
-8.137615794533468261e+01
-5.464325545551640317e+01
1.933228502563512734e+02
2.951615227412850686e+02
4.503634535684755065e+02
1.863395397315948117e+02
4.717978668376154019e+02
3.372746976733963038e+02
1.470477628290522262e+03
1.365176323031562333e+03
1.862335633258452845e+03
2.544321371031277522e+03
3.812558404562683336e+03
4.118457692249939100e+03
5.158080903739595669e+03
5.845198601438471087e+03
6.705341768544554725e+03
6.574417745246246341e+03
6.313371317925266339e+03
