6.931165555654886703e+03
7.166535222337270170e+03
7.763907301295827892e+03
7.283644803304411653e+03
6.754044933191404198e+03
6.479091348694261796e+03
5.742908742170389814e+03
5.375361585865614870e+03
4.962400906821220815e+03
2.863213657452132793e+03
2.304209380806368245e+03
1.450932254461662069e+03
1.427691277079522479e+03
8.210910528946019440e+02
6.148803740916298466e+02
7.831815119546511141e+02
5.058251341853468261e+02
3.851914292138264386e+02
4.493556595829386993e+02
9.657115324202666216e+02
2.312336755624468196e+02
-7.078735082070092233e+01
3.162033614274165529e+02
1.263213521891572668e+02
-1.706023430098459528e+02
4.168534347900951502e+02
-2.190386639174647954e+01
-2.649029002002685615e+02
3.775119390871817018e+02
2.538836810349716018e+02
-2.080947213456611280e+02
9.713525564121614053e+00
7.332233072716609286e+02
2.688997586960713875e+02
4.643402419784426343e+02
5.575089830816207268e+02
2.570219645172616652e+02
8.575088776346251507e+02
1.434600872376314328e+03
2.419147998312912478e+03
2.645050977633357888e+03
3.896382124926509277e+03
4.645125209691833334e+03
5.415416787859559008e+03
6.064266772811470219e+03
6.617229988457061154e+03
7.024093060194929421e+03
6.889031259280567610e+03
