6.542742135717511474e+02
-9.596179338305138629e+01
-5.912101832866104587e+02
-5.021890154494840885e+02
-2.128943358038486267e+01
5.563762121277796950e+02
1.112838732194141130e+03
1.598746549414993297e+03
2.538560372377004114e+03
3.525601655152182957e+03
4.451110280382373276e+03
4.590590373160934178e+03
4.922620302440580417e+03
5.485679262933886093e+03
5.650199133912047728e+03
5.737785822986868880e+03
5.577944466940733037e+03
6.032610954499322361e+03
5.835944098313138056e+03
5.768293540596463572e+03
5.568498847187680440e+03
5.785465133005212010e+03
5.890514155563267195e+03
5.447006850693880551e+03
6.206715827200700005e+03
6.123937770000969067e+03
6.108574856668142274e+03
5.782298086751485243e+03
5.834395615129357793e+03
5.934294612017247346e+03
5.841273492216955674e+03
5.697543406243926256e+03
5.867338134604833613e+03
5.786029847874082407e+03
5.826817835674496564e+03
5.774678591329407027e+03
5.969467719924185985e+03
5.556883196362932722e+03
4.829845282035423224e+03
4.314124155163530304e+03
4.047650051080189769e+03
2.827960529433623833e+03
2.240256789691466565e+03
1.697144329479351427e+03
1.007856608162193879e+03
7.212234993477723037e+02
4.269200032485238694e+02
1.357440296481733242e+02
