7.908614403151717852e+03
6.820686681156756094e+03
7.657933204518548337e+03
7.175171719767522518e+03
7.930447282944281142e+03
6.254162439382554112e+03
7.256568574558190448e+03
5.296905844517009427e+03
4.033714842330556621e+03
4.968946580758128221e+03
2.834220040315335609e+03
1.923316784729576739e+03
1.216264109946514964e+03
6.798911792369893874e+02
7.838925092962020926e+02
7.387375213751782894e+02
9.061197492495280130e+02
1.086606533162353799e+03
4.182770547056300643e+02
4.261488469095624509e+02
3.596225891352371491e+02
7.990641008479897209e+02
1.235986906271894838e+02
-8.114608380958591738e+01
2.424465732311836064e+01
3.989156213971363485e+01
-1.876459739786252783e+02
-4.263167545989747396e+02
-2.462440525498751498e+01
-4.098878884842903148e+01
-4.134613165130945234e+00
5.120336224123044531e+02
3.790953894022046597e+02
6.395089759771701665e+01
3.628463859969739929e+02
7.524595173845867748e+02
8.989145373182404910e+02
1.173730272137214115e+03
1.292212685199335965e+03
1.771335531485103274e+03
3.307670644832888684e+03
4.239695695339370104e+03
4.536638743508659900e+03
6.828950262326363372e+03
5.570483376586303166e+03
6.234571996021581981e+03
7.459499422092763780e+03
6.454719051659832985e+03
