7.435916454167180746e+03
6.975962711633745130e+03
7.226910802629950922e+03
7.273552224334383936e+03
6.627232111717170483e+03
6.523469576222160867e+03
5.923019331283355314e+03
4.972967871135080713e+03
4.230273237157667609e+03
3.079309142213110135e+03
2.334559492728084933e+03
1.967088750256588810e+03
1.017622857965133903e+03
1.128433324031175516e+03
8.184961552116235453e+02
4.542761205731200675e+02
2.337086908521772557e+02
2.292845587289665161e+02
6.228678144797648883e+02
9.128548877274771485e+02
3.283592888013692459e+02
-1.753419962857751671e+02
-1.468299255656953619e+02
1.889572207313910113e+01
1.209255779436447682e+02
2.592688632783219305e+02
-2.968963995103704860e+02
-4.301018118586621419e+00
3.043989127289543148e+02
-5.942718174778964624e+01
1.873510996474290380e+01
5.547618142841441795e+02
2.693170716557870605e+02
1.276227072510951643e+02
7.376379209141472302e+02
5.389415306435623734e+02
7.531211468186302227e+02
7.246993443326431361e+02
1.331163415504387785e+03
2.167725700346799385e+03
3.090596922716585141e+03
3.286971438040145131e+03
4.586468816186010372e+03
5.044649178226967706e+03
5.654074543060145515e+03
6.290097461968457537e+03
6.564673652290940481e+03
6.544165376308290433e+03
