7.541853890345809305e+03
7.760132690218177231e+03
8.234479391237575328e+03
8.215530255595842391e+03
8.476070993687824739e+03
6.544805424092050998e+03
6.465530612040980486e+03
4.549808658343307798e+03
5.072941677510489171e+03
3.295497642428047129e+03
2.672730660438007362e+03
2.029531222626891804e+03
1.500791254147141672e+03
9.137859869465256679e+02
9.248613458281249677e+02
8.461943386402750775e+02
5.882241240808007205e+02
-8.346843139815020152e+01
2.835172874017413278e+02
2.696676485233765561e+02
5.836510389571748192e+02
1.124370220774693223e+02
-1.043926842413513327e+02
6.069902928012137977e+01
-3.488775377015221579e+02
-8.268794129126132475e+01
-3.622722268989230798e+01
1.393554882883570656e+01
5.900597854926880927e+02
5.049234418717241368e+01
2.600364029159927099e+02
3.474048649307387109e+02
4.289386768601783047e+02
4.029776491997767494e+02
2.581549603310775751e+02
3.990870097453284302e+02
8.960215951622691364e+02
1.410535304591078557e+03
1.427769463919297095e+03
1.992926943875956113e+03
2.971296746534019348e+03
3.284305932280561137e+03
4.865991809052746248e+03
5.358233620345721647e+03
6.264214530101740820e+03
6.632540784915298900e+03
7.011923488843483938e+03
7.383037612247842844e+03
