7.537849142982779085e+03
1.144788108955583994e+04
8.203659314196365813e+03
7.410173998491505699e+03
7.804081122823685291e+03
6.509357299635608797e+03
6.216342443138405542e+03
4.842198391095849729e+03
4.135909214497854009e+03
3.514672362008653636e+03
2.498911445462544634e+03
1.817124173855813069e+03
2.226690444496714463e+03
5.887174540498418764e+02
8.004015884151727960e+02
5.013254767296162413e+02
3.211439094333064190e+02
6.682801700812810850e+02
5.796676115718169058e+02
3.323121422637523779e+02
5.371473094240847956e+01
8.106606013081919571e+01
9.646079102377404979e+01
2.086306453260037586e+02
2.373730852986727413e+01
3.605954237696144560e+02
1.249717572872956595e+02
1.454642947191020994e+02
2.999920357278584149e+01
2.224062017063411361e+02
4.867116603000685586e+02
4.903825406546235399e+02
2.379894610522482026e+02
4.199254991983578975e+02
9.709022681550712832e+02
3.580437981189357970e+02
7.457967707065290597e+02
6.616422681392303957e+02
1.535693891735723355e+03
2.206239435051133114e+03
2.487453074503141124e+03
3.867128294661679774e+03
5.625135899345257712e+03
4.700040828107359630e+03
5.642624683342100980e+03
7.774728945354365351e+03
7.017160975615068310e+03
6.937384518952980216e+03
