7.207919615372735279e+03
6.841871587360842568e+03
9.731908170740742207e+03
8.526302382752799531e+03
1.046627377506022822e+04
6.904201950928528277e+03
8.255047342874036985e+03
5.440906001802927676e+03
3.777198103643651393e+03
3.561980759997624773e+03
2.584917423629146469e+03
1.973741097697957684e+03
1.343225929695865489e+03
8.471290352953406000e+02
7.717054832408110769e+02
5.989179247667436812e+02
8.778667827735247329e+02
2.924550603255610781e+02
6.126636428884403358e+02
5.049906078707583106e+02
3.844887029754309538e+01
3.201272748393035954e+02
-2.128765203822202920e+02
3.129149887805854746e+02
-1.803037439462372902e+02
1.062773605168495692e+02
-2.365568251705935836e+02
9.281246396848881375e+01
1.660638420634541887e+02
-4.046360892766212913e+01
-1.861910406912797384e+02
3.652823968596705413e+02
4.097577378101045156e+02
6.164202590711828407e+02
5.904131075388238514e+02
4.780508593762562555e+02
1.273352403878474661e+03
1.088017116227426641e+03
2.379668743646569965e+03
1.642964762772619224e+03
2.804045545653951649e+03
3.674094347357879997e+03
4.427642063064860849e+03
5.683180035214823874e+03
5.593008482793386975e+03
6.738866902766694693e+03
6.977039996294999582e+03
8.834742376303345736e+03
