6.278709676611669238e+03
6.444930857573102912e+03
7.245503885875290507e+03
7.294595749419106141e+03
6.904721832499014454e+03
6.523904944114347927e+03
5.752608284533721417e+03
4.601821460731461229e+03
4.243671465663681374e+03
3.263016368770896861e+03
2.030075484343832386e+03
1.630501339608827948e+03
9.443737133442199365e+02
1.230483570043670170e+03
4.747868331693155710e+02
2.475137199165479274e+02
8.854153606926190889e+01
2.165896076226588889e+02
4.955088128972937511e+02
2.618155955928950789e+02
2.899990857852529302e+02
2.173237186683173547e+02
1.310273928686028171e+02
-6.331822566753385928e+01
-4.930496042834965351e+02
2.800165730138297135e+02
1.691675639913454461e+02
-2.180374871597706772e+02
1.370895136159026322e+02
-1.629787769570476641e+01
3.064567067874240252e+02
2.343345039059568933e+02
3.298045953481261563e+02
8.017288898358185634e+02
2.751007321671771138e+02
4.984994246287333794e+02
7.120244584314804115e+02
1.074523292430310221e+03
8.980131791552316827e+02
1.861116927559022088e+03
2.409493478407953717e+03
3.257589272378343594e+03
3.704387955902569502e+03
5.077008996723683595e+03
5.777052275965462286e+03
6.429382866817181821e+03
6.258569774815251549e+03
6.427548131175052731e+03
