6.215330426659676050e+03
6.987165998380955898e+03
6.930528462760830735e+03
6.779443741768460313e+03
6.843343219497441169e+03
6.177025487597980828e+03
5.685605921709544418e+03
4.701701455844224256e+03
3.906407779404905341e+03
2.901644777705780598e+03
2.106002069946348456e+03
1.456110629433982922e+03
1.533520564967232758e+03
7.457294536572157995e+02
7.174521388410558984e+02
5.364082518532188715e+02
3.048899899278174530e+02
7.633967193110361222e+02
2.280370500093901853e+02
4.328920431909073727e+02
2.853742764632514195e+02
8.367949772325339097e+01
6.742219588434708157e+02
4.368699137872803817e+02
1.328994294029227490e+02
-3.305115022829992881e+02
1.837472699978381385e+01
-1.792582154312343619e+02
1.233187127978115569e+02
2.422080582440027570e+02
-2.947173910092932942e+02
-1.356721297716529193e+02
6.268807334926679005e+02
3.282976602425133592e+02
8.248534600197868940e+02
4.714639390897389148e+02
7.169468044275478178e+02
5.724418077440440129e+02
1.160463724520767073e+03
1.639115684046996194e+03
2.601997569070747886e+03
3.698404713574791913e+03
4.254701064826032962e+03
4.986153371583051012e+03
5.593512980170671653e+03
6.753781291440108362e+03
6.612389753134396415e+03
6.122501399799262799e+03
