7.426128099935407590e+03
6.819125616718953097e+03
8.041265241644753587e+03
9.324628467805721812e+03
8.203183019237734698e+03
8.080129057737079165e+03
6.719577003964978758e+03
4.795490284605605666e+03
4.339079090809382251e+03
4.388955252770720108e+03
2.830163990290434867e+03
1.298657046847946276e+03
1.166655019829968523e+03
6.718607330705691538e+02
1.074983256248711768e+03
2.521806949992260058e+02
7.301707869611765318e+02
2.645187243000061699e+02
3.636117680915314168e+02
5.377511910165876543e+02
6.675660396968337409e+02
-1.005210654005654050e+02
-2.761957287389830071e+02
1.805047260367158799e+02
3.577744572345389429e+01
9.086772763030948497e+00
-6.615083145778834250e+01
2.156147682650513957e+02
2.224986511924114438e+02
1.988064768627113210e+02
6.421443051235272605e+02
3.837378169929421574e+02
1.809235977721469624e+02
5.855041604406064835e+02
5.845677957044139248e+02
3.712339425425598165e+02
5.618128350661299919e+02
1.199870336125255562e+03
1.541957821548877746e+03
3.167755091208583508e+03
2.911963438133532236e+03
3.897976147604104426e+03
5.757135953734337818e+03
5.437877539933278968e+03
5.878881498147522507e+03
6.506058786572031750e+03
7.643308091971497561e+03
7.203671688147365785e+03
