8.332694220210370304e+02
-3.587954889613060914e+02
-2.871117070325776695e+02
-4.570125265431839239e+02
1.566605141932248841e+02
1.129897863228070918e+02
8.453678250221594226e+02
1.916177320513590530e+03
2.837468872395410926e+03
3.970386467525663193e+03
4.368097407870409370e+03
5.062123943066665561e+03
5.487531157391121269e+03
5.988011273234475993e+03
5.911041137922500639e+03
5.792997418532263509e+03
6.251069398294431267e+03
5.916915312050734428e+03
6.243625952252621573e+03
6.080411036857988620e+03
6.342391294536849273e+03
6.327989360620557818e+03
6.603612171508457322e+03
6.471325497995666410e+03
6.585634311568620433e+03
6.524601333748586512e+03
6.181110128375098611e+03
6.489329658677155749e+03
6.367798572000659078e+03
6.321294736458711668e+03
6.644330666537939578e+03
6.311919289697011664e+03
6.306336382400014372e+03
5.920973319099114633e+03
6.238815784524402261e+03
6.283907698640379749e+03
6.087636724143887477e+03
5.424353922868079280e+03
5.108424469206095637e+03
5.006115456439085392e+03
3.749823176436327230e+03
3.348716080743472048e+03
2.431950045590617719e+03
1.698184381443439861e+03
9.176104946465654848e+02
6.007431990063364537e+02
3.482267800253018777e+02
-1.451198025899174127e+02
