9.391202710419394862e+03
6.972119425326155579e+03
8.216473859858717333e+03
6.950922916509581228e+03
6.634975409033607320e+03
7.855219303298196792e+03
6.251852289825432308e+03
6.018173438755599818e+03
3.906669412378375000e+03
2.936597203147897289e+03
2.150654052899387807e+03
1.878628213244089693e+03
1.171518814732685541e+03
9.397676680932286217e+02
6.454689454427516466e+02
7.137941048100768739e+02
6.491974131326529687e+02
6.255656835028967180e+02
5.857699080070435684e+02
5.132039848819463259e+02
3.707642099196345384e+02
3.427924112969206476e+02
3.008128213482203819e+02
1.324594952540151382e+02
3.830443619026377178e+02
3.352858804612561130e+02
3.327625984817038329e+02
1.872973180871368584e+02
8.590028044412565578e+02
3.757565528257026699e+02
1.226360607672937988e+02
-2.082559735954787357e+02
2.912293582162236589e+02
4.681764075825191753e+02
2.429073256131650851e+02
6.400566986763236628e+02
8.569062622334706703e+02
7.986509083877643889e+02
1.722131344666280029e+03
2.484279053183959149e+03
3.059256774871390007e+03
3.635096518368262878e+03
4.135489013083183636e+03
5.351041781698540944e+03
6.508468155206085612e+03
7.031811223756571053e+03
8.690158730414406818e+03
7.537155977961282588e+03
