6.458803914686665848e+03
7.258291929955972591e+03
6.993278044639118889e+03
7.732777687493638950e+03
7.891568998452338747e+03
6.988069460015098230e+03
6.469053890060815320e+03
4.784303337901359555e+03
4.335557075354664448e+03
3.296402243511010965e+03
2.425276425950191879e+03
2.077242160333733409e+03
1.346722126956128932e+03
8.315106669409439064e+02
4.281598100805573495e+02
6.801757854610799541e+02
5.114978023922195121e+02
4.560074131332047500e+02
6.282486881818878146e+02
2.191135091254987515e+02
-3.580731265767209948e+01
4.482682979618780195e+01
2.889102834145489851e+02
3.336928694016756367e+02
-2.807936918040801402e+02
-2.092211860428792818e+02
-3.740415144768602573e+01
-5.845780388435508002e+01
1.704059468177044039e+02
-1.361559593811574018e+02
6.792591963466188076e+01
1.305087341650879580e+02
-1.166259660844407477e+02
1.827479133930732758e+02
8.059195901031030189e+02
6.519868350204420722e+02
7.232597207167409579e+02
1.003493391687313988e+03
1.407621004283470484e+03
2.696533548080925812e+03
2.486240885138579415e+03
3.165180008987434121e+03
4.133373152043975097e+03
5.791529680251442187e+03
5.829898773881758643e+03
5.875792182969540590e+03
7.408008076763554527e+03
6.431066324629449809e+03
