6.333724672686046688e+03
7.078692300327189514e+03
6.980835402610639903e+03
7.033025644534400271e+03
6.853232321897906331e+03
6.878183049898605532e+03
5.970220191096449526e+03
4.738423154534391870e+03
3.636150073283784423e+03
3.057999198244744548e+03
2.505404212114848633e+03
1.671696532179794531e+03
1.140741937239385607e+03
8.035480751403941895e+02
5.246102473497196570e+02
1.622968100795321789e+02
1.898392080283888959e+02
3.537037426973801644e+02
2.928264615814491663e+02
2.809454536612732340e+02
2.260779629470690963e+02
9.582502546766980345e+01
3.550992360297395294e+02
1.153875903215714942e+02
2.289594022529125255e+02
3.912554109248310965e+02
-2.747905981607652279e+02
9.325125255218225107e+01
1.778387089372691037e+02
1.918463888309341883e+02
7.308572500671800753e+01
5.844402365719133741e+02
3.151381163488683796e+02
4.267318910742692424e+02
4.014928588445057471e+02
5.276522048404503948e+02
4.036777946152445793e+02
9.511801390104437814e+02
8.852424249610974130e+02
1.731567040509969047e+03
2.326421199209021324e+03
3.076124317331773909e+03
3.984360836252270474e+03
4.876895102862245039e+03
5.476339227646425570e+03
6.158059473328333297e+03
6.543759038315498401e+03
6.575155052008813982e+03
