6.371392150859178400e+03
6.843768634672325788e+03
7.409839527031496800e+03
7.706816453652651944e+03
6.812135565725931883e+03
6.213551907954310082e+03
5.844431279591156454e+03
4.441903857891315056e+03
3.941016684106920820e+03
2.870646379982023518e+03
2.153206653022009959e+03
1.759081297775097028e+03
1.279795867699886230e+03
4.724321230675774359e+02
6.152575999624958740e+02
4.306947832504097278e+02
2.719347150633744832e+02
5.453786061867141370e+02
2.952245449604685064e+02
1.082245172582297386e+02
-2.572826046451566526e+02
2.048382100342200829e+02
3.635731696167510449e+02
3.258574775612049734e+01
1.061616358904680766e+02
-7.821243857141398692e+00
3.142403825033743914e+01
4.288007522441436663e+02
1.542528938010087991e+01
1.132316914614912093e+02
1.011445292804523604e+02
1.118205353671521323e+02
3.673480422308016387e+02
3.114300595139969232e+02
2.981293779036722071e+02
4.036735065959177859e+02
7.744442482889520534e+02
9.260201869444656495e+02
1.166320384565966151e+03
2.053081743109102263e+03
2.543014739262110652e+03
3.616157149823226518e+03
4.584166735486159268e+03
4.768378413597910367e+03
5.525531918066449180e+03
6.597620320966877443e+03
6.442346984382268602e+03
6.745442592288473861e+03
