7.235344471731494195e+03
7.424223649296061012e+03
8.187974876676929853e+03
7.432782210819178545e+03
7.480707137758166937e+03
6.374269197501379494e+03
5.540222031250063083e+03
5.383516062343418525e+03
3.806172567227662057e+03
3.225780312618500375e+03
1.935383830063229198e+03
2.131813090621195897e+03
1.121125323670051785e+03
1.404429510693440989e+03
7.086139955781363824e+02
2.767349287696661122e+02
5.096174142315448989e+02
3.011971363516363454e+02
-1.837572266049307856e+01
3.532336013301867297e+02
7.405809883464542054e+00
1.242285002183751459e+02
1.815822909364620159e+02
5.278859551559974079e+02
-7.441962903532333939e+01
2.849224314904914195e+02
2.778882090370209994e+02
-1.123564188200225686e+02
2.377952506018923629e+01
8.742123726597814937e+01
-1.865044306124603395e+02
4.101692358617427772e+02
6.690896906116200853e+02
3.951792778706350759e+02
4.048611645968647963e+02
3.137268556443576699e+02
1.003707229363635747e+03
1.285848024294637753e+03
1.154375556752035664e+03
2.206676174992818687e+03
2.998902809933333174e+03
3.156596849314887550e+03
4.570978315659651344e+03
4.989478319270009706e+03
6.035380780882352155e+03
6.367298709192946262e+03
6.271497048346620431e+03
6.764866716205606281e+03
