8.501650375937240824e+03
8.601162756564228403e+03
7.336286700076010675e+03
7.162396993865150762e+03
7.215321603012700507e+03
6.263183549255919388e+03
5.611519269451461696e+03
5.306572818184835342e+03
5.174161543994995554e+03
3.317021253282265661e+03
2.947020742929335938e+03
1.802458022765321402e+03
1.223924405479760026e+03
8.239077513319236914e+02
4.692936934384483152e+02
4.538463674371183174e+02
1.092748838919722942e+02
2.401703833480876256e+02
1.122755660037193053e+02
4.849228108239248058e+02
1.624069957426388271e+02
7.162280752103627890e+01
9.373782362177161076e+01
1.764967820596363595e+02
-4.450223595024702945e+02
-7.413660252740443468e+01
3.274803794279641806e+02
2.499800922221400583e+02
3.470851751790225421e+02
6.936493038867303085e+02
3.938198867566495096e+02
4.270992167414813707e+02
7.839568953079844960e+02
4.021677169656410342e+02
5.473477911627891217e+02
3.710249299394181435e+02
1.306480500517032169e+03
1.219838627586217626e+03
1.203834826704878424e+03
1.378485770053490796e+03
2.629182441953146736e+03
4.388245411708006941e+03
4.691971387852382577e+03
4.855231316028760375e+03
5.955924666922127471e+03
6.879449764296479771e+03
8.110209768291178079e+03
6.596928483347744987e+03
