6.668701436810120867e+03
6.883844200570668363e+03
7.883063022473587807e+03
7.129729168559090795e+03
7.220193651327634143e+03
6.275827469378001297e+03
6.422592955360580163e+03
4.635685620351265243e+03
4.261985940849976032e+03
3.152806928518931272e+03
2.529322896877224593e+03
1.461589151532464030e+03
8.823777476093499672e+02
9.157851712978052774e+02
7.414991780537550312e+02
5.207085147914152685e+02
3.802258726747357400e+02
4.728686086256994940e+02
2.369519970392899211e+02
4.624980214391833897e+02
5.702132545673060093e+01
3.501606680476482438e+02
2.840811784636138668e+02
6.088878529471276835e+01
2.449801131053202141e+02
1.428680011294258918e+02
5.003566605593562144e+01
1.008529120790798856e+02
4.208444622675752953e+02
1.144036226947678756e+02
-9.082615448236266786e+01
-5.962975625914953071e+01
7.315301756272638158e+02
2.902908469820245045e+02
5.714051903542929267e+02
6.882851926235442761e+02
5.803114737513825503e+02
1.212304989831299281e+03
1.621623735751766390e+03
2.215616004520209572e+03
3.408504443266166163e+03
3.905680417609086817e+03
4.544905055827692195e+03
4.927622511023998413e+03
5.780059327019863304e+03
6.048322534398836979e+03
6.319606004643617780e+03
6.875699294953865319e+03
