6.109352732717497020e+03
6.450158148745224935e+03
6.869167743983674882e+03
7.013455215682442031e+03
7.158088287627551836e+03
5.888644064256275669e+03
5.500366738517252998e+03
4.505798233572643767e+03
4.013210785030349143e+03
3.172242538486984813e+03
1.759497711152623651e+03
1.514378330310718411e+03
1.166118570292851473e+03
9.980646077056130707e+02
2.543533866542109934e+02
3.338939412550494126e+02
4.046292037673185291e+02
3.217709103050862041e+02
3.734497204040495717e+02
4.371388747933534660e+02
3.967940842937312027e+02
8.539407314410444769e+02
1.293060701382518118e+02
1.243871107655214274e+02
-7.064048867238892626e+01
6.928994385058958017e+01
3.975129532655082585e+02
-6.774311497381205527e+01
2.357252262525129822e+02
5.522232357051461804e+02
4.172679309220923756e+02
6.687141563340084076e+02
4.467494915358383878e+02
6.280278697118285436e+01
2.572363664890198152e+02
1.633275040683268458e+02
5.342058183192754086e+02
6.628450613054051246e+02
1.102408296377799388e+03
1.880441381531320530e+03
2.612131138609012851e+03
3.500651211628979581e+03
4.025941029159163463e+03
4.829568763427106205e+03
5.395624352002532760e+03
6.169837148255937791e+03
6.221386967387004006e+03
6.481487973408515245e+03
