6.791904624516122567e+03
7.489844779455558637e+03
7.093231284041808067e+03
8.650887638667703868e+03
7.004873153365341750e+03
6.685937643840578858e+03
5.692085404017544533e+03
5.007378965009420426e+03
3.894733905284116190e+03
3.352230548891147464e+03
2.171382375617234629e+03
1.663760535403525637e+03
1.147771971774574467e+03
1.047767336826187147e+03
8.560384662995659255e+02
5.358007833814286869e+02
1.937938188441916054e+02
5.094018587586255649e+02
2.534260029100918814e+02
7.762260238833507628e+02
2.305261193652306986e+02
3.418075887793663270e+01
2.623718347046665258e+02
1.682496015425124654e+02
1.762249809631661321e+02
1.715774272679794308e+02
-1.787132714354240761e+02
2.253312139989266782e+01
-5.945553377153619579e+01
6.925406616247387319e+02
2.710482910629645517e+02
3.280862541664751006e+02
2.890474047339238837e+02
7.954804306196421066e+02
4.030791000524696415e+02
4.171914470564938142e+02
6.865697394558688984e+02
8.432383200181391203e+02
1.321362965435202341e+03
1.582864441121323352e+03
2.635225432139234272e+03
3.820600850755902229e+03
4.554198086799106022e+03
4.730851539494266945e+03
5.896296885204163118e+03
6.709578324345605324e+03
6.918890960087754138e+03
6.744223946326733312e+03
