6.979389401307802473e+03
7.108562301056335855e+03
7.443855530138961512e+03
7.512325999287498234e+03
7.048330445392864931e+03
6.207403141467623755e+03
5.571448355050408281e+03
4.550567264334975334e+03
4.013253674453087115e+03
3.327943528012536262e+03
2.804376951053944595e+03
1.471923523117915011e+03
1.212495794765837445e+03
9.236060868194670093e+02
8.531100491559275270e+02
4.994580135571632695e+02
4.043825502797203058e+02
1.792848155081992161e+02
2.032745805047649696e+02
3.333014653694417007e+02
-1.962555565372455391e+01
3.250675521406610642e+02
7.076539231262528347e+02
3.368780744830388016e+02
2.183188293583662016e+02
7.432785093682666400e+01
4.270632603250799519e+01
-2.248175466205738644e+02
3.636947625556063031e+02
3.315964205748704217e+02
1.670400040862635080e+02
4.482275441474237709e+02
5.481531091281899535e+02
6.659885709237884157e+02
1.305524492098405744e+02
1.660190466808178087e+02
4.816286401248470384e+02
6.684271569371109081e+02
1.380969263013787668e+03
1.519455349758922921e+03
2.402350531918814795e+03
3.938096430196798792e+03
4.080115467670734688e+03
4.821548702145521929e+03
5.261367307679369333e+03
6.218772788763619246e+03
6.579102496359267207e+03
6.859841879730817709e+03
