6.434289610984305909e+03
7.810907535831619498e+03
7.652271908938784691e+03
7.386369871824101210e+03
6.789468343679776808e+03
6.748035587282779488e+03
6.529976951685875065e+03
6.740759936308801116e+03
3.893069138798259246e+03
3.863532655652481935e+03
3.404286482953357336e+03
1.961843592479297740e+03
1.638420045995686905e+03
7.694867172861266909e+02
8.056339374285298618e+02
1.105615495092773699e+03
9.081965170118412516e+02
4.122158382266757712e+02
9.162144852456573290e+02
4.071349842852229131e+02
3.437112703722698939e+02
7.328449709633885334e+01
-2.936720065011443737e+01
4.705503837507372396e+02
3.301268269854874120e+02
7.669559791628955736e+01
-8.638953195370035587e+01
-2.608205167395935931e+01
-4.345357589260524378e+01
5.628624184345967478e+02
7.438301264407408553e+02
1.975953382448673779e+02
5.648494583899400823e+02
5.456572427439054991e+02
4.365936667756373026e+02
3.242825327964424673e+02
7.867783720674555070e+02
1.440872079896614650e+03
1.921647624509800835e+03
1.942807735261206744e+03
2.518412122625875782e+03
4.223135575055550362e+03
3.687538651005709653e+03
5.187311432896967744e+03
5.730061564115268084e+03
7.981916261937963100e+03
7.475505128736090228e+03
6.669786191129998770e+03
