7.034576849793918427e+02
-2.617041973993011084e+02
-2.393019915273092124e+02
-7.155323311184297381e+02
1.266682599937434901e+02
3.864125750719048256e+02
1.147516516394342261e+03
1.635283886578589772e+03
2.675705733126241284e+03
3.747987189672944623e+03
4.588765076352560754e+03
4.885201893797022421e+03
5.383998825452989877e+03
5.886846938618293279e+03
5.674240688397341728e+03
6.069313822606440226e+03
5.840707433625490921e+03
6.171080717243876279e+03
6.286805418954279958e+03
6.459327865309152003e+03
6.158156769405574778e+03
5.987577998230261073e+03
6.385578822536802363e+03
6.399507419103912980e+03
6.041621549214136394e+03
6.702955198163670502e+03
6.308929958376223112e+03
6.230331525370093004e+03
6.311689491485257349e+03
5.887158155969184918e+03
6.130620048817737370e+03
6.173033487601487650e+03
5.994847949891004646e+03
6.143314856090519243e+03
6.109836871070185225e+03
5.932723151014920404e+03
5.937941651903175625e+03
5.616213211789805428e+03
5.430835816358753618e+03
4.324835470693834395e+03
4.137455368995068056e+03
3.190122464672832848e+03
2.470325311588067507e+03
2.284129231276631344e+03
8.025623552840941102e+02
8.971511824290514596e+02
4.137320651332925081e+02
2.426076876960997097e+01
