4.507472231796977553e+02
-1.034419759665348124e+02
-3.652820520767057246e+02
-3.160289540284266536e+02
5.475535541782272020e+01
2.792504034741490955e+02
1.037727076025148790e+03
1.462399069889981320e+03
2.384528193468310292e+03
3.449013325361970601e+03
4.241159980451408956e+03
4.505791532209452271e+03
5.201220303075400807e+03
5.708733824005960741e+03
5.445916951637052080e+03
5.547640931314997033e+03
5.949294844341589851e+03
5.773759988293450988e+03
5.507100754930923358e+03
5.591909584197718686e+03
5.798969531737724537e+03
5.618962041645914724e+03
5.885189206139846647e+03
5.950639608962927014e+03
6.139286050659578905e+03
6.228203482179425009e+03
6.049199556857467542e+03
5.846673464193578184e+03
6.170852498901750550e+03
6.131964763319255326e+03
5.694649938803727309e+03
5.663790705081674787e+03
5.813233951599270767e+03
5.679024685843518455e+03
5.779039734176126331e+03
5.550333712770498096e+03
5.887412949059209495e+03
5.092269744150956285e+03
4.822756263717852562e+03
4.445435706590562404e+03
3.821998073875903629e+03
3.170303991481447156e+03
2.410563456223006597e+03
1.780805969535810391e+03
8.740328263573709364e+02
2.309872961515991392e+02
1.962250356182653945e+02
6.214042854203144373e+01
