8.188300669019551606e+03
7.492961258349407217e+03
8.052887397134548337e+03
6.998203137227030311e+03
7.757629066950196830e+03
6.758170116307231183e+03
5.628703064219481348e+03
4.916243009855755190e+03
3.702259009225872433e+03
3.189118455016867301e+03
3.166639378454387042e+03
1.925701052343452602e+03
1.195458125017141811e+03
9.011396341412628317e+02
8.223138840105048075e+02
7.375043251058924625e+02
2.289482423670298203e+02
4.157550877579002417e+02
6.028483229467233286e+02
3.307060320625768099e+02
3.143973263845730912e+02
5.136126050477848821e+02
3.882461895104789562e+00
9.865568398665949701e+01
1.758427056903648236e+02
6.526873474267689801e+01
3.328948527232327592e+02
2.155314666130739099e+01
-1.927745120096554956e+02
1.851415570591219080e+02
3.031710408648167743e+01
3.463980673575450169e+02
4.870578429685295987e+02
3.683755936332336773e+02
4.235751348029020278e+02
5.014407834538529869e+02
6.253613542246605448e+02
7.442384649711157181e+02
1.361111651599823745e+03
2.083136523876612046e+03
2.124349807452050300e+03
3.516768454090836713e+03
4.191507473123978343e+03
5.444983643150226271e+03
7.234704173620668371e+03
6.471838039712398313e+03
6.623408522378614180e+03
7.512025709500075209e+03
