3.651526359053866599e+02
-1.512776882922826758e+02
-5.254749856071495060e+02
-1.011825943993127197e+02
-9.369443017938492346e+01
5.064770625727408628e+02
1.582732736379880180e+03
1.636084249707751724e+03
2.900789708471656468e+03
3.468392720876924159e+03
4.421302115285403488e+03
4.855849093847243239e+03
5.187509896399485115e+03
5.453157665811494553e+03
5.975200499686217881e+03
5.691224654881345487e+03
6.054530768169456678e+03
5.822587289104360934e+03
5.726966377225637189e+03
6.281823597162329861e+03
5.912385239060906315e+03
6.255871389834658657e+03
6.124306783849411659e+03
6.613461802707543939e+03
6.315067061225146062e+03
6.801620860382226965e+03
6.497474230969029122e+03
6.234680994087836552e+03
6.541905210991318199e+03
6.401619462077107528e+03
6.338120991017917731e+03
5.767508062100984716e+03
6.098001798372152734e+03
5.912673921693046395e+03
5.558110088949017154e+03
5.660207324779612463e+03
5.832089998750091581e+03
5.325240757560281963e+03
5.009689488309921217e+03
4.942183638682858145e+03
4.462870627849580160e+03
3.364899546390312480e+03
2.213879646399924695e+03
1.720059129624893558e+03
9.546733486794822738e+02
6.589987480172944743e+02
2.122450880746633572e+02
2.391926636174924852e+02
