4.461033730799777004e+02
3.068129049511695712e+02
-5.466188856397939162e+02
-1.759412234995340896e+02
-1.985661424194088625e+02
1.682099735275896819e+02
3.665305460658020706e+02
1.892650003937772681e+03
2.395554069387667369e+03
3.169066376863727783e+03
3.511474767825176514e+03
4.473729104942976846e+03
4.689650044841640920e+03
5.060345412034591391e+03
4.980646381337911407e+03
5.747760798033222272e+03
5.590597792401826155e+03
5.377264604105909712e+03
5.736564844374111999e+03
5.759921227624733547e+03
5.558330228676762090e+03
5.435218427622981835e+03
5.697418085548552881e+03
5.967204857671465106e+03
5.928605461147151800e+03
5.904089500486296856e+03
5.876448520170866686e+03
5.756982387990449752e+03
6.001675854691595305e+03
5.472753105714093181e+03
6.054164038930902279e+03
5.702185952870227993e+03
5.377848941462189941e+03
5.715006691187939396e+03
5.683351154000825773e+03
5.349357115067516133e+03
5.353998379692410708e+03
5.089693803921981271e+03
4.337375779950284596e+03
4.353119890525205847e+03
3.422593429448887036e+03
3.031676639298009832e+03
2.089272052127856568e+03
1.014672965995640993e+03
2.564793824098946402e+02
1.889787470914029939e+02
-2.837224125673839694e+02
-2.778820991818751054e+02
