6.937886168057268151e+03
7.738821929047166122e+03
7.110401113128761608e+03
7.573083075936620844e+03
7.008062069496643744e+03
6.613095736809268601e+03
5.621917452055639842e+03
4.633851441122941651e+03
3.804330542692323888e+03
3.275050497050696322e+03
2.395189648681031485e+03
1.559412973517748696e+03
1.257024630428073351e+03
7.289554403682648172e+02
3.220932601483200983e+02
6.837109927991592713e+02
4.514285182170333997e+02
2.415069779575379698e+02
2.787103849976132324e+02
5.529780105865792166e+02
6.202078357607589396e+02
1.993098591604879459e+02
6.238463717138515108e+01
2.695919789960128696e+02
7.689948934053680318e+01
9.652871338437445559e+01
-1.611850062814682758e+02
-2.225928720565826495e+02
-3.902707879915186862e+00
2.925051988830260825e+02
-6.714571502402354497e+01
3.380803891727359201e+02
5.939450790594859200e+02
2.209376287381602424e+02
3.192136079098506229e+02
5.147981980507257731e+02
5.033667856935625764e+02
7.953319578065295445e+02
1.225287359658498872e+03
2.144680527897957290e+03
2.109434906174843036e+03
3.600926423217073534e+03
4.400244184797938033e+03
4.711220321479666381e+03
5.764189238760769513e+03
6.306479435089753679e+03
7.347655223210719669e+03
7.653562479661191901e+03
