6.166541871880414874e+03
6.612983112711927788e+03
6.865455765426816470e+03
6.919171402848374782e+03
6.518606481202335999e+03
6.159085575603430698e+03
5.515396498450816580e+03
4.441336522155917919e+03
3.462198850240527008e+03
3.272548221828126316e+03
2.131972995560975505e+03
1.734064878967280947e+03
1.174164266738783908e+03
1.075450325531421186e+03
6.854869919625872399e+02
4.068806483666710392e+02
2.721032834635890367e+02
3.994847931712172340e+02
4.752266899312131159e+02
3.848447964747334709e+02
2.007159602560639939e+02
5.298246728107937997e+02
8.516649236408714074e+00
-2.534479617716288491e+00
3.884227079630007324e+02
-6.064508769524746157e+01
6.277115892175282141e+01
-2.049943318858479415e+02
1.456099568547984688e+02
6.496968600611413791e+00
4.511986724645425966e+02
-1.031678208975058766e+02
2.648934045573728895e+02
-7.891102139384658187e+01
3.935488812371306153e+02
4.728057241430734621e+02
8.486594895954813182e+02
9.462513585925978532e+02
1.312314453118451638e+03
2.018396223153460596e+03
2.555630961365266558e+03
3.431914057046791640e+03
3.930436319165805344e+03
4.943809347344799789e+03
5.675513275759132739e+03
5.796280681978602843e+03
6.232520076392589544e+03
6.479054731826236093e+03
