7.848529878993579587e+03
6.968298166740411034e+03
7.483204988086259618e+03
9.288766788745228041e+03
9.977736260834924906e+03
6.546746515208728852e+03
6.068336322237886634e+03
5.105864704128365702e+03
4.292692264074636114e+03
3.146906634645448776e+03
2.526439925195993510e+03
2.112078378517709098e+03
1.391850220831342540e+03
9.516662707087130002e+02
8.913270051352054679e+02
7.411426628979244242e+02
4.554424223075928921e+02
7.172636800924431100e+02
1.048477014399753955e+02
4.350084533236562834e+01
4.592534940260026133e+02
-6.237706646970304547e+01
5.057031939309568003e+01
1.590149969540781569e+02
-2.421009715194986711e+02
-5.466342824191161753e+02
2.218077968911206881e+02
5.072375489683180945e+02
1.178199295315842079e+02
-2.502623389779117531e+02
-4.657399729307007874e+01
3.594640068340327730e+02
3.160894645589083325e+02
6.685357567848953977e+02
4.163277278178180154e+02
5.340849916309479113e+02
5.123813498924632768e+02
1.496767451711714102e+03
1.854212043028067683e+03
2.163412417270487822e+03
2.343554302203466250e+03
3.521784932389560709e+03
3.667880247393803529e+03
5.111570516802813472e+03
6.204880447670449939e+03
6.892947833561092921e+03
6.179628634347607658e+03
7.995143349309687437e+03
