6.096733225170456535e+03
7.210814015790112535e+03
7.591104582696308171e+03
7.056187593569608907e+03
7.468345912903546377e+03
6.290901759100130221e+03
6.294916396857957807e+03
4.876505472284615280e+03
4.442426187070723245e+03
2.939178654845738038e+03
2.619952087385676805e+03
2.053118569892642881e+03
1.295015655625148156e+03
1.357189879516621431e+03
4.840126074089930057e+02
4.026377342858410202e+02
5.550252106922885105e+02
3.553377592868017700e+02
5.206512576640352563e+01
2.653924134441500371e+01
3.954759150657871487e+02
3.425523158157675994e+02
4.530669938056414026e+02
-1.698051763226890998e+01
1.432987476435018337e+01
-1.159788866205453104e+02
-1.406128297705072043e+02
-1.930364477442082034e+02
-2.076517872021250710e+01
3.475316817248336179e+02
-2.552459368274510041e+02
3.332661500747700529e+02
3.220118247019979663e+02
4.327265090972734356e+02
-8.182782298190117842e+01
3.052563843055954749e+02
8.843251968019767446e+02
8.799746957965903675e+02
1.408216084303395519e+03
1.477329746453554890e+03
2.586238573154666028e+03
3.336768876553409427e+03
4.597873804783019295e+03
5.349984051912173527e+03
5.757987686136357297e+03
6.642690260116040918e+03
7.120448198436143684e+03
7.368837301281771033e+03
