1.228687680721046036e+03
9.805693569771945306e+01
-3.271638242022553413e+02
-3.583051462121622421e+02
-6.648258590465831048e+02
2.355021304223453527e+01
1.097139472516679689e+03
1.693220458898894094e+03
2.885072068303241394e+03
3.582335753111253780e+03
4.619449388395383721e+03
4.593822972359579580e+03
4.944127435987835270e+03
5.431273224490686516e+03
5.727360426232095051e+03
5.715476202840269252e+03
5.977321512903812618e+03
5.757492947754466513e+03
5.953184038915183010e+03
5.787071159132588036e+03
6.377904046703636595e+03
6.139666098732012870e+03
6.326746393496239762e+03
6.192551178147999963e+03
5.959125514881188792e+03
6.056030882377917806e+03
6.192647712550175129e+03
6.107340200363904842e+03
6.425232831393591368e+03
5.951637240459344866e+03
6.280752891356573855e+03
5.760838536154841677e+03
5.571468861864193968e+03
6.211193679704275382e+03
6.313842598996735433e+03
5.921314780104293277e+03
5.773493459193173294e+03
5.273578753868595413e+03
5.249661038932921656e+03
4.693866618912097692e+03
4.178215131877504973e+03
3.467477858311015552e+03
2.671838197533641960e+03
1.817548853164191314e+03
1.159340170769919041e+03
6.811583304818300348e+02
-2.424019594315148538e+02
5.904905722988269190e+02
