-6.560613116042379716e+02
3.868397185469085571e+02
-5.538991029837538917e+02
4.683376974485884716e+02
3.237088264091453311e+02
3.107417218335183406e+01
1.625149565688055645e+03
1.848929465232133907e+03
2.620308244757010925e+03
3.256075483029629595e+03
4.230902936616153966e+03
4.253876895458763101e+03
4.647687261370640954e+03
5.689830754629141666e+03
5.469384433514877855e+03
5.784830574428416185e+03
5.642132317131916352e+03
5.920487469201748354e+03
5.629540723004710344e+03
6.009031317290945481e+03
6.026028032824421643e+03
5.929004420888160894e+03
6.046674505132625200e+03
5.974407707162045881e+03
5.926990214879323503e+03
6.269932052240015764e+03
6.236599135197786381e+03
6.094596503002056124e+03
5.782949905103746460e+03
6.114907180222973693e+03
6.107965061855582462e+03
6.062142021831466991e+03
6.050573921714149037e+03
5.982144894399862096e+03
5.723685846222783766e+03
5.579979587370125046e+03
5.313912175323243900e+03
5.099086591193500681e+03
4.936478552364805182e+03
4.508231883007897522e+03
3.680052212376633179e+03
3.660538238230464231e+03
2.553206012376509534e+03
1.817774448818449173e+03
1.456305021026613304e+03
3.712290486535742389e+02
4.211535768342064898e+02
5.104036226003387924e+02
