8.577819350458190684e+01
2.239167427606860770e+02
-6.563727666598385895e+02
-3.372547623875072986e+02
4.631803409229268453e+01
6.376145586897923749e+02
8.730262578231190673e+02
2.000682709128735951e+03
2.916989642104846098e+03
3.745262360297382656e+03
4.382887054970217832e+03
5.285440194021348361e+03
5.735556826017081221e+03
5.696054984943829368e+03
5.984614895192315998e+03
5.733884090350502447e+03
6.010130249974267826e+03
6.284002245855561341e+03
6.591260433503080094e+03
6.170918065356539955e+03
6.286798382182142632e+03
6.439443579312962356e+03
6.277864665570836223e+03
6.353138666789091076e+03
6.444615912368436511e+03
6.263470594706467637e+03
6.535176593078915175e+03
6.418014876709831697e+03
6.551445800479828904e+03
6.315954178585463524e+03
6.423364560410834201e+03
5.802180623014341109e+03
6.017693822359018668e+03
6.218947927392273414e+03
5.998630880146262825e+03
6.423079283887036581e+03
5.835696412048252569e+03
5.422595627076141682e+03
5.108119521742910365e+03
4.784148245884398420e+03
4.229086502526519325e+03
3.589774240019514764e+03
3.058058746953085119e+03
1.675487058249807433e+03
1.057957412395136771e+03
7.606016872424969506e+02
3.239665472133454216e+01
5.352910634393147120e+02
