9.514395577362653057e+03
8.784236770789537331e+03
8.056838077335946764e+03
7.553284710176715635e+03
8.491688749948601981e+03
6.611241970772672175e+03
6.486253590507335502e+03
5.027625414792409174e+03
4.798511897017703632e+03
3.393961588189534268e+03
2.352186642265652608e+03
1.521174059490688933e+03
1.744266032363558452e+03
1.240407128322597373e+03
9.462621527513277897e+02
7.912575779081553264e+02
9.197579844647847267e+02
8.105835191520244507e+02
5.938365491146903423e+02
-1.310180121840240872e+02
3.279986465135105504e+02
4.066977858551225040e+02
1.184707911870111303e+02
1.523013417367944555e+02
1.791008059987735024e+01
-2.197765543322634940e+01
2.897295662540892067e+02
-4.230118613426631646e-01
1.872429463175529918e+02
-2.546512500248907429e+02
5.793678104024679669e+02
6.790568663042841990e+02
3.125054881174904722e+02
3.532110681273465502e+02
6.573421811189590471e+02
6.780145759097167684e+02
2.984547910244863829e+02
1.028118239071800872e+03
1.322836418471603338e+03
2.135477304025361263e+03
3.006854507256095076e+03
3.081282681669419617e+03
4.811354794679165025e+03
5.746762480289114137e+03
5.634713929884065692e+03
6.044406939954325026e+03
8.446671514399587977e+03
7.431250326487953316e+03
