6.561235466294791877e+03
6.570745095852215854e+03
8.592750452471142125e+03
7.472540337428411476e+03
1.040947541367828489e+04
9.805878470596113402e+03
5.926157226560974777e+03
4.808369057682619314e+03
4.204649677787640030e+03
3.769621470435826268e+03
3.144046596131471688e+03
2.111175719591763027e+03
9.442803507352107317e+02
1.310612413393924271e+03
1.587723771155231816e+03
4.975097886532961979e+02
1.923306197089516729e+02
6.371927024469758862e+02
6.708709626271463833e+01
7.431369339010476551e+02
2.490008312523728478e+02
3.856326916051643821e+02
1.126193604301058429e+02
6.943190054669805988e+01
2.089337663652393928e+02
1.860834476013245933e+02
-3.154218397195191983e+02
8.363423314842948741e+01
2.786329718476644075e+02
5.012785626768376801e+01
3.448311180227480577e+02
8.158308759720273429e+01
1.930915033676569692e+02
5.514331245234070593e+02
5.921708962829084157e+02
6.065991831269292334e+02
5.592008616159099574e+02
1.050221057281172307e+03
1.704268334423457873e+03
1.787771270327397588e+03
2.505847905261564847e+03
3.500171935292870785e+03
4.393184987323273162e+03
5.384264428552705795e+03
6.322567020642195530e+03
5.897771825205556524e+03
7.016997257418023764e+03
6.388879864650456511e+03
