6.621589775946776172e+03
6.908846582444790329e+03
6.778560402165813684e+03
7.131558028232888319e+03
6.766254356739314062e+03
6.196091432209124832e+03
5.392904287582189681e+03
4.738166912937466805e+03
4.029690228116540311e+03
2.871537997876846021e+03
2.391135180712175043e+03
1.616010280918103035e+03
9.376958633722898639e+02
4.502998967576381233e+02
2.275436734395548513e+02
4.338507283599057018e+02
3.566938390770527576e+02
4.746484232926250684e+02
7.141918776764904351e+02
2.353422032248614357e+02
2.519059235201199556e+02
-1.325485657429539721e+01
-2.763090054731075185e+01
9.826050375686980942e+01
-5.832668772599532048e+01
1.635422932860563492e+02
-1.388128309392307358e+02
3.538686233548466475e+01
6.981119834640173849e+01
2.626309399212228186e+02
6.692192522277707667e+01
4.034287334527473377e+02
3.402677788053526342e+02
3.337917263078501833e+02
5.662361881962176540e+02
5.516566196806005564e+02
2.941552187323637781e+02
6.497278358760091805e+02
1.167067504538811590e+03
1.969254089458859198e+03
2.640412565906316104e+03
3.268765059152104641e+03
3.797000701837386259e+03
4.544725425696291495e+03
5.872166390326072360e+03
6.261101625467221311e+03
6.619040047933106507e+03
6.317520891170159302e+03
