-6.025295159301138881e+01
-4.434690444249426946e+02
2.680113796843215823e+01
-3.668852551844855725e+02
8.462636217954219831e+01
7.591797510544688521e+02
1.134075187395467765e+03
1.871843245571439638e+03
2.577632105531726211e+03
3.167931074646136494e+03
4.225709370193164432e+03
4.704147580225345337e+03
5.112691643601703618e+03
5.284898601184909239e+03
5.624562799402851851e+03
5.615429372209327084e+03
5.743971372880643685e+03
6.132629961060419191e+03
5.884986141422221408e+03
5.567972009252057433e+03
5.837742450819812802e+03
5.747860070935947988e+03
6.178577283735459787e+03
6.018067227898274723e+03
5.899042512491402704e+03
5.681625642344522021e+03
6.109179262363443740e+03
5.950365479097825300e+03
6.018839057568039607e+03
5.774366512242733734e+03
6.189163438842378127e+03
5.855440131459647091e+03
5.704374522235775657e+03
6.258333877144261351e+03
5.747979881408009533e+03
5.514011432673481977e+03
5.336056155675087211e+03
4.801100851486726242e+03
4.702324827881438978e+03
4.782359060879479330e+03
4.100095282984095320e+03
3.158852124993657981e+03
2.305442134243429791e+03
1.871397348375556248e+03
8.468019430477532978e+02
-6.067757776950369930e+01
1.321428721054631694e+02
-1.460019601798779263e+02
