6.329530674878462378e+03
6.906594135804794860e+03
6.727933352841908345e+03
6.812037093047533745e+03
6.955660691362438229e+03
6.705666802785889558e+03
5.488319982516873097e+03
4.692568056025734222e+03
3.490610867996957040e+03
2.810908863521320654e+03
2.069658688504131533e+03
1.635659399048180148e+03
1.344689656896797032e+03
7.151480886679690911e+02
7.085619406139304601e+02
5.652914998549382517e+02
2.942854098028403200e+02
4.782658795887030578e+02
6.891150915735505578e+01
1.077781661802195003e+02
1.879108665868380115e+02
2.561370602488811414e+02
-1.511051761733133958e+02
5.223966051179427694e+01
2.651622416710894186e+02
-1.799606456172764695e+02
2.563961354439547904e+02
4.667529606396112030e+01
-4.514616054542071879e+02
5.268951368825281634e+01
2.036333004687605452e+01
4.763766116497148460e+02
2.007233073148628648e+02
1.373338511453176647e+00
4.571848329689678962e+02
6.108680976000017608e+02
7.578868666188222960e+02
8.890386326989662393e+02
7.708309460381237841e+02
1.435124269305264534e+03
2.342184795750446938e+03
3.172753610930829382e+03
4.182568727486837815e+03
4.986893972867833327e+03
5.620285097551473882e+03
5.932853265849924355e+03
6.423274026464221606e+03
6.593451452185205198e+03
