3.020858037965541598e+02
-2.154742673426545991e+02
-1.543547179498900448e+02
-2.887146885562289071e+02
-2.978180322365882944e+02
6.542759022888064919e+02
1.645527481075259630e+03
1.911356689730609332e+03
2.682015607032943080e+03
3.773093452912846715e+03
4.480825933052835353e+03
4.615266271248797239e+03
5.583500697623701853e+03
5.793778121235437538e+03
6.380187010531691158e+03
6.514998395910607542e+03
6.475747169564330761e+03
6.295155994897446362e+03
6.264461866405843466e+03
6.178463889523653052e+03
6.207886745642847927e+03
6.629704320418389216e+03
6.320309158793307688e+03
6.622818516645747877e+03
6.442093786685773921e+03
6.386938089520088397e+03
6.367716715789245427e+03
6.571975290110808601e+03
6.472764247084722228e+03
6.277114024275056181e+03
6.359084496277163453e+03
6.118705718742041427e+03
6.119238751133361802e+03
6.508730802048856276e+03
6.387816445158494389e+03
5.964921847009864905e+03
6.001267258382049476e+03
5.659917773349629897e+03
5.801368823497692574e+03
4.900070316623670806e+03
4.410939722265824457e+03
3.630946797504449023e+03
2.589160392436942402e+03
1.918480996511828607e+03
1.263946950926222371e+03
9.161548544697714078e+02
2.884952905466503807e+02
1.189879572764425433e+02
