6.382946427351917919e+03
6.729170526627122854e+03
7.220582102548288276e+03
7.039754964522960108e+03
6.706877996034741955e+03
6.469904506621352994e+03
5.606755564722885538e+03
4.932530469374286440e+03
3.562302681612844026e+03
2.847205220256058965e+03
2.456278950501632607e+03
1.778748224054920456e+03
1.163720880764047706e+03
6.581333254039383291e+02
7.237161083655104221e+02
3.044441040648529793e+02
3.034859526731750634e+02
3.097922318648134876e+01
1.043861262819603780e+03
3.519510135373404864e+02
1.682747535296545394e+01
1.145064143521120741e+02
1.466912488548928195e+02
1.250171511092562895e+02
-2.575988938208982404e+02
2.632329821509073327e+02
1.286968100889427831e+02
1.705198202983843601e+02
1.202641627771176047e+02
4.728734972824566540e+01
1.117733545425333972e+02
1.930599508093367831e+02
1.907169898795976906e+02
1.372187013254281567e+02
5.024134836705787279e+02
1.799884663145229240e+02
4.637980390892430478e+02
1.211757194545543143e+03
1.295661704414598489e+03
1.867751361010590017e+03
2.472579984822379174e+03
3.121132358498378835e+03
4.243882715430379903e+03
4.427195631166746352e+03
5.419277109262914564e+03
6.040391294788756568e+03
6.312938432115687647e+03
6.531326040733638365e+03
