7.949049929168973904e+03
7.269221398956866324e+03
7.693084662921097333e+03
7.798282924193450526e+03
7.640398422011723596e+03
7.649561160963336988e+03
5.592978565619412620e+03
5.506841968652975083e+03
3.902644262829481704e+03
3.847535615457246877e+03
2.482070135983692126e+03
1.882937382841032331e+03
1.047053428632249961e+03
1.477709352785097963e+03
1.023214222650974989e+03
3.701543189274499923e+02
5.254439308736893963e+02
7.582366682187757760e+02
5.736717303130634491e+02
6.479489008817221247e+02
1.397356957870634062e+02
-2.541842708249938028e+02
-3.968149414379878692e+01
2.000226453582727117e+02
1.659781033155651642e+02
-1.667212612503083164e+02
-4.871117600793104998e+02
-4.053240083078058547e+02
7.973981565075725086e+01
-1.129145253006569334e+02
3.198455761318840462e+00
2.681809166007554381e+02
1.763160676910007680e+02
2.731503785387685070e+02
5.990206165282411348e+02
9.492986599725231827e+02
8.505960188480499937e+02
1.270496394462884382e+03
1.084320914109098112e+03
1.593451309986885235e+03
2.722169154828381579e+03
3.552344655246923139e+03
4.844846213844761223e+03
6.898541870160423969e+03
6.818835040329173353e+03
6.289344696324075812e+03
7.839754260927317773e+03
6.618120867453420033e+03
