3.515917536478565353e+02
-9.238766625989283909e+01
-4.921888281017435247e+02
-1.627008006893620689e+02
-5.856871895172714204e+01
4.542542603548678244e+02
5.957134019494117183e+02
1.470994026045217424e+03
2.468442641177328369e+03
3.402371006547683464e+03
3.936348207738382825e+03
4.504458611783601555e+03
5.205088970676697500e+03
5.533697473577095479e+03
5.510402247417612671e+03
5.508743220829950587e+03
5.961665297840047970e+03
5.921759388806913194e+03
5.515502825143167684e+03
5.880552062391419895e+03
5.365106280370048808e+03
5.772072620793112037e+03
5.631589213735917838e+03
5.737809891045651057e+03
5.895700715371431215e+03
6.388784384108899758e+03
6.037002975702172080e+03
6.170003877751128130e+03
5.893507097483740836e+03
6.093998544862410199e+03
6.166212304504345411e+03
5.646316124279643191e+03
5.725997631157099931e+03
5.396317659874380297e+03
5.785708516125309870e+03
5.529369141215382115e+03
5.537855690221568693e+03
5.259739476818917865e+03
4.805951483590620228e+03
4.274803920837539408e+03
3.836920642515979580e+03
2.842393989301529928e+03
1.839033964455185696e+03
1.580039636016106670e+03
9.524038324546744434e+02
-4.192696633036204901e+01
9.034988900374177945e+01
-4.019627689973464157e+02
