6.851160361995907806e+03
7.323039862050703960e+03
7.347887982365907192e+03
1.005276990525452493e+04
8.247866319663249669e+03
7.263298880676729823e+03
5.926148240124437507e+03
4.959860761288996400e+03
5.199665469942915479e+03
3.052180811618812186e+03
2.356581540279295496e+03
2.190218649726608874e+03
1.320196621556024184e+03
1.081299935142514869e+03
5.251536002023965466e+02
1.260669114676683876e+03
3.725479090231663690e+02
8.226307312008524377e+02
4.071543107538538493e+02
2.970673480366956483e+02
5.013478007851952043e+02
3.002468395923654612e+02
3.753341085410356186e+02
1.689086997248168700e+02
-1.112965068276320437e+02
-2.298380033191607765e+02
1.081970073721009982e+02
1.557383978970668466e+02
5.197308365946415876e+01
1.136994439394347296e+02
3.453489434847825805e+02
4.129533452559909392e+02
1.044725074760091843e+02
8.202585660030972576e+02
4.665418912146204775e+02
6.908473700787826601e+02
8.423377253738176478e+02
7.321308664288078489e+02
1.659723729751898645e+03
1.801348548814849892e+03
2.488000506151525769e+03
4.476411845658122729e+03
4.466594806574610629e+03
5.245812278823131237e+03
6.228160109769908559e+03
6.935569393635096276e+03
9.532376833436946981e+03
6.929002349853254600e+03
