8.384688630492474886e+02
-4.526981066753386358e+02
-2.344519978793768473e+02
-5.219058866967004633e+02
-1.111251509878365198e+02
4.817122791900094398e+02
7.399767495918565601e+02
2.015001147700247884e+03
2.214070850950536169e+03
3.259746049905819291e+03
4.032516849282241310e+03
5.027975260581474686e+03
5.203321458548434748e+03
5.347819179120739136e+03
5.785287877602585468e+03
5.441750247053834755e+03
5.728484840179197818e+03
5.570303437164896422e+03
5.254691106923302868e+03
5.827615571677161824e+03
5.314220333543871675e+03
6.022088147297213254e+03
5.945831173622161259e+03
6.001592365419457565e+03
6.009761121464560347e+03
5.982586752180507574e+03
6.259421964027780632e+03
5.936206986688584948e+03
5.795787179215666583e+03
5.601215383325183211e+03
5.335087150892889440e+03
6.108250477781816699e+03
5.432217787703061731e+03
5.680935500440183205e+03
6.021690905831690543e+03
5.716948569613902691e+03
5.612376533683760499e+03
4.911147744077863535e+03
4.939182663056919409e+03
4.488653992376514907e+03
3.808835055226594704e+03
3.057299511416457335e+03
2.098055127465995611e+03
1.383006509207753197e+03
8.273377829263221201e+02
3.177207896014904804e+02
-4.766078818358197964e+02
1.041989608257931792e+02
