7.560597145022290533e+03
1.214628570132847744e+04
8.691681755135161438e+03
8.349818759465601033e+03
8.488941522416598673e+03
7.841813203631526449e+03
5.866082191585249348e+03
5.061294709199107274e+03
3.500936428853431607e+03
3.754793236973232979e+03
1.922333938399924136e+03
2.500112024516266047e+03
1.446699102284406536e+03
7.077563852487536451e+02
9.262602535640774022e+02
7.996351444679531824e+02
1.102529067130136809e+03
3.786199692061493352e+02
5.419051598737169115e+02
7.735358725292878717e+02
2.270315725902309509e+02
1.493814911639293825e+02
1.728531066910147445e+02
-1.713197539041359789e+02
7.572716768252186625e+01
-9.322154502566992562e+01
-7.666151544585225963e+01
-1.417086414555228480e+01
4.266685208067527810e+02
2.204507245615257887e+02
2.210014574211380136e+02
5.178282623539749920e+02
5.191320833058258586e+02
3.877200307380581989e+02
5.664935553603258995e+02
6.331233728978445470e+02
5.772507749221981612e+02
1.304914705260069240e+03
1.564205103251496894e+03
1.764320331464618448e+03
2.441613949340984163e+03
4.471605805432575835e+03
4.551712789553045695e+03
4.916743330136962868e+03
6.010731741456904274e+03
6.587980154454613512e+03
7.865895279193804527e+03
6.765383518800646016e+03
