4.214567130446828287e+02
-1.008051258893123503e+02
-4.997720804474747638e+02
-3.574490784609876073e+02
-1.713494318947011834e+02
7.079190036477918966e+02
1.126987640901020541e+03
2.106600185001841055e+03
2.836317256678092690e+03
3.906109413347285226e+03
4.850931581908885164e+03
5.071232861174627033e+03
5.513348239350934819e+03
5.977525559113872987e+03
6.256091048278756716e+03
6.037501901063103105e+03
5.854298079655474794e+03
6.279276131728613109e+03
6.192185075328854509e+03
5.961082844263323750e+03
6.441112310140983027e+03
6.682736777225858532e+03
6.480104586452953299e+03
6.631576968435957497e+03
6.212303146520252085e+03
6.374802523940872561e+03
6.579461318955516617e+03
6.449486475619628436e+03
6.277723682971792186e+03
6.040402276272799099e+03
6.360554122475116856e+03
6.215177429597474656e+03
6.264969399664676530e+03
6.401522218747650186e+03
6.238681228613681014e+03
5.961199775987323846e+03
5.572215038832260689e+03
5.458375347473956936e+03
5.071179535758548809e+03
4.938342174913181225e+03
3.759675696073054041e+03
3.290483871816692954e+03
2.516902405247149545e+03
1.363892036461736780e+03
1.090601033291602107e+03
7.597231519852178963e+02
1.755612689611704980e+02
2.062990938165204113e+02
