6.214556694887441154e+03
7.069774823578347423e+03
6.667143097056931765e+03
7.194800770515994373e+03
6.864068340297556460e+03
6.438775647886066508e+03
4.690773656005726480e+03
4.870086938867529170e+03
3.712045398452400605e+03
3.253877981520544836e+03
2.660136439917779171e+03
1.401837508209815496e+03
7.900413896667961353e+02
8.232967269632592888e+02
9.178151583482861042e+02
1.364959866643463045e+02
3.918949066609563943e+02
4.554604739713599315e+02
6.206348209425890445e+02
6.922934856460364017e+02
4.662462777662627786e+02
1.592828861014429265e+02
4.246027687871543321e+02
-2.760600643635253348e+01
8.723851609905899807e+01
2.677850025495903310e+02
-1.141622113922695902e+01
1.709634589292092812e+02
1.796334155827605059e+02
3.724006308546083233e+02
5.696802964089630450e+02
2.004825595664583489e+02
7.523580751658184340e+01
2.759444357687726779e+02
4.177421103256310744e+02
6.803966228760554031e+02
5.421468726352170506e+02
9.412519123621848394e+02
1.562082214490948900e+03
1.385813362487703216e+03
2.025746103173677511e+03
3.498206571769344919e+03
4.022340184968245467e+03
4.919348369248010385e+03
5.718267743427407368e+03
6.107171353843687939e+03
6.447648404408814713e+03
6.511544011739683810e+03
