5.419469087086381478e+02
-2.147441503970300971e+02
-3.785362229734226958e+02
-6.866165310925466656e+02
8.340535950592332881e+01
6.545446362484391329e+02
5.698483533157238980e+02
1.665228659230919448e+03
2.507793330868238172e+03
2.958099022123993564e+03
4.192565574832465245e+03
4.830914464077749471e+03
5.091703614713094794e+03
5.256144209503927414e+03
5.500807845206370075e+03
5.553649379612261328e+03
5.690589898414073105e+03
5.696651889057134213e+03
5.629807727576921934e+03
5.711427843528996164e+03
5.917359276632407273e+03
5.949288565846406527e+03
5.584024258133577860e+03
5.942980645397103217e+03
5.977806003481990047e+03
5.766366251071961415e+03
5.779812238053485999e+03
5.866268620051539074e+03
6.124903496802521659e+03
6.041761319713403282e+03
5.682589998952836140e+03
5.900349088611618754e+03
5.852420782339732796e+03
5.761259899825712637e+03
5.860570580396168225e+03
5.570121452843998668e+03
5.328744823786028974e+03
5.599841362761994787e+03
5.016053466727355044e+03
4.431097898819386501e+03
3.783317709172417381e+03
3.095642205201172601e+03
2.774956772678048765e+03
1.255070944985920278e+03
8.101844901432236838e+02
2.503527250316398352e+02
1.557541973348706392e+02
5.338829508685914504e+01
