6.066144366876698768e+03
6.889277839804701216e+03
7.569077267284797017e+03
6.953163036070064663e+03
7.150720328787048857e+03
6.879952014008798869e+03
5.485198349785517166e+03
4.951649085790191748e+03
3.893590056493273551e+03
3.020380874444817437e+03
2.560426185816533689e+03
1.637647360791610481e+03
1.538909231810440815e+03
9.113554737267504606e+02
9.854265827329642207e+02
3.683240995141968028e+02
3.670857093409463232e+02
6.681461134634585051e+02
5.440419695649195546e+02
4.163784165377629733e+02
3.427025551884136689e+02
3.029346649031183336e+00
-5.981052367633046174e+01
2.118034546038976202e+02
1.095498176522310096e+01
1.338053169509319140e+01
5.005125664009122488e+01
-9.086054267354667147e+00
2.037131924537724217e+02
1.745074548129780680e+02
1.916822282095792218e+02
5.456182499884473600e+02
-3.059295531258922196e+01
4.334723878798321266e+02
3.236392605435558494e+02
5.380705637899808380e+02
7.205282080172061114e+02
5.532883628497910422e+02
1.099795260203174848e+03
2.273204325353412059e+03
2.644972207316266122e+03
3.244690022415961721e+03
4.413091954604859893e+03
4.807750340373197105e+03
5.413387405100000251e+03
6.027591793791178134e+03
6.459721303313179305e+03
7.008864880059823918e+03
