6.190876823792329560e+03
7.020272263143418968e+03
8.481517738523481967e+03
7.933383713220075151e+03
7.280826593579114160e+03
6.755738679231804781e+03
5.792114729643944884e+03
5.338255201279750509e+03
3.764484231370435737e+03
2.956702348050002456e+03
2.544171915297100441e+03
1.496592949546785349e+03
1.432672855597512807e+03
1.135663440173154186e+03
8.309703592036339614e+01
6.083696688856741730e+02
1.892121029449866683e+02
7.401548603966656401e+02
7.544066192922674645e+02
-2.508297245598347303e+01
1.690541025794990162e+02
3.596725191349624424e+02
2.614520194721349071e+02
-2.995355544553355003e+02
1.088011516515163208e+02
-1.236248603359627651e+02
6.640803248087055799e+00
6.190025382346534855e+01
3.309808966274384261e+02
3.882411665097871492e+02
8.547177331441737635e+01
2.606788448418466828e+02
7.229244881005641901e+02
1.975081257986864216e+02
9.773303795474929530e+02
6.534304905331015334e+02
9.253277398317551388e+02
1.283069274121638273e+03
1.314338094747600053e+03
2.075715654720733710e+03
2.694634699456809358e+03
3.487723742326211777e+03
4.811838593611633769e+03
5.250263395246651271e+03
5.554740920892279973e+03
6.527931757640915748e+03
6.862824289474289799e+03
8.095732561394424920e+03
