6.465164071716568287e+03
7.247314950893003697e+03
7.412032124160103194e+03
7.449970831836473735e+03
6.730262155071472989e+03
6.190249481312743228e+03
5.597571412218328078e+03
5.213194418139706613e+03
4.130951591607155024e+03
2.988299896611623353e+03
2.230967951216168331e+03
1.756287815820233391e+03
9.762673976671263745e+02
1.022631949069292887e+03
5.831417719703970306e+02
5.440869900384540188e+02
3.986754336968003827e+02
2.705274208687412738e+02
-1.780940186667344349e+01
4.195104702712956168e+02
-1.989018856236556303e+02
1.171956012393800677e+02
9.648604674594992048e+01
1.803116761299492410e+01
3.919560561915403696e+02
4.151815703271228131e+02
-1.049247857515069704e+01
-1.897810790315966756e+02
-3.035715281569655986e+02
2.731576114194836578e+02
-1.505693267607002817e+01
1.637095197875506472e+02
4.903557106391766069e+02
1.863207519194600934e+02
3.088386718203159944e+02
6.390935580372846516e+02
6.177712562860444905e+02
1.111078954426499649e+03
1.640209604441566626e+03
1.897855939291047207e+03
2.696645288640429953e+03
3.455618762714910645e+03
4.248640487192438741e+03
4.969619731175967900e+03
5.452956861755886166e+03
6.255080623165245925e+03
6.529606080240345364e+03
6.960458017205568467e+03
