8.111659740145242949e+02
4.117301794340496599e+02
-6.321985598188374524e+02
-7.798520072970603678e+02
-1.129355093859920345e+01
2.004479646059241134e+02
9.646232189413849483e+02
1.721305365121777868e+03
2.245577273304385017e+03
3.234093168604862967e+03
3.850652081125667337e+03
5.137113621642624821e+03
4.861268245726699206e+03
5.441173365209549047e+03
5.958058410620968971e+03
5.815418548846097110e+03
5.541238859126285206e+03
5.983130265060678539e+03
5.852084531036162844e+03
6.120998396582595888e+03
5.553181314391757041e+03
5.982281759633865477e+03
5.897290308546270353e+03
5.759281769853433616e+03
5.909010734409014731e+03
6.035557686476018716e+03
6.066587642907749796e+03
6.501062225492008110e+03
5.640715676780174363e+03
5.707115559126117660e+03
5.698693036447873965e+03
5.710438680105253297e+03
5.645446735681758582e+03
6.039572899994293039e+03
5.634529682687733839e+03
5.434064039113187391e+03
5.288080925368199132e+03
5.061294701661237923e+03
5.021314864169352404e+03
4.243814451640502739e+03
3.973127015966445470e+03
2.958937902590022986e+03
2.133214843507760634e+03
1.775312346457336616e+03
7.927659343352304404e+02
3.210332635333385269e+02
2.348320226365371255e+01
1.802145650116886202e+02
