6.384611909200545597e+03
7.528402203054528400e+03
7.529816145256597338e+03
7.455001880225001514e+03
6.824681065143018714e+03
6.425145954402452844e+03
5.679610979642393431e+03
4.669984614205530306e+03
4.145882861923902055e+03
2.656674960742744133e+03
1.927046705555724884e+03
1.817906959587842721e+03
1.479039431115980960e+03
4.505729167694879607e+02
4.163839390253963302e+02
6.387829312480224644e+02
1.540187611110017656e+02
3.479907128045149989e+02
3.949852257713466201e+02
2.987434211955036858e+02
-5.467776981534591840e+01
-4.543205917445406499e+02
4.291272382687909612e+02
2.099618629811952815e+02
-4.846112603717581635e+01
-3.332060115200453509e+01
-3.270858390458932377e+02
1.005957641265128046e+02
-6.111203662663096026e+01
4.664230816305110352e+02
1.642800514687358486e+02
2.639342876117171244e+01
6.119445846833665428e+02
1.699732649489202174e+02
3.408809149287122864e+02
3.395144842845076596e+02
8.701007554417278698e+02
1.034223312240552787e+03
1.589350433521585046e+03
2.190306718547809851e+03
2.728928773314480168e+03
2.937442062242002066e+03
3.712611123903967382e+03
4.501874183437059401e+03
5.775421702700605238e+03
6.041260281527970619e+03
6.930379830229462641e+03
6.356701517268044881e+03
