5.936423094967978614e+03
8.039077449170692489e+03
7.204437128566878528e+03
7.864545264269690961e+03
6.638673194509436144e+03
6.939017929552896021e+03
6.181522244154132750e+03
5.035246102546326256e+03
3.612977933740340632e+03
3.042724655264988087e+03
2.081350962788458673e+03
1.456887122994293577e+03
9.566923103893460620e+02
9.821418520609313418e+02
6.678488740688712824e+02
3.142905682187766274e+02
3.596366434398531737e+02
4.186457171877676160e+02
1.912818046334891733e+02
5.295053121331553712e+02
5.285185705946437338e+02
2.097719481048391685e+02
2.596053604264096748e+02
-5.339339377694968647e+01
9.753437339481834556e+01
5.326765301649560058e+01
-1.797514765112969428e+02
-3.743140060155361653e+02
2.812009283907008239e+02
1.960313364613107865e+02
5.250629198372754445e+02
2.781000389776866655e+02
2.812843582933954281e+02
2.244700170044852996e+02
3.841791591580765157e+02
6.522668113260149312e+02
5.834389920356570656e+02
8.634094499684886159e+02
1.256376274769242400e+03
1.812996672988155069e+03
2.621987335580764920e+03
3.793162116543621778e+03
4.064464785073553230e+03
5.000280346876898875e+03
5.496741500855257073e+03
6.818739089891148978e+03
6.636107910091182930e+03
6.691021836046122189e+03
