9.277561150114153861e+03
8.974322680194700297e+03
7.039035235319131971e+03
8.264071341018119710e+03
8.260002690890225495e+03
7.401432456587877823e+03
5.510261680459452691e+03
5.099278464772352891e+03
5.398865399690983395e+03
2.944529122905160875e+03
2.813881158433292512e+03
1.912901392728935434e+03
2.091384685201674984e+03
1.127967920555725414e+03
5.650282735866793473e+02
8.021279615006876611e+02
5.656463782446888899e+02
4.226086694861515412e+02
7.613685064868361678e+02
2.920807585308339185e+02
2.145605810095880202e+02
-1.012354099966028258e+02
2.690862937825374388e+02
-1.253447867305272183e+02
-1.485161870065471490e+01
3.402400381101968492e+02
5.201842390465233166e+02
-9.423641350956964402e+01
7.156574310354059776e+01
1.009562864084594196e+02
2.683474378971255874e+02
4.201312423841901023e+02
5.760389363203717039e+02
5.154536978378547474e+02
6.873025765325141947e+02
5.587982118066869361e+02
1.451271230355733451e+03
8.982905608925144634e+02
2.027019129725618086e+03
2.458516767321764746e+03
3.034557095284455499e+03
3.558210410993149253e+03
4.098241984475253048e+03
5.438360300186704080e+03
5.788932138998993651e+03
6.619704300833524940e+03
7.487335813905195209e+03
7.592735490104735618e+03
