8.017081408015115812e+03
7.444201191427051526e+03
8.583991204248484792e+03
8.174322720917739389e+03
7.527207816845490925e+03
6.354135074914050165e+03
6.442762698839655968e+03
4.976783869053925628e+03
4.558294253064377699e+03
3.077411577909575954e+03
2.842555407965218819e+03
1.668409194220109157e+03
1.659161568900013663e+03
9.152077461980394446e+02
4.077846216737650593e+02
6.640100096020304363e+02
5.805361023035454764e+02
4.389924557313437958e+02
5.723098671891460043e+01
3.370096903847026510e+02
4.065346843675357604e+02
1.053915476170534902e+02
3.663175816035626440e+02
1.964736402852696528e+02
-2.204869401281588637e+01
1.936294825620141751e+02
-9.136890132284752042e+01
-3.351520565052333609e+02
9.160189224556705767e+01
3.620577042506154157e+02
3.258931337758844506e+02
1.156669822343646814e+02
1.201649691346426039e+02
5.382947004204715995e+02
1.040074571080833948e+03
3.030815187778364930e+02
8.404672324970920272e+02
7.442575107807417680e+02
1.851516781054514013e+03
1.643984933592811331e+03
2.439719091483536431e+03
2.931114164352152329e+03
5.150898313137219702e+03
5.608009293397412875e+03
5.953577647444036302e+03
6.342031859748648458e+03
6.165798044952022792e+03
7.905408225197802494e+03
