7.666720436909556156e+03
8.407424193200482478e+03
8.376382049146795907e+03
7.738467178212442377e+03
7.035284707384408648e+03
7.504850152853164218e+03
5.930270641545247599e+03
5.322881052711116354e+03
4.044092624206722121e+03
3.733119000327853428e+03
2.772404081796035825e+03
1.528927259764208202e+03
1.551207514671170202e+03
8.192080697313341489e+02
6.016898040249058113e+02
2.398997582076532638e+02
4.424176543840862337e+02
6.153950610076582279e+02
6.521743866889064520e+02
3.809644800018276101e+02
3.034616299288512096e+02
1.506039527799483224e+01
-2.026928173639138322e+02
-1.551362824454052145e+02
1.052012893989323459e+02
1.927740379210946173e+02
3.201190055550461580e+02
-2.581052034447026600e+01
9.434847571449103043e+01
-2.878743969143592096e+01
1.281313863660087122e+02
6.910729854312735370e+02
3.717364566653975544e+02
2.442674981091340385e+02
6.502207082317213462e+02
7.159416447149104670e+02
1.126710618450559423e+03
1.060181089050801120e+03
1.299990290363321719e+03
1.780058991670261094e+03
3.019898462641714104e+03
3.252518541693409134e+03
4.221431629459707437e+03
5.190914776966385034e+03
6.016991956703571304e+03
6.840128400003635761e+03
6.790564449294169208e+03
8.257941626908128455e+03
