9.287552973123098127e+03
8.868304146203256096e+03
7.660434169650683543e+03
8.510859824807355835e+03
7.808219732217549790e+03
6.055301600776977466e+03
5.705271521225417018e+03
6.754934802595583278e+03
5.027178274146634976e+03
3.281237915153664744e+03
2.420840706752260303e+03
2.296290850048589618e+03
1.267687990408845735e+03
9.383521189342670823e+02
7.093507207557220227e+02
1.014393281120068536e+03
8.800539045701220857e+02
4.125462268390722897e+02
3.920331622249289012e+02
4.258200764184982745e+02
3.485031372389306625e+02
3.432223927627887292e+02
4.494180335863551790e+01
1.622098364818194227e+02
1.516428539902942134e+02
7.589504117607164346e+01
-1.043080807935897951e+02
9.962976972764410277e+01
-1.980372447545402537e+01
2.231324083691103510e+01
4.218749810082788372e+02
2.457653338823998297e+02
4.860733380101129342e+02
4.320178099211276646e+01
8.931330637407443191e+02
1.116327788333334411e+03
7.763293291760169268e+02
1.481290478899961499e+03
2.752596076392721898e+03
1.604308448658787938e+03
2.500814593761297601e+03
3.421117683501847296e+03
5.879972952581838399e+03
5.341640414482301821e+03
5.496713333852676442e+03
6.500548886258816310e+03
8.799570128535880940e+03
6.889705112315664337e+03
