4.730633031638025727e+02
-1.247908851465021485e+02
-5.427486275579177573e+02
-2.850378639669447125e+02
8.031260217886463693e+01
3.992014713287010750e+02
1.020875077158675026e+03
1.909860855487843764e+03
2.667589639126137172e+03
3.723527875953866896e+03
4.509245625447510065e+03
5.171482242267073161e+03
5.737739902702239306e+03
5.769783553683111677e+03
5.565498015522274727e+03
6.230170361040875832e+03
6.128001441433642867e+03
6.228809981473370499e+03
6.329524159958054952e+03
6.122673369298668149e+03
6.226713349523856778e+03
6.113780004640198058e+03
6.245999668918388124e+03
6.230209277525769721e+03
6.541533946734416531e+03
6.351614113951050967e+03
6.522885520128093049e+03
6.522549552772940842e+03
6.767692883850026192e+03
6.361395176935179734e+03
6.143838630372470107e+03
6.282299636623442893e+03
6.261601132888615211e+03
6.501227916680098133e+03
6.323502007660295931e+03
6.153500161561240930e+03
6.238909231201918374e+03
5.731712815810731627e+03
5.265761301065242151e+03
4.471131228100916815e+03
3.638956531955885112e+03
3.181819962407524145e+03
2.957271903715927237e+03
2.032217382928835832e+03
1.025424362948064754e+03
3.089596291170227573e+02
-2.544281386634176272e+02
2.301917833992791600e+02
