6.287282143333643944e+03
6.646791447105613770e+03
7.363748730386391799e+03
6.868943865454658408e+03
6.574180354996010465e+03
6.511710469060347350e+03
5.423741953493260553e+03
4.496505099937346131e+03
3.603596675058130586e+03
3.127342695900233139e+03
1.937788810952187305e+03
1.100643286947495426e+03
1.275307903684997882e+03
7.359121189276952464e+02
5.483894434286302157e+02
2.558808802774663604e+02
4.637143484306292862e+02
2.927850771380473702e+02
5.506680727278350673e+01
6.373261410410505050e+02
2.145028755347503022e+02
4.761765087805825374e+02
3.291232253924171118e+02
-1.665941364244815190e+02
-2.942986126689499926e+01
-1.436395274022545010e+01
-1.034603997747078807e+02
4.538299013928858585e+02
-8.384449135975300749e+01
-1.336616420676256496e+02
4.100560612175530082e+02
5.242661316346325293e+02
1.446247135890820346e+02
1.383539355305827598e+02
3.568303841492672177e+02
2.118094187630127578e+02
6.066444634711477875e+02
5.876721619387843702e+02
1.539246346596400826e+03
2.018661575157718289e+03
2.109090210125659723e+03
3.378663486782132168e+03
4.048149416810916136e+03
4.710467579078193921e+03
5.745129231626628098e+03
6.125494870520016775e+03
6.793345933147170399e+03
6.714719157914676543e+03
