6.301314534418200310e+03
6.884043349081425731e+03
6.805561456550725779e+03
6.720479624043317926e+03
6.676153479608597081e+03
6.157528924368192747e+03
5.428962141836960654e+03
4.470650584543043806e+03
3.688645567173210566e+03
2.608381059048123007e+03
2.279979557144318733e+03
1.207767167786834534e+03
1.174335403056698851e+03
8.676174520461937618e+02
2.908829640371670848e+02
7.328432026490969520e+02
2.097954832569647365e+01
4.076606855808689147e+02
2.959767821093194584e+02
-2.045323509121469101e+02
5.836072530193794137e+02
6.111052778430448598e+02
9.107904662327798917e+01
6.545328673477790460e+01
-4.365116853676901343e+01
-1.828401457791390499e+02
5.572245565101614773e+01
-9.200676583216325355e+01
-6.141353807855452374e+01
3.150658546418454264e+01
1.533488977628172449e+02
-1.280304426961740489e+02
1.779492193534416629e+02
1.972744765902173469e+02
4.265485990176054543e+02
3.235009149838585358e+02
6.772464413033396795e+02
8.549640904916942645e+02
1.365790690200459721e+03
1.963253567712598624e+03
2.519737151634245492e+03
3.074923224483542072e+03
3.953562297654512804e+03
4.833595460963428195e+03
5.697129449845419913e+03
5.736343880219176754e+03
6.679255639840963340e+03
6.677129938503466292e+03
