7.780374588898225738e+03
7.261931302299091840e+03
7.236096835800300141e+03
7.225582415486298487e+03
6.957529482831815585e+03
6.820371083450012520e+03
6.331142815214634538e+03
4.590079269362207015e+03
3.986513483816298503e+03
3.247758536049513623e+03
2.567921774414783613e+03
2.310556760646394196e+03
1.209211646500315737e+03
8.220648537689165778e+02
6.462838004118101480e+02
5.207423528674405588e+02
8.681236342699337456e+02
8.046315152433660387e+02
2.447889790239489685e+02
3.812474670040005549e+02
5.718959838354804788e+02
3.020781268975281364e+02
2.928675753968939830e+02
1.594358106209423909e+02
2.321538056430955805e+02
1.940270288998184469e+02
2.356685348873854835e+01
2.318060347859077694e+02
4.282951145027213329e+02
1.512799591810253048e+02
-5.396198917368262471e+01
1.184922693030432583e+02
3.273190994227595638e+02
1.905576429138356218e+02
5.238741266206991440e+02
2.200290671588248017e+02
5.589178741014715115e+02
8.321287731533700480e+02
1.414760025108343825e+03
1.827975613297649261e+03
2.298248108799537476e+03
3.819786462135649344e+03
4.089035574650885792e+03
5.962738095776372575e+03
5.239771880062429773e+03
6.120949166614661408e+03
6.446131954115515327e+03
7.520547825813646341e+03
