6.039832389529953616e+03
7.026131945651954993e+03
7.011223806006616542e+03
6.706708443867042661e+03
6.999322185333962807e+03
5.956199127656840574e+03
5.500357273495024856e+03
4.749715822344972366e+03
4.039075575559423214e+03
3.010273320137344854e+03
2.200470780553424902e+03
1.850582555534367884e+03
7.407286188659770687e+02
8.672198525687770143e+02
5.198422031393396310e+02
5.386086305144463040e+02
3.062474055319994477e+02
2.306667519441596994e+02
7.729262577594855657e+02
2.124100839465074557e+02
2.100082521201676116e+02
1.052929458597569834e+02
-5.738888969653698879e+00
3.403427642926391741e+02
4.840110691015345310e+02
2.230779540014806273e+00
-1.227945665064035410e+02
6.278367705453919712e+01
3.682245867339945278e+01
2.188819274907829140e+02
-3.445192114031482333e+01
2.290111307934054992e+02
2.619065491137583876e+02
4.680492368664343985e+02
6.182418481999885671e+02
6.128396666165571105e+02
4.136980306039102970e+02
1.046738389914043637e+03
1.177891386681238146e+03
1.559162011215385292e+03
2.154974192187707104e+03
3.133113413706481879e+03
4.061895402422798270e+03
4.885534013362703263e+03
5.395096922082130732e+03
5.825549415334591686e+03
6.817681851429664675e+03
6.444889714119467499e+03
