6.181532684668444745e+03
6.263078659261162102e+03
6.410778906256071423e+03
7.010760864109426620e+03
6.553175771649939634e+03
6.071482033499415593e+03
5.205338338469029623e+03
4.873207594676288863e+03
3.655682152913138907e+03
2.572837767542999700e+03
2.591723306210914870e+03
2.085775028877903878e+03
6.892151071640035980e+02
1.067869272758534635e+03
6.510852844953616341e+02
1.485993411843093384e+02
2.401313921447219570e+02
2.571673854422909358e+02
3.004148422509164220e+02
3.364619866641576778e+02
1.500047993094759988e+02
2.799790008778564356e+02
1.556131327513649509e+01
2.144413217381597292e+02
3.260078805670592033e+02
5.047845568219374286e+02
1.116407990380932347e+02
3.198595671162390772e+02
-6.638991434549907922e+00
5.181862189081284669e+02
-8.109107306059563314e+01
1.401060319742514366e+02
1.237952555740426419e+02
3.612610199375217235e+02
2.947738540517065076e+02
6.114194040428074004e+02
8.610283937923869644e+02
9.615661618290655497e+02
1.301710978688099203e+03
2.002095783788405470e+03
2.020066184667915195e+03
3.181120177547228650e+03
3.966987646511536695e+03
4.862604090631079998e+03
5.332351833973657449e+03
6.111222687040587516e+03
6.484427846814488476e+03
6.459094574801470117e+03
