6.769763041266161053e+03
6.791000497886360790e+03
8.135274684072940545e+03
7.713242793072908171e+03
7.399150286195775152e+03
6.619958695374252784e+03
5.758759730020658026e+03
4.907553691847416303e+03
3.872726735925106823e+03
3.245389625235079620e+03
2.310573309316150699e+03
1.424792039249554819e+03
1.461774214692920623e+03
1.091024769507569090e+03
5.906944660351630318e+02
3.149466968376847262e+02
3.921561037846274758e+02
4.924652316660818485e+01
8.411011766297763188e+02
4.599354878632464079e+02
1.396346974726458825e+02
2.521384441995897703e+02
-3.261651640123587015e+01
-2.585930999899082394e+02
1.453517583618333902e+02
1.221417905979415082e+02
-1.253613966444642642e+02
2.556895473177184783e+02
4.133003360714851624e+02
1.355658813279208061e+02
4.158266453720307823e+02
3.998281135863494455e+02
1.752637178069996651e+02
1.698998896079838232e+02
5.064016992860945265e+02
5.718241107361760669e+02
7.085829783475093109e+02
8.687001008611333646e+02
1.710794746387134637e+03
1.769879487097417950e+03
2.488113220485986858e+03
3.462678868723190590e+03
4.033943937793846999e+03
5.568399141459783095e+03
5.741873760117445272e+03
6.917741324127708140e+03
7.104618993547138416e+03
6.364761453753184469e+03
