6.557884836709576120e+03
6.898920871816990257e+03
7.460553972649521711e+03
7.111395115476920182e+03
7.092575888286904956e+03
6.461515156193388975e+03
6.534775017352153554e+03
5.280670514704524976e+03
3.657235406476389471e+03
2.867567103273070188e+03
2.698842336367965800e+03
1.739266524865597148e+03
1.819232859808740386e+03
9.387473593334683528e+02
7.994247182897773882e+02
2.855782474356310559e+02
4.550457754815367934e+02
2.135609189916581272e+02
6.323370804215011276e+02
4.932782266475651340e+02
5.915433249756341638e+02
-1.718735465397625717e+02
1.636639530976706567e+02
1.610685027417283948e+02
-2.843370637202846751e+02
1.301867112443092367e+02
-3.376632791438516392e+02
2.603034331855775463e+01
-6.435562553870315128e+01
1.871035393557009741e+02
2.991582433218926340e+01
6.167126733614805971e+02
5.364045972254934895e+02
6.626618780727112608e+02
6.407521046766227073e+02
4.795201078277844431e+02
7.059696375579760570e+02
1.004465961729447940e+03
1.776656646885586952e+03
2.166169201123950643e+03
2.620172305099370078e+03
3.608306436061930071e+03
4.235889056145256291e+03
5.239027730913307096e+03
5.774226688920592096e+03
6.747278659002097811e+03
6.598881698410586978e+03
6.230503329745502924e+03
