6.928264802243966187e+03
6.907351725142196301e+03
7.018982945258857399e+03
6.927638030943631748e+03
6.804080319978808802e+03
6.468117871591832227e+03
5.305075768950901875e+03
5.137364110997677926e+03
4.000181120940277196e+03
2.858633882637168881e+03
2.571615299648336986e+03
1.601670071801015865e+03
1.452008866204930200e+03
5.604552112836330480e+02
4.428627393115716018e+02
2.757277725407125217e+02
8.997744672833847517e+02
7.024851236592986652e+02
3.868166900692446006e+02
1.705960697149097882e+02
5.201568160965083507e+02
1.338735552999420406e+02
1.554333906497547275e+02
-1.199712264794966075e+02
2.665968663119659254e+02
1.635542595745716028e+02
-7.330520716963404482e+01
1.257993255912836048e+02
1.893361046346610976e+01
1.572684828197333786e+02
2.299877919540734297e+02
5.207513125052774967e+02
-2.727881784600707533e+02
2.311112170556046124e+02
4.816954411074139841e+01
5.699467565485789464e+02
6.456319774244697101e+02
1.049361387652409803e+03
8.945017158691666737e+02
1.590655689645767779e+03
2.551567932822032162e+03
3.068568022974897303e+03
3.731742105761118637e+03
4.633419772443156944e+03
5.287811018884704026e+03
6.079870753753506506e+03
6.775788189220811546e+03
6.792556218341026579e+03
