6.624855978795881128e+03
7.006454239156852964e+03
7.055934007499945437e+03
7.043312506853285413e+03
7.000960735758574629e+03
6.058035904841247429e+03
5.602187772909956038e+03
4.932377522836276512e+03
3.952182942271722368e+03
2.847970551846336548e+03
1.814102918887601163e+03
1.806766923593620959e+03
7.944553314294477104e+02
7.664924162725002361e+02
2.306258984187572594e+02
8.002322570238738990e+02
4.074155340419743965e+01
7.748747214319286059e+02
2.291172896480449879e+02
8.776447513804542950e+02
5.558056987828233559e+02
2.070685729594588409e+01
1.889433068078540998e+02
-7.531020782543413361e+01
2.592054034123987094e+02
2.693885079358630037e+02
-1.642642797088092550e+02
1.326121492546766660e+02
1.243540915887679574e+02
-1.232785667425901011e+02
8.508770561067501603e+01
5.832800536842144083e+02
-1.634245553584668542e+01
4.265808798145178571e+02
4.548061008534822918e+02
4.369922628856467668e+02
5.640610965409443907e+02
7.151291835015439347e+02
1.193388270268535280e+03
1.642284477202129210e+03
2.248030767023243243e+03
3.287077385493258134e+03
4.575373106987874962e+03
4.816433443108565370e+03
5.568004642208426048e+03
6.601183648447517953e+03
6.348940926122255405e+03
6.850168561189388129e+03
