5.982474830740909965e+03
6.547150662076060144e+03
6.642017726471764036e+03
6.582180945734878151e+03
6.518514814031424976e+03
6.062406818552662116e+03
5.220227515866699832e+03
4.379327412250481757e+03
3.600799068232728132e+03
3.143979539328902774e+03
1.942285032711714393e+03
1.519876788132939055e+03
1.016241823341328427e+03
6.312890532603162228e+02
6.409316049930349664e+02
3.738992750693421385e+02
5.767454951167378567e+02
4.016413669648530345e+02
3.305325026934101516e+02
1.604037654719648458e+02
3.291214748783388586e+02
1.712387975649762950e+02
4.613092755354472274e+01
-2.176999440605039808e+02
-2.834638925739343449e+02
3.474656060649080587e+02
-4.035103013005076633e+01
5.792400498000347397e+01
-1.215120934882493628e+02
-3.560862168300270980e+01
2.084384886707263718e+02
3.834827729555592555e+02
5.584357109005030679e+02
4.199508003564556020e+02
4.143612734852852100e+02
3.496394125218027966e+02
7.679823972684393993e+02
6.576009553376138683e+02
1.339869826763660285e+03
1.591849740244629857e+03
2.606910186694570257e+03
3.125036824965473443e+03
4.006468627858649143e+03
4.977558239257227797e+03
5.489352418982507515e+03
5.628062750709549618e+03
6.510758177447505659e+03
6.291662101585699020e+03
