2.984352547401011861e+02
-1.097948116901408611e+01
-5.958613474177432323e+01
-3.102407754315481725e+02
-3.326932857109950703e+01
1.156404651733300568e+02
1.064768998456924237e+03
2.190933615970805931e+03
2.801375912644706659e+03
3.850712000026574515e+03
4.263866640284310051e+03
5.175842131993977091e+03
5.458707878689111567e+03
6.319142446437447688e+03
6.206715118618167253e+03
6.261767276536872487e+03
6.045483109839976350e+03
6.347678493321819587e+03
5.974794572100584446e+03
6.648986993744831125e+03
6.560596090306396945e+03
6.428791618545447818e+03
6.667974338145599177e+03
6.738416479813956357e+03
6.495317239410473121e+03
6.581323735247659897e+03
6.754730916737213192e+03
6.303556157720553529e+03
6.806820016652949562e+03
6.840972193022404099e+03
6.226773674732548898e+03
6.460137320764384640e+03
6.247399334454226846e+03
6.288366515000161598e+03
6.105185471162086287e+03
5.551908398021141693e+03
6.181214492445075848e+03
5.310458816650184417e+03
5.206932269927830021e+03
5.194339352164027332e+03
4.709902715614374756e+03
3.722198741747733948e+03
2.303795966884584686e+03
1.897108927018576424e+03
1.343406033750773759e+03
9.017770307573002810e+02
4.061018074317943274e+02
1.062403552903843007e+02
