6.595806519720785218e+03
6.670987996517398642e+03
7.063654702448698117e+03
7.490752492896343938e+03
7.158077170894197479e+03
6.441312509687815691e+03
5.599139634111767009e+03
4.555572917526906167e+03
3.686073453382782191e+03
3.094388056575929113e+03
2.383273626464317658e+03
1.592551132069347886e+03
1.508729526528166843e+03
7.475665533840010539e+02
5.606744618740348187e+02
5.631961862304158331e+02
8.483068850583990184e+01
4.946401125515452577e+02
2.177665310616315821e+02
3.180715716801427675e+02
2.604902474071132019e+02
9.008847264953237755e+01
8.914804481672969416e+01
1.298826236698203296e+01
-7.167793455252345325e+01
-1.532397884127358054e+02
-4.149288483283481810e+02
1.811329517581690141e+02
4.002911639570082514e+01
5.132179881030405113e+02
1.617196740247697733e+02
4.800923930894491036e+02
5.285012604840610493e+02
3.209142980842714223e+02
1.137667224738202094e+02
2.899045797745845334e+02
3.520006156020524486e+02
6.700450405007489962e+02
1.333805661540182200e+03
1.918281296590895181e+03
2.016256141169788862e+03
3.460904393695197541e+03
4.055650856846082206e+03
5.281409913596887236e+03
5.522056815170208210e+03
6.345274320888681359e+03
6.587468249089415622e+03
6.930081194028487516e+03
