8.287539004862097499e+03
7.823016584085845352e+03
9.756342177083017305e+03
8.502818236930288549e+03
7.394449392173904926e+03
6.739962968550845289e+03
6.532723725589069545e+03
6.469943284705106635e+03
4.346880274737418404e+03
2.726458203386474906e+03
2.453884467047720591e+03
3.054971191897537210e+03
1.303841312310249123e+03
1.095669067451948422e+03
1.445009141147681021e+03
8.178433252343088498e+02
2.256363383527383917e+02
5.366334338177694008e+02
5.241785453281497666e+02
1.874473231755790152e+02
1.384593016700798671e+02
3.411270202168392984e+02
3.153443549927690626e+01
1.100921890833138121e+02
-2.965475975327612446e+02
1.429005934065849885e+02
-3.425467180226838764e+02
-7.991111983635920524e+01
3.660244693723514615e+02
2.925643676042018910e+02
5.165963736343927621e+02
4.785563640818073168e+02
7.168824416064849174e+02
9.105877608151115510e+02
4.317980370031526718e+02
6.211471209495865651e+02
7.872829795374127571e+02
9.361905175901015355e+02
1.775147476673952497e+03
1.858885310771375089e+03
3.899932786322940501e+03
3.907567510309844693e+03
4.444293517254855033e+03
5.511122550680689528e+03
8.076866767256165986e+03
8.322143093536964443e+03
6.578019826072044452e+03
6.663388752358457168e+03
