2.446656766045939548e+02
-2.631035814675211668e+02
-2.433538980482546776e+02
-1.322496219913439859e+02
2.478109315857757338e+02
1.462304933167526144e+02
1.199019254761032244e+03
1.731702190341044343e+03
2.954462643265732822e+03
3.444636159808135289e+03
3.960812901863487241e+03
5.267166210706439415e+03
5.570064529134186159e+03
5.496533483438452095e+03
5.653731915257680157e+03
6.249222424264977235e+03
6.020272162216298966e+03
5.744351257733975217e+03
5.684159541829051705e+03
6.192207422891116039e+03
5.889304487201447955e+03
6.215727634058789590e+03
6.456716010004801319e+03
6.118156940467818458e+03
6.784118953309914104e+03
6.354747822154713504e+03
6.195119506127521163e+03
6.892268835003887034e+03
6.254844170110681262e+03
6.097938400353224097e+03
6.277240919152211973e+03
5.962428913130577712e+03
6.061542391246171064e+03
6.255407103438137710e+03
5.612389005817535690e+03
6.125559290738247910e+03
6.074471371414845635e+03
5.819453487604688235e+03
5.204652589824229835e+03
4.518269781121057349e+03
4.142138986673556246e+03
3.581497866072910256e+03
2.224898882854428848e+03
1.499911921392526210e+03
9.740988400341983606e+02
5.683520513523783393e+02
-2.811175494613713681e+02
4.611715550902294325e+01
