7.740214246080127850e+03
7.604758832981003252e+03
9.615373449617249207e+03
8.845316504432255897e+03
8.017473354313888194e+03
7.595923669458745280e+03
6.692559684275400286e+03
4.798264822157288108e+03
3.688009329465535302e+03
3.054406249460209438e+03
2.603221315552627857e+03
1.629761490265653720e+03
1.263335813681066611e+03
8.945386213335232242e+02
7.607954359894500840e+02
2.756727703607729723e+02
3.713247623078743231e+02
5.193458315919671122e+02
5.282801794585975586e+02
7.474962933801674581e+02
1.693114172542301787e+02
5.326135190666753942e+02
2.098418157099611960e+02
6.876738640841891481e+01
-7.281072126115137166e+01
1.901539181783173262e+02
-1.690103601335467260e+02
-3.625991935763878615e+01
1.075069932945216493e+02
4.817137812387798022e+02
2.492828951860677194e+02
5.699270923534339772e+02
8.784182235199726847e+02
3.902258374299254342e+02
1.119127041343691644e+03
8.916642870453897558e+02
8.250793783763010651e+02
1.407235223811344895e+03
1.500915242290378501e+03
2.027629782932729313e+03
2.805548298878850346e+03
4.331209461747625937e+03
4.423813512421103042e+03
5.004919378545223481e+03
6.157956545493640988e+03
6.738041349412457748e+03
6.482024549655187002e+03
6.946841038274094899e+03
