6.053865526045610750e+03
7.103316827718252171e+03
7.346144470451386951e+03
7.170264681050844956e+03
7.250276451629652001e+03
6.812215623855554441e+03
5.547231731765699806e+03
5.063767796735101001e+03
3.593257303028060960e+03
2.829806885110910571e+03
2.485994152087119801e+03
1.779696433233475545e+03
6.685060288235996495e+02
5.096834177801119949e+02
3.054349767009836683e+02
8.653955337911288552e+02
5.101803390044785829e+02
2.608561401064674783e+02
3.651925326597770436e+02
3.349903726634910299e+02
1.793227389046879807e+02
-6.406272101226305438e+01
5.374456392025596188e+02
2.207714003668101270e+02
-5.258419122772692589e+01
1.397875141569423052e+00
-2.224855434468214241e+02
9.256541101866407928e+01
3.443866492871337641e+02
2.158512557338074771e+02
-6.988262046258387272e+01
4.413339479504907104e+02
3.276128058784307200e+02
4.082664474237880086e+02
7.543329822434969856e+01
3.696649793884640758e+02
5.468178056688698234e+02
1.149799293578250627e+03
1.676808569257352246e+03
1.717471362722768390e+03
2.710957935431100395e+03
3.221734265709572810e+03
3.979434144832759557e+03
4.882745129896827166e+03
6.052505169754470444e+03
6.095876162540562291e+03
6.403367359216104887e+03
6.445083705207616731e+03
