7.004403222244580320e+03
8.137637628659783331e+03
8.155263929704124166e+03
8.249312561290249505e+03
6.605376429998955246e+03
7.126894940673452766e+03
5.916572105115101294e+03
4.840840901945681253e+03
3.853625196662967483e+03
3.291751083309635760e+03
2.415783086356478634e+03
1.666085987582683401e+03
1.500723720846137439e+03
8.664461002413424922e+02
1.041447603324645115e+03
5.382771923459880554e+02
6.895433421008277719e+02
2.318517849287747197e+02
-3.830541240051187657e+01
3.253806445244835004e+02
2.962747135407900601e+02
6.560156809288172042e+01
1.638084609079851646e+02
2.138546236501844788e+01
1.763467907998345652e+02
-1.306776097896235740e+02
2.860053338830027769e+02
3.337413446026473594e+02
-7.047274477449180097e+01
2.014782696451181891e+02
2.443493783263773480e+02
5.635938832220861059e+02
4.555832069653127405e+02
2.113012308204265537e+02
6.241714743673398971e+02
4.789979425560748041e+02
7.613599358008094669e+02
1.434662279269809005e+03
9.207227512061964489e+02
2.219568142268848987e+03
2.461000846680403811e+03
3.576114705627735475e+03
4.789359534528333825e+03
5.374165252015078295e+03
5.525215560601507605e+03
6.555726734661133378e+03
6.851614675732303112e+03
7.520582289453197518e+03
