6.360651434734093073e+02
-4.210916877167154553e+02
-1.387832232332703697e+01
-5.595766774415495775e+02
1.983851024723606216e+01
3.386430337609467642e+02
1.471397565745199699e+03
1.758881049877309124e+03
2.939025350495366183e+03
4.243330135386147049e+03
4.260308899696069602e+03
4.771538410496439610e+03
5.452854936774428097e+03
6.028944306250953559e+03
6.017270277678769162e+03
5.818858032559489402e+03
6.052652300714208650e+03
6.138816371717439324e+03
6.176566345998494398e+03
5.986124505732919715e+03
6.641739397641985306e+03
6.320675482067844314e+03
6.321743986809759917e+03
6.462652379284579183e+03
6.445907454394707202e+03
6.304241300917758053e+03
6.691657278740059155e+03
6.320745574597828636e+03
6.250545564419991933e+03
6.324968664419070592e+03
6.457830195080198791e+03
6.341423800346557982e+03
5.992972056755312224e+03
5.976186129668195463e+03
6.194868824381114791e+03
6.203434532361558013e+03
6.009685864440465593e+03
5.806834922108225328e+03
5.296347585416692709e+03
4.322822426058664860e+03
4.180398134775473409e+03
2.975072154352308189e+03
2.592434579939897048e+03
1.830496839939487472e+03
1.119288856086211581e+03
4.268506743329126039e+02
5.671843762592554867e+02
5.740612610088867029e+01
