7.402614318887142872e+03
6.742977712596371020e+03
7.861527284592856631e+03
7.808101169260537972e+03
7.476406364339857646e+03
6.787451927352005441e+03
5.405097568500866146e+03
5.502925469432571845e+03
3.743057997835168408e+03
2.892979880643501019e+03
2.316432506321074470e+03
1.439390971218234426e+03
1.269051154650528588e+03
1.321319436660775636e+03
9.850073318306339161e+02
2.865657105455391616e+02
3.121769150419019070e+02
8.553945613531342929e+01
2.033842950592241436e+02
9.511360840958045628e+02
-6.871388621383513851e+01
4.516489432176251171e+02
-5.038289681437407808e+01
3.920835503663926715e+02
8.517045403073417731e+01
3.091960795884920117e+02
-8.797064969083746178e+01
-2.021486015477395313e+02
2.554100282448296468e+02
1.915264762045630391e+02
3.694309605965516994e+02
8.699361234258302034e+01
-1.683906861344153327e+01
1.507423802907505888e+02
5.603033506547283196e+02
5.416782309984129142e+02
5.881165966354093371e+02
8.435936857872696919e+02
1.180358782140947369e+03
2.020578102984120051e+03
2.380453166200992655e+03
3.006633088439932180e+03
4.686426047925787316e+03
5.433387089293111785e+03
5.549894718319775166e+03
6.432685122675876300e+03
6.296573807291806588e+03
7.255092767544863818e+03
