6.077344898032751189e+03
6.547190402637422267e+03
7.363402729201974580e+03
6.918221072167132661e+03
6.915679081787102405e+03
5.742079472693390926e+03
5.757536102102409131e+03
4.931185139763341795e+03
3.879287742842527223e+03
3.265151076937423113e+03
2.251004730501994345e+03
1.916895755134180490e+03
1.289780819183796666e+03
9.970020434949483388e+02
4.813512713996312300e+02
7.169055803984483646e+02
4.605051423066779535e+02
7.488118451192963221e+02
4.526035642082179038e+02
5.564072659130596321e+02
3.264406703262940823e+02
4.046014021562903622e+02
1.820646995995066675e+02
-8.805996150008648726e+01
1.436001059524519405e+02
1.175970191757963761e+02
6.428479027590842065e+01
3.956683265271287269e+02
2.928027985079996824e+02
3.481077495680053175e+02
3.294267330344532638e+02
-6.877597326730237626e+01
6.256500741682843909e+02
2.141248695068968004e+02
2.294959863300299219e+02
4.927223091922811022e+02
6.926680805104483625e+02
9.154835632186901648e+02
1.342135099819126026e+03
1.782426424387531597e+03
2.822269814245700218e+03
3.091420120273930934e+03
3.987908403394321340e+03
5.114403257882993785e+03
6.000540348831244955e+03
6.460238472008224562e+03
6.698316003945601551e+03
6.229092678226451426e+03
