6.408070767538215478e+03
9.012146481311679963e+03
7.258245850719104965e+03
7.174896288507779900e+03
8.514899729885832130e+03
6.845716579985915814e+03
5.795521264291310217e+03
5.086524740845265114e+03
4.354296447661966340e+03
3.074580990769226446e+03
2.224375968722822563e+03
1.647645140612673458e+03
1.219339828116271065e+03
1.182257253808096266e+03
7.975036394889672238e+02
6.748948021862825044e+02
4.706150079972169920e+02
3.818132833357483378e+02
8.371635423662215771e+02
3.860468145056772755e+02
2.810389422390685468e+02
2.394965168330115262e+02
1.684829353069641797e+02
-2.270526398382670550e+02
3.614416798760133887e+00
-1.384893007110306655e+02
-1.971994439995104926e+02
-3.080982364330177248e+01
3.750000991686034979e+01
1.232108888541493315e+02
4.181429477774160546e+02
9.496367545835149713e+02
1.472399429788636382e+02
4.807054165221890685e+02
4.410534904190562884e+02
1.797851365415583587e+02
5.530551468460469096e+02
8.509354606804394052e+02
1.228189948168548653e+03
2.652013510583061816e+03
3.493661439335810428e+03
5.297264486757066152e+03
4.419725928852041761e+03
5.585449837832339654e+03
5.482094158993988458e+03
8.730513372986242757e+03
7.234490252909728042e+03
6.940170522796778641e+03
