6.623216612949343471e+03
8.092110806929675164e+03
7.132708991402602805e+03
7.219249418959538161e+03
7.356814335045638472e+03
7.095233525188185922e+03
5.660893622487125867e+03
4.572390759267822432e+03
4.333821561143641702e+03
3.653279248555957565e+03
2.669008407526900100e+03
1.788529106324502436e+03
1.272677462660950823e+03
9.340742381556129885e+02
6.711157384795679945e+02
4.015629985915709312e+02
5.069090900119843468e+01
4.719433970952666186e+02
5.137729100525307331e+02
4.853258338929217643e+02
2.672091469717705081e+02
1.012767842822526347e+02
-2.079762109095169649e+02
2.447718394319348647e+02
-2.591110996976297542e+02
-1.852718408199026214e+02
-2.279185811283010992e+02
-1.231600805856403156e+02
-5.822928133757501001e+01
-7.179065501965615681e+01
2.602262958548241158e+02
3.943565637738320220e+02
4.800020207553816363e+02
6.709085544845936511e+02
6.842227310454229610e+02
6.877591120702112448e+02
4.487363399382088573e+02
1.186350731971935829e+03
1.861717675520802686e+03
1.921160992459991803e+03
3.210268124210211226e+03
4.004540035679097855e+03
4.982003604267169976e+03
4.798756621574072597e+03
6.399613385018433291e+03
6.763300656059673202e+03
7.784223008412421223e+03
6.657314365627144980e+03
