8.162916690272263622e+02
-5.563474090362368543e+02
-2.280225031535844380e+02
-3.290160001894278139e+02
-1.505782177716299941e+02
4.476724611236516580e+02
1.237234007770759490e+03
2.083835563310661200e+03
2.662326810891305286e+03
3.971700518928577821e+03
4.507986642311126161e+03
5.315591666626278311e+03
5.500856195839412976e+03
5.843120033551987035e+03
6.100039965810703507e+03
6.258726532994815898e+03
6.025514082392146520e+03
6.035278740179408487e+03
6.169937717663648982e+03
6.424022131833119602e+03
6.100608407846036243e+03
6.518228550532732697e+03
6.287148392395885821e+03
6.474673496352361326e+03
6.389263584122801149e+03
6.404812826758086885e+03
6.759253727304195309e+03
6.403541349586268552e+03
6.237507469149548342e+03
6.359669184728392793e+03
6.155807139205805470e+03
6.035196601698919949e+03
6.487683578917501109e+03
6.167167279719151338e+03
6.145200879853375227e+03
6.351475958279263068e+03
5.607835445663117753e+03
5.843251810550243135e+03
5.170299361061003765e+03
4.964544490574849078e+03
4.318700008888297816e+03
3.330490392639818310e+03
2.402734180360838764e+03
1.877680969981335238e+03
9.776952573007444016e+02
4.882103065988547996e+02
4.397603650928679713e+02
-3.236085289730118006e+02
