6.356587159770378094e+03
1.171283833960116863e+04
9.690572715102707662e+03
7.534112380440993547e+03
7.222740846682968368e+03
8.739866349632062338e+03
5.995693800105284026e+03
4.546147185975810316e+03
5.818488467849091649e+03
2.895793204856994635e+03
2.241980595613905734e+03
1.311368611839314099e+03
2.031886616672376476e+03
1.249642701785235431e+03
6.320649577353398172e+02
1.020055588416898104e+03
9.611336665850769805e+02
5.249170918732871769e+02
6.996624279501472756e+02
5.085519233391300986e+02
3.712483933588043783e+02
1.220902810099751576e+02
3.647727724485092722e+02
-2.575298426204572593e+02
5.021958427942421821e+01
-1.824977180781852724e+02
3.368565029369624426e+02
-2.842839306306634128e+01
4.687114011127588924e+02
5.170211920088542001e+02
2.368845812935700792e+02
3.674013262688525288e+02
1.739416895192669585e+02
3.299355135112441531e+02
1.092397549744474873e+03
3.774798086204879155e+02
2.314377000897907521e+02
1.156698884677416572e+03
1.853302879977577277e+03
2.508216005184791356e+03
3.993492370420739917e+03
4.829376422142074262e+03
4.145514664710602119e+03
4.825562460033388561e+03
7.614542163681231614e+03
6.961940037342986216e+03
6.904216727939844532e+03
1.014902161564299786e+04
