3.187427989120004668e+02
-1.848168362896212216e+02
-4.235730643105686113e+02
-4.723889423105979404e+02
-1.558525308890588867e+01
7.776212970876919144e+02
1.346368205123897724e+03
2.076618422710132108e+03
2.565219210536072296e+03
3.804842156746422006e+03
4.398817408273809633e+03
4.487635702300279263e+03
5.669726555896323589e+03
5.773059363760358792e+03
5.794928128504268898e+03
5.979473655971482913e+03
6.303809086044275318e+03
6.036620899032285706e+03
5.843543004078610466e+03
6.025226115243715867e+03
6.321157213795566349e+03
5.932341146269734054e+03
6.247332081506797294e+03
6.688714059991059003e+03
6.064406926231889884e+03
6.174059233981827674e+03
6.360244981477951114e+03
6.314908410127694879e+03
6.420752149347343220e+03
5.910609118534911431e+03
6.274638492158514055e+03
6.339194568366859130e+03
6.286274867672705113e+03
5.832052926093368114e+03
5.686002015755462708e+03
5.841310203088152775e+03
5.543848390487355573e+03
5.583587795246499809e+03
5.151288897824356354e+03
4.972992275842238087e+03
3.895169220287988992e+03
3.378777538814055788e+03
2.679815803589053758e+03
1.731520497486535305e+03
1.087008806855714511e+03
4.456941035696649465e+02
2.350717860741132625e+01
5.841115771461074502e+01
