6.136802442568407059e+03
6.580260439910450259e+03
6.864786954166159376e+03
7.159915632604212988e+03
6.605124424929127599e+03
5.967085056585726306e+03
5.799505308305507242e+03
4.535358683359094357e+03
3.725833152109291404e+03
2.701104970723944007e+03
2.317521175067714012e+03
1.578237215687882781e+03
7.202792017931395776e+02
8.321976574614953961e+02
4.922017234240641983e+02
4.937494816648977007e+02
3.567431309351883328e+02
6.618408854759222493e+01
5.041689515557455934e+02
2.708624797281811993e+02
4.262748824715416873e+01
1.470340637535269890e+00
5.038125555582473680e+01
3.032917640587893402e+02
-1.270968510614185476e+02
-1.064218945197187765e+02
2.341291201089115646e+02
2.264734012558849585e+01
-4.200967688363788000e+01
2.179867253761350128e+02
6.470372651564640591e+02
4.719172695979065679e+02
4.126061398537811442e+02
2.180391023260173995e+02
2.279369763308606025e+02
1.536841575358801890e+02
6.647070450023409194e+02
1.095173542444430495e+03
5.674685369535559403e+02
1.933588868507651569e+03
2.168956021979895468e+03
3.422601618795852573e+03
3.820896385035244293e+03
4.921200251073240906e+03
5.607298790619291140e+03
6.085544798703274864e+03
6.320447858965438172e+03
6.554126730466128720e+03
