6.384699453162007558e+03
6.801472785292699882e+03
8.080527403092227360e+03
7.225997035257416428e+03
7.101169708610232192e+03
7.766412049249524898e+03
5.490577201534579217e+03
5.068896050340546026e+03
3.674442964560246764e+03
3.373942519624345550e+03
2.230764261513125348e+03
2.113480277827324699e+03
1.345274006219585090e+03
7.705869882403092106e+02
1.037613628734045506e+03
5.068400443277719205e+02
5.457511464447737808e+02
1.021299481531919810e+03
6.308005444682142979e+02
4.707162461222590650e+02
2.662335197791302335e+02
3.228465066753325345e+02
-7.630654702781789922e+00
2.631445568508232782e+02
8.262284223119257831e+01
1.750252250960103595e+02
1.556985068220893709e+01
-2.462552983464416627e+02
1.605709801716870402e+02
1.208657596304985020e+02
2.008427007168935745e+02
1.605290782671394823e+02
1.846773908219890359e+02
-5.773813246390970733e+01
9.158270395845656822e+02
1.747097542577317597e+02
3.509198216984612486e+02
7.621285561752820286e+02
1.321691447647479890e+03
2.461764935559563128e+03
2.663047260519792417e+03
3.432934938216519640e+03
4.261582950394529689e+03
5.279696463184539425e+03
5.688164205098798448e+03
6.000318038562530091e+03
6.241751176921618026e+03
6.936076552509548492e+03
