7.076546375016818274e+03
6.926149049504200775e+03
7.874712040366080146e+03
7.069171653023862746e+03
7.145905275637558589e+03
7.067219464346138011e+03
6.575253618446142355e+03
4.551863266685067174e+03
3.574842319353674156e+03
3.273320891073261009e+03
2.680599488951041621e+03
1.798663052295088391e+03
1.323188387362067033e+03
8.691445011414591590e+02
9.202285322165720345e+02
5.827283896293082535e+02
3.095503358101005347e+02
5.086838160311807542e+02
2.158387667267481618e+02
2.683152795448197594e+02
-2.279115639848207309e+01
1.824537644315446130e+02
2.368800579157295942e+02
1.358876690292376566e+02
-4.078471489212505929e+01
1.184251035276166704e+02
-7.481360585699229659e+01
-6.797358868025075651e+01
9.348989852238062781e+01
3.035248872311063337e+02
1.673924347458251702e+02
2.042776849947765072e+02
4.813740496311897346e+02
2.836964441850012690e+02
5.944398146309813455e+02
6.735799958121916688e+02
6.963506013060833766e+02
1.114107197137210278e+03
1.408174078228570579e+03
1.519565726612770050e+03
2.536913863577213760e+03
3.441389554394027073e+03
4.113097274562058374e+03
4.783143016395625637e+03
5.910513587996096248e+03
6.071017681366592115e+03
7.266321400459683900e+03
6.506728981809821562e+03
