6.078803112277005312e+03
7.216278619594518204e+03
6.907745087578126004e+03
7.191012137844624704e+03
7.104444242971750100e+03
7.326743529441367173e+03
6.909012832322436225e+03
5.302983828336207807e+03
4.494096236286955900e+03
3.182389723516456343e+03
2.779364427731803062e+03
2.190600672300557108e+03
1.294171395922404145e+03
8.518972299372843509e+02
7.162786772193915112e+02
5.053228835558046512e+02
3.998487486495055805e+02
3.802297537500073190e+02
6.311477693198909265e+02
2.032835695419741455e+02
2.463150113489817272e+02
2.288108006500086944e+00
5.087577277582619928e+01
1.990043742559271323e+02
-1.020517484860158106e+02
1.368626675144801368e+02
-1.741265757187734096e+02
1.807145437851330598e+02
-1.681444170841640187e+02
2.110118593959102213e+02
1.757839920964381690e+02
2.441372976357445737e+02
5.003062447408015601e+02
5.682261382651671511e+02
2.782961952800179688e+02
8.263351584238249643e+02
7.880629344120612814e+02
1.349387029406136662e+03
1.705399822559367522e+03
2.578457606516302349e+03
2.935819009021880447e+03
3.319209853511436449e+03
3.874274196140925596e+03
5.313595187001737941e+03
6.159757085197268680e+03
7.259743235557206390e+03
7.756582870821969664e+03
6.861285898446738429e+03
