4.565825422278108476e+02
2.717590847964486755e+01
-5.321640962650359370e+02
-5.800716525516445472e+02
5.725796844566259836e+01
5.712193296635706474e+02
1.276280666960237113e+03
2.491740112212114127e+03
2.884927557524481927e+03
3.662382542163324615e+03
4.466446458809668002e+03
5.248853914111171434e+03
5.480555305793358457e+03
5.723480931974615487e+03
5.804052808150761848e+03
6.238220835444555632e+03
6.192399831928316416e+03
5.963213552722082568e+03
5.843772045977696507e+03
6.243187059454133305e+03
6.691888405245072136e+03
6.086583955941343447e+03
5.995218186684393004e+03
6.502770202242031701e+03
6.584445264181208586e+03
6.455106848297054057e+03
6.565388818864026689e+03
6.336529605074174469e+03
6.229149857516628799e+03
6.382464973710547383e+03
6.198246808705671356e+03
6.141056745917096123e+03
6.077086043899791548e+03
6.152641702925261598e+03
6.373065589847414230e+03
6.623119273149735818e+03
5.995726323266393592e+03
5.955619518187329959e+03
5.464961561492382316e+03
4.928199260786363084e+03
4.302675875576558610e+03
3.473151268346249253e+03
2.454580127465665555e+03
1.900362157257117588e+03
1.115030531802326323e+03
6.339784545577315384e+02
3.953805735800710295e+02
6.967265754577517782e+02
