4.676665769089031528e+02
-1.680724592338409025e+02
-8.458656566517871056e+01
-6.931567586725298042e+02
1.042240386467674398e+02
3.739251680158727709e+02
6.726217653371406868e+02
1.728326276010025140e+03
3.225216666072410590e+03
3.902463603085838258e+03
4.026081949906955742e+03
4.838332087367136410e+03
5.034861314471803780e+03
5.393529862328586205e+03
6.205076162873696376e+03
6.043824513694002235e+03
5.697143357097675107e+03
5.932421154503233083e+03
6.022219486442960260e+03
5.963356992767089650e+03
5.731326251095945736e+03
6.326721799338763049e+03
6.034808460915266551e+03
6.580854376964220137e+03
6.159073352236286155e+03
6.320081054746907284e+03
6.461754722717077129e+03
6.534648894854870377e+03
6.135457883486772516e+03
6.293137650017251872e+03
5.980135583722452793e+03
6.032600438630748613e+03
5.940264665238099951e+03
6.247182170189052158e+03
6.055138026444486059e+03
5.431486797153599582e+03
6.237143054532656606e+03
5.469333698251629357e+03
4.881865509869086964e+03
4.401752075890931337e+03
4.108089839272385689e+03
2.896896881320958983e+03
2.071103651443798299e+03
1.560124759611037007e+03
6.662867010927998308e+02
2.209879824981216814e+02
-1.961635981276193661e+02
5.879564095671683788e+01
