7.584682149028988533e+03
7.647818052877713853e+03
7.236227553889012597e+03
7.276466863304730396e+03
6.966399229533627476e+03
6.078580301672202950e+03
6.747459906335573578e+03
5.119228901189921999e+03
3.823055849001188108e+03
2.949165416056701815e+03
2.062522289469159659e+03
2.290932316512105444e+03
1.721814321417666633e+03
8.095543816455697197e+02
6.979320340225868904e+02
5.215035129450715203e+02
1.010562859977149515e+03
4.007319417669114046e+02
6.565701910830316592e+02
3.731362456573379518e+02
4.599624015391745502e+02
5.582960547606244290e+02
1.639350037735388455e+01
1.220494014485057050e+02
-1.702417615699024793e+02
-3.094663676322103356e+02
6.337226569036186419e+01
1.118391904000615966e+02
3.105134573759658068e+01
-7.920183653438444082e+01
1.827708050534963604e+02
2.481164847431754765e+02
6.029515221256854147e+02
5.591281964969782621e+02
2.119336786616557333e+02
9.646408847749738698e+02
6.219099256727516831e+02
9.488000173703381961e+02
9.299111413448889607e+02
1.908950478222227048e+03
2.473597798069906730e+03
2.706343071095737287e+03
4.246967537351570172e+03
5.530692527722832892e+03
5.851321644428705440e+03
6.123848543983932359e+03
6.685384051072582224e+03
7.528511064662282479e+03
