1.036335416374753731e+04
7.135761298698086648e+03
7.466307269545998679e+03
7.229672984918294787e+03
8.377212832062290545e+03
6.362162941876595141e+03
6.591954445980692071e+03
5.095247441827013972e+03
4.731171585632675487e+03
3.522698879863231468e+03
2.320163534206457825e+03
1.970051635674231647e+03
1.833776368660531034e+03
9.366253280614256482e+02
1.338577319433751427e+03
7.072297561700991082e+02
4.616444876530225088e+02
5.728197763776885267e+02
1.584134062601643222e+02
3.035672433512493171e+02
3.584084951873921341e+02
1.649663232812004310e+02
-2.158851388958258042e+02
2.927175761656613986e+02
-2.438176818097558112e+02
-1.807851658910174137e+02
-2.959075432350568491e+01
2.499576008481848817e+02
-7.203369851630469611e+01
4.564476172313164852e+02
3.915331364932204679e+02
-5.090658593981957836e+01
1.830145594249774490e+02
7.645066189764677347e+02
2.212104194618426618e+02
3.043418513171573636e+02
1.129852773958342596e+03
1.254315060739673299e+03
1.596501383469275424e+03
1.693104696929393185e+03
3.137905536490390659e+03
4.283067419176750263e+03
5.073646581349364169e+03
7.279989824775099805e+03
6.604850535801921978e+03
6.502510891476704273e+03
7.137201156890124366e+03
7.633411402559368071e+03
