8.891493532281223224e+02
6.839855547977512273e+00
-3.130451465660389090e+02
-6.153736572052245037e+02
-2.172394099258975757e+02
2.496690049210600364e+02
1.201007414878675036e+03
1.886241617831178246e+03
2.846729660145526850e+03
3.524771894561426507e+03
4.031695267620755658e+03
4.663445746715859968e+03
4.970495172690331856e+03
5.227058226207321241e+03
5.464844781271052852e+03
5.569553728492323899e+03
5.809770603338598448e+03
6.084269365447689779e+03
5.665187704425454285e+03
5.980198646659046972e+03
5.719995637497725511e+03
5.941191750807562130e+03
5.998035322119319972e+03
6.028510895014518610e+03
6.096924424935999923e+03
5.854666262113097218e+03
5.989021248511246995e+03
5.732362086748767069e+03
5.757795486686543882e+03
5.914390929757196318e+03
5.609191227594227712e+03
6.098537411620935927e+03
6.150680732722270477e+03
5.548823207986359193e+03
6.057249097705281201e+03
5.698317839045555957e+03
5.514414833770756559e+03
5.264298650175353032e+03
5.219864573783123888e+03
4.397938890255703882e+03
3.589015229510043810e+03
3.112293902452044676e+03
2.227851730751800915e+03
1.669315937370063693e+03
1.094073816645602619e+03
3.079249251796252338e+02
6.966095002740894415e+01
2.187650557962519144e+02
