4.339956059899798220e+02
1.349334490722677913e+02
-3.061114549906465072e+02
-3.609488376107350973e+02
-1.116980579265772349e+02
2.098292954657145799e+02
9.091407456078283076e+02
1.693900253273422777e+03
2.259957122936838459e+03
3.434619462953437051e+03
4.066706862231622836e+03
4.424582145199105071e+03
4.766978629371971692e+03
5.132207519911928102e+03
5.351104178183199110e+03
5.965213862134466581e+03
5.404128504827887809e+03
5.732425615464066141e+03
5.430009431664525437e+03
5.928686554784179862e+03
5.695219238233509714e+03
5.909312675906601726e+03
5.657485112687423680e+03
6.048804588770947703e+03
5.848772096250097093e+03
5.903958935154591927e+03
5.930133605689404249e+03
6.147777314414580360e+03
5.910425720701859063e+03
5.789286890152485284e+03
5.799752328382310225e+03
5.465162273465750332e+03
5.871375192427297407e+03
5.519255669082364875e+03
5.756188435512553042e+03
5.595400556870239598e+03
5.178728430031714197e+03
5.021231121969883134e+03
4.449302124004368125e+03
4.278280532399880940e+03
3.906522400200994525e+03
2.845239752648560170e+03
2.281453053452519271e+03
1.544115407023113448e+03
9.584677465441565118e+02
5.507352275012669907e+02
4.336833291934162276e+02
2.189886323337732108e+02
