7.288882759692459331e+03
7.886861630760348817e+03
7.588677734406268428e+03
7.070526133853891224e+03
7.012289350616159027e+03
8.506444230442608387e+03
6.057707119345609499e+03
5.883981319030925988e+03
3.898319460630948470e+03
3.368937020048295381e+03
2.806880864282205494e+03
1.682394383478557302e+03
1.293433094966678027e+03
1.039229048104090680e+03
9.416062386419832819e+02
3.453841985242917190e+02
4.609706701429069540e+02
8.859505243252865512e+02
4.629234036566886630e+02
2.322652679380810241e+02
2.874783103464193346e+02
5.423547928925553663e+01
3.295650505367470373e+02
1.843591040727224026e+02
-2.562308226318465643e+01
1.408345731633922640e+02
-8.551209159207276400e+01
4.093761868829659534e+01
2.336178953372932767e+02
7.460163944341562683e+02
5.219392034795816926e+02
3.728123885965928821e+02
7.560370890015782379e+02
6.205559950161700726e+02
5.268362933762006151e+02
3.964099076051297175e+02
8.176189548029753951e+02
8.952755595333557039e+02
1.948200103724483597e+03
1.994329792770519816e+03
2.728655965882315741e+03
4.476792967053952452e+03
4.128463713193514195e+03
5.355890032943770166e+03
5.747885431877312840e+03
6.890674479014066492e+03
7.114532623111763314e+03
6.747755206051257119e+03
