4.812290849109735973e+02
-3.777899880652299771e+02
1.657470590783240141e+02
-1.294102847027133407e+02
-9.256967072431791621e+01
-4.720620049703867238e+01
9.919817652462030537e+02
1.748638645199489929e+03
2.297004861744019308e+03
3.507839389550243141e+03
4.173977282311157069e+03
4.939575872541690842e+03
5.168429319792197020e+03
5.300160824449124448e+03
5.718906853243592195e+03
5.864754178992537163e+03
6.015044181869365275e+03
5.501525593891605240e+03
5.980011015348834917e+03
6.160531940618006047e+03
5.615138115499429659e+03
5.797411913895747603e+03
6.049462326107955050e+03
5.857517710113427711e+03
6.250850079214193102e+03
5.827910197470756430e+03
5.784481279871616607e+03
6.188114340680102032e+03
5.855961068657995384e+03
6.054031965636352652e+03
5.444237948277052965e+03
5.923324236437248146e+03
5.854511523127338478e+03
5.590870899820582054e+03
5.995812688798892850e+03
5.858759298596933149e+03
5.683199767307804905e+03
5.344975553860967011e+03
4.923137675298935392e+03
4.569089537616830967e+03
3.800319038654774886e+03
3.363161751420108430e+03
2.470224013230374112e+03
1.475205785041626314e+03
9.992123351481927784e+02
2.823947597703948276e+01
2.839828238796953315e+02
5.098586773656596165e+02
