4.507125659077686919e+02
-2.889206408402703801e+02
-1.484692787665028959e+02
-4.543127557511946293e+02
1.338835961289274508e+02
3.071065133212730416e+02
1.244869818700122096e+03
2.257796586144869707e+03
2.961809977953384987e+03
3.262771946180768282e+03
4.220993400532132000e+03
5.008329504525975608e+03
5.120981960259817242e+03
5.480450361216677265e+03
5.997386469819155536e+03
5.635777087180161288e+03
5.928948197434198846e+03
6.149632668218561776e+03
6.230635611140754918e+03
6.573249939467933473e+03
6.147265186535383691e+03
6.143181495727944821e+03
6.030879289274036637e+03
6.093115895273217575e+03
6.405307589333700889e+03
6.433075199329106908e+03
6.336322124040547351e+03
6.269193650006028292e+03
6.246740763907480869e+03
6.354492282245627393e+03
6.093572020949642138e+03
5.918140183701786555e+03
5.876513322979627446e+03
6.183782187664565754e+03
6.651581035966091804e+03
5.785423713951247009e+03
5.509115308825243119e+03
5.455776483615839425e+03
5.280685014051554390e+03
4.579344969404410222e+03
4.086763284491874401e+03
3.329854791034513710e+03
2.664414537576382372e+03
1.767219908806016974e+03
1.168830949715632414e+03
4.124861857045907527e+02
5.825157329775029069e+01
-7.051060988613134839e+01
