6.718796807572882244e+03
8.961782651590492605e+03
1.019226268897739828e+04
7.033848876341196956e+03
7.922863508759220167e+03
6.641709196474505006e+03
5.268528693287338683e+03
6.710470100173027276e+03
4.918088377889164803e+03
3.365548614775082569e+03
3.955721352586614103e+03
2.170813758929822598e+03
1.246954353915641832e+03
9.014949041874141358e+02
1.180924162467410497e+03
9.208406030300661769e+02
8.215887908957273567e+02
6.210110847760048500e+02
5.211169496877753318e+02
6.482676781100524295e+02
2.023150065981125749e+02
-8.727800795517421051e+00
-1.311669784595610224e+02
-2.458526335655676576e+01
-7.623408068125841908e+01
2.914111540979807273e+02
-1.013722959276896489e+02
4.006108813667827917e+02
-9.434490089336682672e+01
4.729858260123889657e+00
1.413736255228343452e+02
6.218937062231749451e+02
2.946745884857282363e+02
4.703287721830668602e+02
7.657180586312533705e+02
4.088238761725415884e+02
1.411056112136124057e+03
1.153788839037815023e+03
1.970031021561582747e+03
1.835045172415816296e+03
2.399662414259027173e+03
4.476589902390458519e+03
4.328752487086488145e+03
4.904011840358659356e+03
5.764676838430945281e+03
6.991567011623998951e+03
7.400271721080414864e+03
6.648663999076183245e+03
