6.288444382285837492e+03
6.682404701173375543e+03
6.900914142030816038e+03
7.066022701801277435e+03
7.081046954697291767e+03
6.436215600903044106e+03
5.712403731659494952e+03
4.806104330083858258e+03
3.869986448599578580e+03
3.210403588601552656e+03
2.193210709585810946e+03
1.432686948872765697e+03
1.243408585172072890e+03
7.009840766407698993e+02
4.494491364267219069e+02
4.378215445387029376e+02
4.618741213733155178e+02
4.414567539896306130e+02
-2.505704728070780618e+01
1.754587584409027272e+02
3.191536480984964896e+02
1.235760142077300827e+02
-3.269822357258793772e+02
2.783814340950078758e+02
-2.277100314602997173e+02
8.034277894280251076e+01
-1.704832098046118460e+01
-2.548017124498107080e+02
3.850915249575581356e+02
1.602816098108540075e+02
2.401700796126619935e+02
3.870251558619520438e+02
3.827375701063547240e+02
3.509931566603534066e+02
6.710723978647329204e+02
4.452892594970872437e+02
3.652347029987017208e+02
8.856155015769201100e+02
1.424227048618426579e+03
1.446512830072513452e+03
2.282818154360182689e+03
2.921994430622858999e+03
4.014342983311073567e+03
4.928149996194184496e+03
5.844191466637415942e+03
5.946147462826776064e+03
6.608888506482138837e+03
6.357172888241397231e+03
