6.857818096338924988e+03
6.556751650722363593e+03
7.271239957259926086e+03
7.269924606836785642e+03
7.058891326733748429e+03
6.432532094794566547e+03
5.675198296200336699e+03
5.070082201971937138e+03
4.211628604204785915e+03
2.737293798234739370e+03
2.316740153418613318e+03
1.676623281640446521e+03
1.090505915471590015e+03
5.378445626299169362e+02
7.990868190960992479e+02
4.934229702009118341e+02
4.502223597088932934e+02
2.143381965245938829e+02
3.435404678349526648e+02
5.442752919605475199e+02
5.410477071131339244e+02
1.181175538413042858e+02
2.538729620469961503e+02
3.305792272383604313e+02
6.188323720774822050e+02
1.349077408795681663e+02
-1.460920501727463829e+02
1.501527947439126649e+02
3.481954627588208950e+02
4.364479894581560302e+02
2.021740391795573260e+02
5.335156859289293152e+02
4.284016485785339228e+02
2.899919906839577948e+02
5.038535010326042425e+02
2.518359797248685368e+02
1.087842113261081522e+03
8.101637309281622947e+02
1.259453892344618453e+03
2.023905755143389115e+03
2.564202420343155609e+03
3.354905900922669844e+03
4.245933955352028534e+03
5.173991749456049547e+03
5.605030020434987819e+03
6.150156750081618156e+03
6.592920923951406621e+03
6.814078012359634158e+03
