2.766468069034373798e+02
-7.285765594870412087e+01
-7.052601883157143448e+01
-3.900474689885086832e+02
-1.919304097711578265e+02
4.487147466365069022e+02
1.335239270544096598e+03
1.620963969342688188e+03
2.513195163027218314e+03
3.326102025286443222e+03
4.026553640878109036e+03
4.445602481911148971e+03
5.162212402242548706e+03
5.393001015201986775e+03
5.638957259576675824e+03
5.494314303476878194e+03
5.851866767796156637e+03
5.933222374184277214e+03
5.789248374905133460e+03
5.727243191570347335e+03
5.955607697575983366e+03
5.966358480566740582e+03
5.814086404134455734e+03
5.870372980416355858e+03
6.040959835765619573e+03
6.066155726840619536e+03
5.863539019019339321e+03
5.979250873511658028e+03
6.013115460803104725e+03
5.816784836463633837e+03
5.771546049305535234e+03
5.540445133739399353e+03
5.998693642269307929e+03
5.751861218688784902e+03
5.664627325326779101e+03
6.080816620311650695e+03
5.371643392384406070e+03
5.427342895655039683e+03
4.769832042067036127e+03
4.254887523032486570e+03
4.084372139725541274e+03
3.349250357464879016e+03
2.324512348350388038e+03
2.022030556001731384e+03
1.030634186675366891e+03
4.136107442009270585e+02
6.596225010468991456e+01
2.257220342582552064e+01
