6.132632199839791610e+03
7.276580192295252346e+03
7.037235428530377249e+03
6.826683479440538576e+03
6.419478608890810392e+03
6.117634074393226001e+03
5.456956585297367383e+03
4.807420086748721587e+03
3.517710525690531540e+03
3.004929969648064798e+03
2.388001365658096802e+03
1.576991633962343712e+03
1.013824165782631781e+03
8.469319940415633710e+02
6.525462321355350923e+02
3.488855740707097652e+02
6.227137209132209819e+02
3.751153732798378826e+01
2.177678694515864493e+02
4.009376304989630739e+02
4.049143862821650259e+02
8.153932647829623193e+01
4.138593689242805596e+01
-2.624488461348562964e+02
-1.066703240302650642e+02
-4.479824212396594021e+02
2.160130055824008082e+02
7.045422710865607563e+00
-7.572424555134715263e+01
3.100927687828531703e+02
6.674487205354185448e+01
4.753999333010108899e+02
6.889323753504812942e+01
6.782679972305678575e+02
3.417260148481847750e+02
3.121637143982516136e+02
1.173996790221603533e+03
8.938405836650459833e+02
1.396400621464946653e+03
1.706068590363529211e+03
2.515796400547802023e+03
3.430563483157591691e+03
3.934163138184783293e+03
5.011312805084085994e+03
5.333553233709568303e+03
6.390793722179505494e+03
6.299982424081058525e+03
6.281578272273971379e+03
