2.595016320913085224e+02
-2.167934296551872109e+01
1.085793309837913689e+01
-3.804219444135695767e+02
-2.338492349545937543e+02
3.655909571439977981e+02
1.236151139166708390e+03
1.914876164280823104e+03
2.822098233667748900e+03
3.645223262571337273e+03
4.139155429512442424e+03
4.738757364201416749e+03
5.151474078591037141e+03
5.463079961047224970e+03
5.502948345036899809e+03
6.112223534213527273e+03
6.010298744960391559e+03
5.688308051691679793e+03
5.392745458850814430e+03
5.626844409711338812e+03
5.973224480371380196e+03
6.025229291558676778e+03
6.112350573082827395e+03
6.426051527137336961e+03
6.085942950285024381e+03
5.850387390337735269e+03
5.915906729748584439e+03
6.119887666971800172e+03
6.028705223764608490e+03
6.025478596293418377e+03
5.993235768804442159e+03
5.918814767662975100e+03
5.880148293246087633e+03
5.749341839342894673e+03
5.989831918550847149e+03
5.762142515438018563e+03
5.357603711303027012e+03
5.322961534955347815e+03
4.853548142136561182e+03
4.483415519436447539e+03
3.899708469224875898e+03
3.192754427121263689e+03
2.440592917345217757e+03
1.716347660572936547e+03
1.251345654303718902e+03
5.927493797729879361e+02
5.328990274390877175e+02
2.857245984958443614e+02
