6.884405941820133194e+03
8.766717679021765434e+03
8.544364659116898110e+03
7.277778348016118798e+03
6.960300986398564419e+03
8.356041539679157722e+03
6.378777799377885458e+03
4.692041486264441119e+03
4.375337993986950096e+03
3.730791902184726951e+03
2.986604442291663872e+03
2.323796282073515613e+03
1.947664666520798164e+03
1.380047644287743651e+03
5.238238757245252373e+02
6.237280034012430860e+02
7.806644218771365331e+02
9.747589095356922826e+02
3.569400708254130450e+02
2.327504944689538320e+02
5.849298788584542308e+02
4.586715953972312150e+02
-5.440734850624484409e+01
1.045014680933394260e+02
2.096177127101025235e+02
-1.050841398200759791e+01
-2.707297317380144364e+02
-1.654742462398762370e+01
-1.151115909549160108e+02
4.333187727966242164e+02
4.157284094831253469e+02
5.172684459244893560e+02
-2.561507825536606333e+02
8.306629404893145647e+02
1.220221898776882199e+02
7.170085414529301033e+02
5.007861600294539244e+02
1.336730183164979962e+03
1.997200885245876634e+03
3.063230011011442457e+03
2.124094162426672938e+03
4.155263936525737336e+03
4.473725802851407025e+03
6.061135555109248344e+03
5.340263937745667135e+03
6.536348795320138379e+03
9.157306343185488004e+03
6.855393860375487748e+03
