7.357666276495851889e+03
8.170138320465982360e+03
8.168476921079539352e+03
7.679452082783179321e+03
7.538469789368741658e+03
6.375281037120637848e+03
5.863460000920079437e+03
4.494212868701253683e+03
4.312731846574093652e+03
2.849345912014215628e+03
2.261538418992176048e+03
1.693741127401632184e+03
1.270622873085622814e+03
1.031756310941254469e+03
5.542807343339734416e+02
6.914960913209007458e+02
5.604617755017688978e+02
5.376230229255608037e+02
2.066760366180031383e+02
6.099423282047240491e+02
4.403411815102248852e+02
1.403609597722236231e+02
2.398011005490921264e+02
1.418952757462656962e+02
-7.712346216668885290e+01
-1.020784413540116304e+02
-5.261819562109187700e+02
1.848976678701659182e+01
2.120773787712415412e+02
1.201250160694012834e+02
6.381052878732114095e+02
-2.076381605443792182e+02
6.725486685116187573e+02
8.337172702428391631e+02
4.389863540162721165e+02
5.880524952963368150e+02
5.470419615102082389e+02
1.124243255290129810e+03
1.163099240521672073e+03
2.128532385689037255e+03
2.799673165644733672e+03
3.627014199409302364e+03
3.875612146062434476e+03
5.326337588390614656e+03
6.230964434784754303e+03
5.862037850676339986e+03
7.285822817650981960e+03
6.721718515655382362e+03
