6.435910366627803342e+03
6.918541321626996250e+03
7.197515002633065706e+03
7.073219788193274326e+03
6.611983844399327609e+03
6.208118047048817971e+03
5.541252387169412032e+03
4.591420524031277637e+03
3.878365791662135962e+03
3.247634629602556288e+03
2.196496553707626845e+03
1.568571363478186186e+03
1.161207746790342753e+03
6.463628058926493622e+02
2.607996944740588106e+02
6.052298287261221503e+02
6.089482547280960034e+02
2.122041729534614660e+02
4.310232513247589168e+02
2.191733543197159975e+02
4.022878720507461594e+02
1.814280593010077212e+02
2.235064773850647768e+01
2.867159280482575401e+00
-1.525863181218492741e+02
1.481903670616010800e+02
3.778158033613509303e+01
3.859911209679196418e+02
3.040808452252280745e+02
1.083701210370726216e+02
1.918672469068301325e+02
3.630329129668556902e+02
6.240924583113362587e+02
3.005034011680192521e+02
3.600809104725927909e+02
3.601083126543562685e+02
1.013132092806696164e+03
1.216295952521241816e+03
1.251684710722777027e+03
1.624591032318180623e+03
2.316298661040123989e+03
3.440734969098438796e+03
3.871598314765873056e+03
4.892771676720176401e+03
5.219155039522526749e+03
6.202342052103002970e+03
6.057928152864184085e+03
6.336634400064015608e+03
