6.365789702608927655e+03
6.995741101070520017e+03
6.883922326704440820e+03
7.148773487963479056e+03
6.553006400280040907e+03
5.814923576609065094e+03
5.629697518726808994e+03
4.901244545794169426e+03
3.895557762513012221e+03
2.753071765907064218e+03
2.307936020568340155e+03
1.417288935196163493e+03
1.279826368930188437e+03
6.177135711752132465e+02
9.793723189475258550e+02
2.371579839328026367e+02
3.122241414440641165e+02
4.371228043652159272e+02
5.347341009092473314e+02
3.543732708990103788e+02
4.571326115616905668e+02
2.186050209074379893e+02
5.268764757610716742e+02
1.106791137776347114e+02
4.700502898565584360e+02
-3.521317040847413864e+02
1.660056272947588525e+02
-4.970780450738194531e+02
3.965979643815663280e+02
-6.703983954983503679e+01
2.729033699309577514e+02
2.624388390891806466e+02
3.321359008968024114e+02
3.483279226465533043e+02
5.648074863497804472e+02
3.018813015796350783e+02
8.414154476571046644e+02
1.070010972582657132e+03
1.451633422291742590e+03
1.872967735840959676e+03
2.433770524955846668e+03
3.543183115685314988e+03
3.989444583772333772e+03
4.717707239701184335e+03
5.522941261931726331e+03
6.579458901020185294e+03
6.602760624390641169e+03
6.880060694780569975e+03
