8.171481101810518339e+03
8.141284681429810007e+03
9.213909274833822565e+03
7.429852720635984042e+03
7.559032553742486925e+03
6.454469138783710150e+03
6.359221136400374235e+03
4.766904363458424086e+03
4.477303950173099111e+03
3.016367918460421151e+03
2.980030618943608260e+03
2.294416301952884623e+03
1.433427466613845354e+03
7.744430613963374981e+02
5.743463877815997876e+02
7.618918480640172675e+02
1.445924009531952379e+02
2.276485132584874407e+02
4.270349251177062229e+02
4.004847423301953313e+02
8.258835357917279225e+02
-8.151025206508030863e+01
2.937035286061528154e+02
1.920101836458933917e+02
2.727953343558344841e+02
-9.143948922495543741e+01
-1.617837308349739445e+01
2.111547357968033225e+02
4.385760226692195261e+02
2.663002452997552609e+02
5.053517607393251296e+02
2.273344528972368721e+02
4.221113495216244473e+02
2.795999509850358891e+02
4.790499971264725332e+02
8.567192142256635634e+02
4.520323149558953446e+02
1.395379293943356970e+03
2.043392492963539780e+03
1.621663578379713272e+03
2.878895861851589416e+03
3.358240283599883242e+03
3.952142690247059818e+03
5.763611109311080327e+03
5.636192329538128433e+03
6.513182834352591271e+03
7.308638634483941132e+03
8.053909968488095728e+03
