5.721346221681456257e+01
5.412797754884217056e+02
-1.051256429260903587e+03
-1.528597069952592733e+02
1.984622193774418122e+02
4.071606791734894841e+02
1.763964861246642613e+03
1.675104429036653300e+03
2.568480100114411016e+03
3.785836606142538585e+03
3.935141346982954474e+03
5.245470675895156091e+03
5.572225593793846201e+03
6.019446782639616686e+03
6.052319629135581636e+03
6.181291821735742815e+03
6.144621287371805010e+03
6.434111613356623820e+03
5.781916051504139432e+03
5.974849926481597322e+03
6.352621812192015568e+03
6.586406771493143424e+03
5.873608395914783614e+03
6.296409670177730732e+03
6.419365187222951135e+03
6.555295984286930434e+03
6.333072840518199882e+03
6.418318529500483237e+03
6.114093957575790228e+03
6.533372230725944064e+03
6.623629376610678264e+03
6.271528212606004672e+03
6.365927941456352528e+03
6.408761651814067591e+03
6.101575791037058480e+03
6.248037355816140007e+03
5.859238599542512020e+03
5.424005989317023705e+03
5.483149993633964186e+03
5.075185879723377184e+03
3.789824308339398158e+03
3.947508274985327262e+03
2.867691188521969707e+03
1.966536787336756106e+03
1.667688537369681626e+03
1.335321570170855011e+03
7.747979422918845103e+02
6.526151575896858503e+02
