6.448187476576690642e+03
6.982242040799834285e+03
7.014153809990280024e+03
6.749055787530547605e+03
7.119509029520779222e+03
6.236393918570058304e+03
5.377344964479364535e+03
5.132549397841280552e+03
3.443642542451522331e+03
2.988580290119754409e+03
2.232039512235117854e+03
1.770828051351206341e+03
9.178560890821503335e+02
8.343231987267587328e+02
7.035705729666004800e+02
4.366568300305646062e+02
2.354893533285526246e+02
1.445296188659996233e+02
5.637008419957452361e+02
3.914019332384368681e+02
5.218258731907520769e+02
5.151806142379803077e+02
3.384561868291402220e+02
1.810673808849944919e+02
5.190814837173995784e+02
-2.669047478558657076e+02
3.521193485401723819e+02
3.268166562994325659e+02
6.250835744796157911e+01
2.321807162191776399e+02
2.822174795260154383e+02
2.459654301174633986e+02
5.168982126440112097e+02
4.611950768771327489e+02
2.721117829848343490e+02
6.290383206731200971e+02
7.196725184011837655e+02
7.215583005867673592e+02
1.389988978424544030e+03
2.122685113441099929e+03
2.486258941193502324e+03
3.449755949991398666e+03
4.157910774790912910e+03
5.129150533045403790e+03
5.621764472515538728e+03
6.168170598443211929e+03
6.345817508004184674e+03
6.679652466168183309e+03
