6.120297701555373351e+03
1.244218912714104226e+04
7.381118004408440356e+03
7.824951184769970496e+03
9.132595830632586512e+03
7.776693525223041433e+03
6.420179460807778923e+03
6.221182285892989967e+03
5.633296771706496656e+03
3.525089040707089680e+03
2.883928049324766107e+03
2.252013685410139715e+03
1.074227818983209772e+03
6.975699716069201486e+02
1.515529904825653603e+03
5.833616551002915003e+02
7.439650597919788879e+02
6.931522288484841283e+02
4.545212255375780614e+02
1.025132403467555946e+02
4.755949082762533635e+02
4.092256139644370023e+02
1.909597743192038024e+02
5.946387178136274088e+02
2.413662986141297893e+02
2.453140674627971691e+02
-4.729318896238493153e+01
3.013475733069603280e+02
8.659395859220134639e+01
3.128461457185128438e+02
3.928708394921701483e+02
2.400348496057523278e+02
3.640406208263985377e+02
1.042580873878669991e+03
5.924997685996280552e+02
8.569626068801334213e+02
8.303462098403715572e+02
1.243535330509065034e+03
1.377790161656598229e+03
2.005977312873653091e+03
2.875064436641251632e+03
3.603343608923719785e+03
3.885895341132727481e+03
5.237451742841235500e+03
5.950755894059203456e+03
9.016554810018749777e+03
7.369448074280066976e+03
6.681866657222200047e+03
