6.523128944958888269e+02
-2.345128701632230843e+02
3.109889627372588805e+01
-3.758110549718207949e+02
-3.026760551458766599e+02
2.295881895113070357e+02
5.004673404250656290e+02
1.737553777542452281e+03
2.249678509931071858e+03
3.375069521206630270e+03
3.916463967700842204e+03
4.447865040578180015e+03
5.505209224350006480e+03
4.959881119360418779e+03
5.726243166959903647e+03
5.762129987530038306e+03
5.847089420037249511e+03
5.778952896969721223e+03
5.906118055807375640e+03
6.093923030337888122e+03
5.983102661511354199e+03
5.757016976143694592e+03
6.139745457927986536e+03
5.905025734152295627e+03
6.572857549705518068e+03
6.279174986303565674e+03
6.372612447298191000e+03
6.404910398036120569e+03
6.198127421017289635e+03
6.402577533047916404e+03
5.596564633397653779e+03
6.135783746896689081e+03
5.918254365678731119e+03
5.865292142696853261e+03
5.738245193055159689e+03
5.783818745861057323e+03
5.759854880077068628e+03
5.483563208068630047e+03
5.189413622371957899e+03
4.210602756611458972e+03
4.019612285242185408e+03
3.214808851513602349e+03
2.443332324689725738e+03
1.754477158670612198e+03
1.301234964159747733e+03
2.336802595127180098e+02
1.171724520872079722e+02
-8.287062124727238199e+01
