7.793149690924316019e+03
7.173924395513628042e+03
6.950067671871364837e+03
7.426837948578930082e+03
7.404066194016257214e+03
6.349129220655565405e+03
6.114363255887483319e+03
4.599718505134081170e+03
4.064673932566960048e+03
3.062099396483696182e+03
2.616266786870517990e+03
1.443583237850403748e+03
1.114755245142998547e+03
7.346416678145860715e+02
7.181193154035903490e+02
2.839820528788432625e+02
3.603454510788391190e+02
8.522870515182247573e+02
2.191204378616250494e+02
2.951262151368165974e+02
2.214421942764433879e+02
2.615803404272256216e+01
6.693891990769846245e+01
4.173555126041587755e+02
1.956991151591883806e+02
-1.359937095237696667e+02
-7.782197013280351428e+01
1.050319964947149316e+02
1.490583456062086043e+01
3.463724675725991347e+02
5.399413317473033658e+02
2.411261504209465159e+02
3.592825557565693657e+02
5.030628246119656524e+02
6.580524610662529312e+02
8.023109084950575607e+02
7.622825948707650241e+02
1.237759103981367616e+03
1.413749974778035948e+03
1.980320456500412320e+03
3.396580488930482716e+03
3.325724964725183781e+03
4.657905121769082143e+03
5.492443260813550296e+03
5.957474779683123415e+03
6.203886372249149645e+03
6.717812577778195191e+03
8.270222899660557232e+03
