5.229845182597597386e+02
1.387056003862790732e+01
-1.990307611391134230e+02
-5.734566135337288415e+02
-1.059053010438872207e+02
3.415375974183380663e+02
1.289080800262029243e+03
2.192090653840470623e+03
2.736695119071215686e+03
3.633186494300679897e+03
4.700834822377454657e+03
4.820585848618555247e+03
5.358786367929027620e+03
6.149068187043573744e+03
6.124321326083765598e+03
5.937237006958918755e+03
6.580644012537281924e+03
6.277135358513547544e+03
6.125597759318162389e+03
6.075209356906736502e+03
6.529469144014597987e+03
6.309490941799291249e+03
6.541878569467025955e+03
6.766531815946467759e+03
6.585827649072081840e+03
6.647394295079388030e+03
6.388739069655885942e+03
6.616134434305606192e+03
6.322181838840026103e+03
6.399484327293906972e+03
6.363575750526588308e+03
6.155184899462468820e+03
5.956534316229119213e+03
6.124046442189007394e+03
6.251917981511152902e+03
6.193532136043491846e+03
6.042359951629306124e+03
6.020998453308579883e+03
5.232446334504572405e+03
4.911861904438917918e+03
4.465272133071013741e+03
3.760855746071638350e+03
2.298336964626726058e+03
1.984360958491323800e+03
1.204026283380912673e+03
8.711151477739975917e+02
8.997663930371021479e+01
5.076203302295675712e+02
