4.327558313574559747e+02
-1.546473470365382639e+02
1.581213698340451685e+02
-5.895625170063339056e+02
-1.660923398724165878e+01
1.699418968386077893e+02
1.245732147721549381e+03
2.374283898551278071e+03
3.117003099184572420e+03
3.236974550084254133e+03
4.616841767376511598e+03
4.942473712101388628e+03
5.154823924060195168e+03
5.841360465364317861e+03
6.018065562347127525e+03
5.804565963092280072e+03
5.813099026429131300e+03
5.922470443440524832e+03
5.834775556313460584e+03
6.004862116691102528e+03
6.143733140829992408e+03
6.282704721686811354e+03
6.129270796851359592e+03
5.945203543353060923e+03
6.465948712152669032e+03
6.098053758285146614e+03
6.343465084887713601e+03
6.309636897507317371e+03
6.439881281063238930e+03
6.269581339665825908e+03
6.070140964058688041e+03
5.930299062206317103e+03
6.250024323002015990e+03
5.927026201995978226e+03
5.701741968623029607e+03
6.093386951561416936e+03
6.027845238302445978e+03
5.168064660119356631e+03
5.043807166432246049e+03
4.919075589916866193e+03
4.563316796785013139e+03
3.396540330720959901e+03
2.404722540486637627e+03
1.832136582327893393e+03
7.907016349331101992e+02
1.169851026558374372e+02
2.426024141903130271e+01
1.003276893706549373e+02
