6.578123905054131683e+03
6.893756112800402661e+03
7.140014969832404859e+03
6.936644582771898968e+03
6.798652822684035527e+03
6.354975995726592373e+03
5.497775541068021994e+03
4.588245022870567482e+03
3.657828570815139301e+03
2.983163987445339899e+03
2.148821407426326914e+03
2.016793381725673044e+03
9.580133391090843133e+02
6.557313377347634287e+02
8.723846524815709245e+02
5.945845525290503701e+02
2.241301393606052841e+02
5.828949391458533000e+02
5.052974711381298789e+02
4.230733777556936843e+02
1.668347954103516599e+02
1.882437279163978872e+02
4.519398039944189094e+01
-4.819997878245525413e+01
2.492878389558208596e+02
-8.446181744096485033e+01
-3.326621561224986579e+01
-1.602291389986214654e+01
2.364717741516662954e+02
2.076479510767555041e+02
-1.695127954609921233e+02
2.437802925770799618e+02
4.050860514678978461e+02
4.836315864944605778e+02
1.726518748766389137e+02
4.044917752697205628e+02
6.837303074650991448e+02
7.713730542421249083e+02
1.500701071854547763e+03
1.971714036933492480e+03
2.723212783264212248e+03
3.315804740253806358e+03
4.396016359581822144e+03
5.038575029964955320e+03
5.504722423773661831e+03
5.578083752534409541e+03
6.949049320285324939e+03
6.694356955734766416e+03
