7.491431517677978263e+03
1.148559509798461841e+04
8.740150236219737053e+03
8.758847907938290518e+03
7.065710533464048240e+03
7.263794620416974794e+03
5.288868623042403669e+03
5.895364067322047049e+03
3.953291847573206269e+03
3.580838613078743947e+03
2.566616632404369739e+03
2.499787387982634755e+03
1.644202992332672011e+03
1.213158966352074003e+03
6.673052494270522175e+02
3.410521415908626182e+02
4.319627443663587769e+02
6.077366433790219844e+02
3.452607939457710700e+02
5.079063460608082892e+02
2.531472935908222723e+02
2.760218915328877642e+02
1.872659972453872967e+02
2.032501973637068815e+01
-2.649986914618166907e+02
-1.523538501541717665e+02
-1.911459262590944093e+02
-4.065064165889431536e+01
-1.323041133177052870e+02
-1.771966782797711915e+01
2.920935835320400997e+02
4.576908529652534412e+02
3.689385451504092543e+02
7.200838774662041715e+02
5.607270368208888840e+02
4.722067865414594507e+02
7.056944277250938740e+02
1.409455935233817172e+03
1.406932581717451512e+03
2.520241550526638548e+03
2.297240555540711739e+03
4.396876986184704947e+03
4.610037021434532107e+03
5.139141786081529062e+03
6.203136999909827864e+03
7.623260069330542137e+03
5.991183873957607830e+03
7.093250947511042796e+03
