7.310022597838981710e+03
8.439961444199721882e+03
7.641350098981464726e+03
9.216113180177821050e+03
7.957082735163213329e+03
6.795266666285268002e+03
7.276691398020069755e+03
4.913391086028458631e+03
4.538911595097836653e+03
3.909080902595118914e+03
2.057036964268358588e+03
2.369094588910407765e+03
1.557292491143803090e+03
9.403501699308413890e+02
5.717901042361050941e+02
1.109007631946569973e+03
8.439132018888478797e+02
6.457438791258608717e+02
3.411255097261587821e+02
8.047327118696604487e+01
9.035587323609539112e+01
1.153278076639961540e+02
-4.549336787858169373e+02
2.359194786002429964e+02
2.708339647628895932e+02
1.453661682822122430e+02
-3.444437716882239897e+02
1.260723238431830282e+02
3.024942290831419314e+02
2.239747382016524853e+02
-6.944125735861946680e+01
1.949327437960048428e+02
1.209745780946818599e+02
4.342342529202432502e+02
3.764235997179034143e+02
2.729875054829688565e+02
8.918239248256494420e+02
1.141538438682191554e+03
1.969468785228078787e+03
1.382775014815339318e+03
3.052518457265191500e+03
3.258320081647720144e+03
4.539821563797899216e+03
6.676068395985584175e+03
5.671688939141771698e+03
6.185184173977616410e+03
6.248273703109275630e+03
6.315419594845824577e+03
