7.512242392814568120e+03
9.372423643895161149e+03
8.143956769602130407e+03
7.531223615239166975e+03
7.588811289094237509e+03
8.865149829706029777e+03
5.502148869084459875e+03
4.939927880131388520e+03
4.630521233491468593e+03
4.862632877646852648e+03
2.774026408053562136e+03
1.873084892581373879e+03
1.301687869505141407e+03
1.830598912947655208e+03
5.658631180184883078e+02
3.794206821149542748e+02
6.701901420427592484e+02
1.418801907298930303e+02
9.290686310312764817e+02
7.823989731291380849e+02
4.514441462944422483e+02
-7.177191387280268842e+00
7.339341574104182087e+01
1.633040999544466274e+02
2.627769441073119197e+02
-8.834280575890674925e+01
-3.383958073569141902e+02
-1.335276505180647746e+02
4.979563259805909325e+01
-1.065042929206635165e+02
2.955843998710890332e+02
3.507110837983237275e+02
6.026731839973107299e+02
8.559351225920787556e+02
1.290828271970351125e+03
4.130154498391361813e+02
3.849557993643642817e+02
1.695424529437117826e+03
1.937752117305514957e+03
2.024215324788201315e+03
3.162968017705612056e+03
5.067367215919452065e+03
3.880788854372887727e+03
5.647136878881506163e+03
5.730700282938857526e+03
8.545272360381122780e+03
7.781038925783759623e+03
7.824272020737672392e+03
