2.848924995787217540e+02
-1.791018708341467232e+02
-1.997558851019845463e+02
-1.330900133923546775e+02
3.367440441497518577e+01
1.933808653347902577e+02
1.664493235278033353e+03
1.404103083163124893e+03
2.606114148163778282e+03
3.502308127075544235e+03
4.730058041070587024e+03
4.700291913991642105e+03
5.652637527669633528e+03
5.726627995824468599e+03
5.919109401259088372e+03
5.809278590667156095e+03
6.363173248601050545e+03
6.229506132635932772e+03
6.517297597375212717e+03
6.370959420758984379e+03
6.141658535634253894e+03
6.669368196615998386e+03
6.484913303365588035e+03
6.413652793716336419e+03
6.557606119943262456e+03
6.329554253115471511e+03
6.746682459785765786e+03
6.350519348861847902e+03
6.665172049292165866e+03
6.414015590119614899e+03
6.065093978020564464e+03
5.785763833602977684e+03
6.422100833655846145e+03
5.993530111662543277e+03
6.133592655474747517e+03
6.077107702563301245e+03
6.228983653198060892e+03
5.620122593354203673e+03
5.414531065961558852e+03
4.859251316125554695e+03
3.928301548249844927e+03
3.564312583019509930e+03
2.690136564160718081e+03
2.198214273088899972e+03
1.685446204355450163e+03
1.128109954803704795e+03
-1.062140735776327727e+00
3.991052205451287023e+02
