2.697276780222720163e+02
2.938252523197311348e+02
-4.412086225807576625e+02
-6.493283921948068382e+02
-2.395346842791497721e+01
5.509375528614785935e+02
6.670024537830020108e+02
1.662744177027792375e+03
2.473245191752195751e+03
3.357105186969612987e+03
4.264843399343089914e+03
4.421016146954458236e+03
4.548460055263962204e+03
5.356709984098908535e+03
5.971717368109805648e+03
5.436288857674392602e+03
5.616091771709423483e+03
5.734978398466707404e+03
5.921293722062137022e+03
5.934391411834480095e+03
5.633979124523109022e+03
5.680333546396613201e+03
5.914024244717696092e+03
5.836764048654303224e+03
6.103955806391691112e+03
5.899293223040464909e+03
5.722921210149364924e+03
5.841896362014705119e+03
6.029249302162997083e+03
5.897128780587406254e+03
5.644291090175557656e+03
5.672510069711041069e+03
5.667693169111781572e+03
5.440477996175537555e+03
5.537173415437182484e+03
5.756638654439997481e+03
5.659016288817243549e+03
4.881344504674796553e+03
4.861620256611129662e+03
4.433913463009430416e+03
3.620197624606274985e+03
2.889997593190885254e+03
2.592382248332015479e+03
1.169063176762053899e+03
6.449314110650802832e+02
1.514726802952457945e+02
1.845198390803870439e+02
4.533846230312893795e+02
