6.561959949837137174e+03
6.791384272601334487e+03
7.243450133303337680e+03
6.843245085696275055e+03
7.017403068813952814e+03
6.494791975827719398e+03
5.459532690246469429e+03
4.915853531783947801e+03
3.919311973009318081e+03
3.359541776120136092e+03
2.648933528747406854e+03
1.681870699380862334e+03
1.099609746917014490e+03
8.177172812022182598e+02
4.226289861776813268e+02
4.707030050694853571e+02
1.715651669654128284e+02
4.761207525340746542e+02
4.161923410567991937e+02
2.418844242940928950e+02
-4.824596613376073861e+01
4.102341134797003974e+02
1.393632822625898768e+02
-1.095669344323760441e+02
-6.845105111877036563e+01
2.631996387551642869e+01
7.363153824457990027e+01
3.268868876068638656e+02
4.826166527205663783e+02
1.728123378548889661e+02
-2.250800588309969612e+02
4.384564390470503668e+02
1.401207859952770889e+02
1.388727503467894451e+02
4.008803688609152687e+02
7.237929710875025648e+02
9.696440518578610863e+02
8.013738115060590417e+02
1.565724856935495382e+03
2.357045158120687574e+03
2.785931248976658026e+03
3.250517328795625417e+03
3.840679548189584239e+03
4.909577244031999726e+03
6.040021971182110065e+03
6.639260138797116269e+03
6.844965532851308126e+03
6.796406495486557105e+03
