7.304110659447983380e+03
8.180017749023261786e+03
8.626818189866471585e+03
7.528617323830691021e+03
7.118189980426966031e+03
6.171494461039363159e+03
6.242604509541195512e+03
4.796664192004021061e+03
4.896482026237126775e+03
2.711361564331077261e+03
2.628323534611188734e+03
1.723667516268429154e+03
1.266836555213545580e+03
1.338731964145507163e+03
6.055852064788248299e+02
6.856467361470535025e+02
7.550031073576632252e+02
6.200679534457065074e+02
3.305953816757843811e+02
8.530776842240284168e+02
5.882210903956460015e+02
5.071195900813497701e+02
4.029318676262637382e+02
1.941603214748222683e+02
3.665015326098447446e+01
-5.166307614769859669e+01
1.077660929102813867e+02
9.903253868156087947e+01
3.514345071211813121e+01
7.564862224284300964e+02
1.505749445291974666e+02
3.348004393093434032e+02
1.921495271734357413e+00
7.367492240290472409e+02
5.713113138678180576e+02
4.239892826828994430e+02
1.203273988823138779e+03
8.320564905913622624e+02
1.428190549809474533e+03
2.133050602804096343e+03
3.233303748283834921e+03
3.775410328255542026e+03
3.706213909634981974e+03
4.684463519449972409e+03
5.973842423975308520e+03
6.353916771798685659e+03
7.589650669788152300e+03
7.143302448670663580e+03
