6.079246334171190256e+02
-1.388313499569723497e+01
-6.391041250150545920e+02
-1.427498506250354637e+02
4.053298201920365784e+01
1.472794951994680162e+02
1.055158454916797609e+03
2.297764718843444371e+03
2.785026794376955422e+03
3.517864234186278281e+03
4.523510464407383552e+03
4.745779291342664692e+03
5.146713392484526594e+03
5.615046731076461583e+03
5.861243110575172068e+03
5.890385406750522634e+03
6.265824345512058244e+03
5.626005363936679714e+03
6.174491003520449340e+03
6.216897123333827949e+03
5.737339190291540945e+03
5.874215265689218541e+03
5.784835829207876486e+03
6.212513682405670806e+03
6.009626964511228834e+03
6.088747678211984748e+03
6.317535709172125280e+03
6.089471506124235930e+03
6.372127229010322480e+03
6.298980156966712457e+03
5.909737615190809265e+03
5.767639016421943779e+03
6.279267649807701673e+03
6.022124101965910995e+03
5.769021350141984840e+03
6.032324337953555187e+03
5.544529047761104266e+03
5.511773669480067838e+03
5.001589835719699295e+03
4.729626807964935324e+03
4.104234650154343399e+03
3.396440861844594565e+03
2.614126549500161673e+03
1.760568137107642315e+03
6.638353998601144212e+02
6.609585141562591843e+02
6.596203874628967867e+01
2.141047232624725041e+02
