7.427262634916122806e+03
6.912292899730110548e+03
1.074098655857652921e+04
8.054690864438091012e+03
7.935017976450533752e+03
7.594151091943689607e+03
5.824258462695658636e+03
5.353815875604796929e+03
4.075982175838330477e+03
3.235593912884476140e+03
3.035716234196044297e+03
2.028105339721036671e+03
2.277511978738936705e+03
7.511261266920946582e+02
1.019485122666767438e+03
6.490061290617861687e+02
4.659188032336523975e+02
3.376972485088809321e+02
4.868255535129114264e+02
7.561247553708610667e+02
2.340456865082345814e+02
2.472723695667655193e+02
2.073733390897521645e+02
2.594254661482090683e+02
-6.691659355368763329e+01
2.116219907141634167e+02
2.284956640465791367e+01
-2.029850390219417875e+02
-1.095354611615230311e+02
1.822064523727680125e+02
4.879721708549213872e+02
4.495658813908951856e+02
4.145246994678975057e+02
5.984189372997295777e+02
7.148288345066934824e+01
8.526596532634795267e+02
8.718103675590995181e+02
1.225859812252158690e+03
1.748126247034648486e+03
2.282515086000431893e+03
3.392996988458259239e+03
3.655911608092813367e+03
4.539581204722820985e+03
5.529299162687451826e+03
5.747986298343158523e+03
8.076027022277785363e+03
6.294511376363171621e+03
7.509668441548376904e+03
