6.785133779173025687e+03
7.029741964376860778e+03
7.213973545322817699e+03
6.894694874614860055e+03
6.857654326335974474e+03
6.068554737264180403e+03
5.761595055759547904e+03
4.650634041414800777e+03
4.046618300748672027e+03
3.179573802471386443e+03
2.209388166323779387e+03
1.313827413459089257e+03
1.245263737694106794e+03
8.439275205567288367e+02
7.463638154478605884e+02
5.583840754583843591e+02
1.938057292666538274e+02
5.060730103531194004e+02
3.340761892785708937e+02
3.012965433241101891e+02
2.130561034904992539e+02
9.244534302570119166e+01
5.075654237644138220e+02
-2.675698618331365992e+02
-1.095110840966199959e+02
-2.394546172263640642e+02
-1.466788374378243631e+01
8.573281079187520248e+00
3.126749852434198829e+01
-1.061839999519740587e+02
-3.253723617650668132e+01
4.501488709446999792e+02
3.274867638529501050e+02
-7.793906561233180241e+01
4.993630126702726102e+02
3.354801903391202700e+02
8.909192550307011516e+02
1.029281895568204618e+03
1.120191471479031406e+03
1.825165602237093481e+03
2.488989478498474000e+03
3.844941844008808403e+03
4.310583645170309865e+03
5.244155932868813579e+03
5.435606948968402321e+03
5.996840338859720760e+03
6.903706915538245084e+03
6.438876740015851283e+03
