8.210063861485657981e+03
7.534022455770616943e+03
7.904075832962403183e+03
7.770079323300900796e+03
7.028855797454189087e+03
6.180295319042558731e+03
6.874139472718187790e+03
4.481408405828744435e+03
4.242347516336905755e+03
4.178797799257720726e+03
2.198625228218270422e+03
1.760786834179487869e+03
1.660144313836437505e+03
1.237346137661124430e+03
9.459681694550218936e+02
7.793769192513807411e+02
6.965505932934543125e+02
3.503947690168674853e+02
6.131770542643324688e+02
5.953959321197828558e+01
2.032390712481972628e+02
2.424284871698793324e+02
1.987789109333849353e+02
2.963804355644580113e+00
-2.830460772266906844e+00
-1.562131081521623628e+02
-4.012263942857568111e+01
2.632596585381401724e+02
3.777066001816924654e+02
3.419198954453999022e+02
4.067345556584201631e+02
2.696541670203186527e+02
1.392992841183778125e+02
4.122352809783060366e+02
2.476832009682805733e+02
3.028974046228956922e+02
9.066571301956283833e+02
7.111337065526732886e+02
1.331144416519497781e+03
1.982620685967626969e+03
2.628732413197692949e+03
3.866787692275830068e+03
4.472338486630483203e+03
4.990916085522101639e+03
5.291750024577424483e+03
6.062944785145838978e+03
6.616818783907556281e+03
6.441647592259998419e+03
