6.110427363530212460e+03
6.696285598339120043e+03
6.647514428488659178e+03
6.668289109269428081e+03
6.720238054121809910e+03
6.058002012800089688e+03
5.207975816024076266e+03
4.647068535907656042e+03
3.699113745214739993e+03
2.420405820702525489e+03
2.169708729838062027e+03
1.471529160947518221e+03
1.075708375580730262e+03
6.609493382479057573e+02
4.477568527803521192e+02
1.147264121147634341e+02
5.897403145894253385e+02
2.241476164986623871e+02
6.035973274539549038e+02
1.096540303202015423e+02
2.435967432053276838e+01
-2.539883631596353997e+00
1.139517690152995044e+02
-7.036897770005785091e+00
3.354312975181082379e+02
-2.373735895033126297e+01
1.265090376195634576e+02
-3.611160766363784091e+02
-3.405296432900602781e+02
-2.122229277609809728e+01
2.794089320811572179e+02
2.068417730217933865e+02
3.583180313908761150e+02
4.294812236991860459e+02
6.329567814494156437e+02
5.536364942696669686e+02
6.547342156851156005e+02
7.811375219826984448e+02
1.276168388451735836e+03
2.030910150766401330e+03
2.577265211558569717e+03
3.243123287588969106e+03
4.229351871669725369e+03
4.774103698719786735e+03
5.786151263555925652e+03
5.765689570916985758e+03
6.452531550542104924e+03
6.211901496874204895e+03
