6.727318514767718625e+03
8.757641361258158213e+03
7.977169128651323263e+03
7.393355680707212741e+03
7.321309244294424388e+03
7.454236852330043803e+03
6.436963572695764924e+03
6.428820910807764449e+03
5.200895276964349250e+03
3.319875576076103698e+03
3.370950290577093256e+03
1.693079920708211375e+03
1.482570288866470491e+03
1.627212694452402502e+03
1.270264580527537873e+03
5.609116068941126514e+02
7.458299510261073237e+02
1.431340745219434609e+02
3.019241576512396250e+02
5.732228496281214802e+02
9.519638405880688481e+01
-3.609199697005751659e+02
-6.885886304790345491e+01
1.042346718703768573e+02
1.714750569877211461e+01
-5.703262956620620798e+02
-2.009945728176589341e+02
9.920523987682976497e+01
-9.182169140500698745e+01
5.269051081795967093e+02
2.612662452576668102e+02
7.306779675640957521e+02
3.478341539707744232e+02
3.295072223909762670e+02
2.295295386186958524e+02
5.144669183271805650e+02
7.160743111435934907e+02
9.870934628226426639e+02
1.263329599724295576e+03
2.118587687614223341e+03
2.605367890437871665e+03
4.054932941047401073e+03
5.007100105290674946e+03
4.967479907353151248e+03
6.752868231035935423e+03
7.915528608854764570e+03
7.411850625686371131e+03
1.060934581941215038e+04
