7.940840163313711855e+03
7.052067741160762125e+03
7.592021051087258456e+03
7.793769142243963870e+03
7.069921027670652620e+03
6.768969642332219337e+03
5.969350309817320522e+03
4.720880580474072303e+03
3.957871626324470526e+03
3.280570580762712780e+03
2.699395605700479791e+03
1.529200035467599491e+03
1.162130093470633255e+03
1.047605814874451880e+03
8.237459379710884377e+02
9.315703446855077345e+02
3.203612682975447115e+02
2.108860348841552366e+02
3.570006341270459984e+02
2.673736031245902041e+02
4.173117326453299825e+02
2.818014699054805305e+02
-1.826863467233093559e+02
-2.758806844649222398e+02
2.580328754453726958e+01
1.037744105904480918e+01
1.497720832892754856e+02
-8.561021213073379954e+01
3.139197107901562163e+02
5.716727132219163821e+01
2.105258422324450009e+02
4.437008606696404200e+01
3.378462579652655222e+02
7.450479844065652060e+02
5.594423439685457424e+02
2.199429609611524938e+02
3.161584495582417276e+02
7.815210268504598616e+02
1.207360758837327694e+03
1.963062212260625074e+03
2.393501617780139441e+03
3.245345858581563789e+03
3.986543637180817313e+03
4.974822221795353471e+03
6.065023388744381919e+03
6.697223560633885427e+03
7.260055138404924946e+03
6.745190445510207610e+03
