2.789806381522374181e+02
-1.459742033722805274e+02
-2.586983283826050979e+02
-1.619698525086847667e+02
1.687541010666120656e+01
2.707863360046728758e+02
9.718466522858185499e+02
1.714389036352271205e+03
2.570298907356459495e+03
3.222098221544140870e+03
4.134241460722248121e+03
4.926510980934539475e+03
5.142540610772314722e+03
5.353709565434092838e+03
5.842626665043306275e+03
5.832427632704239841e+03
5.918809870347547985e+03
5.728860471015957046e+03
5.748734855557309857e+03
5.970810071943917137e+03
5.676367302079573165e+03
5.959877392538265667e+03
5.988548370265433732e+03
6.593539930567370902e+03
6.091919309711013739e+03
6.229984490537016427e+03
6.302399431309029751e+03
6.104878416773600293e+03
6.151000244875389399e+03
5.881951510612381753e+03
6.066100379769479332e+03
5.684948269060073471e+03
5.952023149198593273e+03
5.801284658818445678e+03
6.242260442945444083e+03
6.098602496177712965e+03
5.941517504596588878e+03
5.394045735497620626e+03
4.851573488747643751e+03
4.586175791863452105e+03
3.961623759559241535e+03
3.495586489155986328e+03
2.599927035776845514e+03
1.835141975223468762e+03
1.454240369303958232e+03
9.442568587381288125e+02
6.269636412059591066e+02
4.373418672836930909e+02
