6.776798394187620033e+03
7.329658381006950549e+03
8.018424151727991557e+03
7.130605104594012118e+03
7.166488777535092595e+03
6.351338607690887329e+03
5.877709537791282855e+03
5.355027700461965651e+03
4.284652256485208454e+03
3.244906609900624062e+03
2.541512955655583937e+03
1.569575691775908581e+03
1.207266736171970933e+03
8.642646566241118080e+02
4.152912385042885717e+02
1.524317637031675474e+02
4.423519445098477263e+02
3.853494800941916196e+02
2.894845663318818652e+02
3.847304644987395932e+02
3.393129134360370358e+02
3.373045619370611803e+02
3.100743148991990097e+02
-3.747170148355279480e+02
5.357251674909297208e+02
-1.381310758139282484e+02
-3.110242433519344445e+02
1.689257788570313039e+02
1.671147593920393319e+02
1.980996445510729700e+02
2.709091932780683578e+02
2.718051813949237498e+02
6.066724085283784689e+02
2.593849004800819671e+02
5.373579409813677330e+02
6.402518310564856847e+02
8.362406186194123165e+02
9.873202977769365134e+02
1.134385279800296985e+03
1.867609009626318539e+03
2.312313284506693890e+03
3.612946397878546122e+03
4.333320224384915491e+03
5.040185719832998984e+03
5.793228022957233406e+03
6.662762379275534840e+03
6.631079881075662342e+03
6.392284233994182614e+03
