2.461622142898100094e+02
3.122274226495491689e+02
-1.966347188168903131e+02
-1.819599340346576639e+02
-2.655275493316852362e+02
8.573256524387758759e+01
1.114662761077368714e+03
1.742364316603083125e+03
3.014003840899559691e+03
3.559004225321543345e+03
4.177926099707009598e+03
4.984882351020515671e+03
5.171307416406166340e+03
5.599327544729651891e+03
5.801012833287398280e+03
6.065754260087293915e+03
5.466153481192400250e+03
5.506555239956930563e+03
6.281152012301358809e+03
6.130586769613294564e+03
6.211699850843914646e+03
6.072474244917531905e+03
6.606569589033489137e+03
6.533481151739482812e+03
6.448310650972303847e+03
6.202263382264041866e+03
6.320280734765422494e+03
6.025207206856262019e+03
6.461131035394342689e+03
5.761831326760168849e+03
6.088759238495145837e+03
5.952482514667178293e+03
6.007730046728966045e+03
5.926967600595505246e+03
5.857954605213769355e+03
5.745405011817505510e+03
5.845622258911817880e+03
5.697145920312729686e+03
5.275587596177762862e+03
4.494375776223939283e+03
3.933432581233026212e+03
3.114753882933794102e+03
2.506457333856120385e+03
1.465986136898909308e+03
1.017787932618161562e+03
8.227928573458773371e+02
2.487864980634438723e+02
-1.428640369727840778e+02
