6.292299215120929148e+02
-1.637516987332858207e+02
-7.448502341137467511e+02
-1.270898145373478911e+02
-2.421650933018877438e+01
4.306783352024787632e+02
1.192042597203718515e+03
1.908332533908912183e+03
2.978534954355024638e+03
3.677994966397929147e+03
4.613155399506482354e+03
4.591305391626449818e+03
5.321676818594948600e+03
5.625295903362097306e+03
5.873472958889732581e+03
6.116280475063044832e+03
6.097976522108593599e+03
6.030559608243506773e+03
6.019287440994927238e+03
6.076376031413447890e+03
6.142043343799783543e+03
6.298223935140189496e+03
6.590000172305293745e+03
6.139213238236693542e+03
6.579290237150344183e+03
6.385144220531144128e+03
6.387102905837501567e+03
6.213292663919486586e+03
5.926160500321325344e+03
6.271152730840884942e+03
5.812774245281282674e+03
6.450142169239899886e+03
6.418588124290083215e+03
5.596703604569124764e+03
5.943976900830998602e+03
6.196051613939752315e+03
6.053874898509213381e+03
5.724174270118162895e+03
4.975118402074482219e+03
5.036131797662177632e+03
4.004645853910173628e+03
3.149624883306863012e+03
2.653038126197888232e+03
1.435635588012178005e+03
8.133463463999079295e+02
4.094432247431004726e+02
-2.842753670758399949e+02
-2.295989121292791708e+02
