5.399302596973374193e+02
-2.692402227621163320e+02
-3.606518512725858727e+02
-1.992710543849253497e+02
1.559962166863421942e+02
1.332366520359443314e+02
1.003970788929222977e+03
2.234544404649909211e+03
2.607603552646369735e+03
3.866495726884785654e+03
4.242571001749185598e+03
4.811701201537360248e+03
5.158068156919666762e+03
5.389399761136517554e+03
6.063051927822301877e+03
5.706774553746837228e+03
6.257614221796410675e+03
5.724882965090439939e+03
5.914884972237469810e+03
5.987627501059830138e+03
5.911779987777446877e+03
5.856127370186764892e+03
6.111626659858835410e+03
6.111691807469165724e+03
6.189438650946035523e+03
5.887963265995673282e+03
5.941749759165155410e+03
6.241216341965927313e+03
6.269737746620763573e+03
6.329345962169966697e+03
5.894982038721474055e+03
5.455113014458105681e+03
6.097758791239777565e+03
5.806941350121962387e+03
6.249471696462505861e+03
5.778597314498811102e+03
5.404880150139729267e+03
5.586687038615739766e+03
4.734782176953634917e+03
4.411172370249828418e+03
4.033235723754972696e+03
2.829255765665642684e+03
2.229441462065844917e+03
1.822048678152642424e+03
1.268838447889650752e+03
4.829071534816877147e+02
5.160179875856508716e+02
3.750664032847766975e+02
