7.440053055448222949e+03
7.690350988038071591e+03
7.690580344034798145e+03
8.452399013170150283e+03
7.682597150846051591e+03
6.626520503626994469e+03
5.858430619038616896e+03
4.233790047099016192e+03
3.614722120092377281e+03
3.273632362513767021e+03
2.456627422383808153e+03
1.890253037775646590e+03
1.309412244404157718e+03
7.563427125957896351e+02
3.491791985770975657e+02
9.597506625050715456e+02
4.207018609718818993e+02
1.374127106227183219e+02
3.952542550996146815e+02
5.996634368265506509e+02
-6.057381225831174021e+01
-2.432711282091935914e+02
-2.639179562176008176e+01
6.527295945465159832e+01
-1.270501606308662019e+02
3.739908096900652481e+02
1.294100568104459228e+02
-9.661794144989323740e+01
-9.588696881168866426e+00
3.262358519990040691e+02
5.609349659954092004e+01
1.770665564793168301e+02
1.975883797579419934e+02
1.417274597610119145e+02
7.858706727649893082e+02
5.414201660794549298e+02
1.261329186897511818e+03
1.017306057278410776e+03
1.224215857488230313e+03
2.681511283180164355e+03
3.004636115787201561e+03
3.717286575083681328e+03
4.990438185192589117e+03
5.272712743265282370e+03
5.588119377227821133e+03
6.573969970744174134e+03
7.644776517754036831e+03
6.772674555607301954e+03
