6.182208460094872862e+03
6.966581745053249506e+03
7.286658991598889770e+03
6.997636152134359691e+03
6.486768842351834792e+03
6.411302773133095798e+03
5.672773085147525308e+03
4.837970822126962048e+03
3.881353154042621100e+03
3.066389784755770506e+03
2.117220421838349466e+03
1.711432350639320020e+03
1.189642622830086111e+03
3.479871757502745595e+02
4.269058013723392264e+02
4.036986711214539696e+02
1.066062155196124337e+02
3.836313507148302619e+02
8.433743714617511387e+02
2.980279901150836963e+02
2.020918921576856633e+02
3.094604836560221202e+02
-2.368458635540617863e+01
1.253915877594762662e+02
1.231840184737579307e+02
-1.432711867753973820e+02
3.065448704511048561e+01
1.059456181773814052e+02
2.930290788042979102e+02
1.867002363134402287e+02
-3.761539320653707819e+01
9.431955515944393653e+01
3.110746192543420534e+02
2.572459794103863828e+02
1.917321598298733818e+02
5.087271742028870563e+02
5.145560673562806642e+02
5.521631718548106846e+02
1.565279345364209576e+03
1.472541423503351098e+03
2.521620484680173831e+03
3.268432307476811729e+03
4.176985013493886072e+03
4.895923448305792590e+03
5.755875787639315604e+03
5.889775448132970268e+03
6.456699932100932529e+03
6.495293445226438052e+03
