7.617874095425927408e+03
7.830985420301751219e+03
6.775893391430939118e+03
8.141139112009704149e+03
8.936586417428468849e+03
7.291910578335049649e+03
6.136761878633932611e+03
6.148530470912693090e+03
4.372435881341479217e+03
3.453892203581484409e+03
2.590922991138597354e+03
2.127186063891631420e+03
1.156628736402207096e+03
5.038211766254906365e+02
8.365584434693670346e+02
6.419858575908209559e+02
5.361821674114833058e+02
9.591459310872623973e+02
2.856317393026257037e+02
8.781014390564769201e+01
5.011355084289569959e+02
9.103449100182017162e+01
2.041777810338602990e+02
-9.237068360541006484e+01
3.269116908108761095e+02
-2.489516193322531592e+02
2.278620493802945930e+02
1.166208921442227080e+02
4.758443911681562213e+02
7.261730660892135347e+02
8.079211086230905892e+00
-6.876511159550253183e+01
3.412271604944008914e+02
5.177064137546645952e+02
5.702774637751532509e+02
5.407309096637702623e+02
2.915038889384337040e+02
8.605953574789153890e+02
1.575018852066851423e+03
1.949791945595784455e+03
2.365611093591241115e+03
4.262701815445005195e+03
4.319897234662676055e+03
4.696269278998185655e+03
6.731950096958145878e+03
6.634622298370281896e+03
7.220336094952236635e+03
6.837436961408583556e+03
