6.475551701378476537e+03
6.685457816114791058e+03
7.229067322446251637e+03
7.305432812038163320e+03
6.515652410025551035e+03
6.406525874839404423e+03
5.530327061025378498e+03
4.232321520685763971e+03
3.906215557574885224e+03
2.800847615559704991e+03
2.333260931088972029e+03
1.744572854330742075e+03
1.155859684951275540e+03
9.488878293327223901e+02
7.890132197644850294e+02
5.406970253995078792e+02
1.872104953256848603e+02
3.852690880777151392e+02
-6.906005402464893450e+01
2.379686319896495093e+02
1.915990059593475223e+02
6.620209201374571251e+01
2.672207409688460302e+02
7.569918763609111068e+01
1.414568187361968512e+02
2.289253655308556290e+02
2.246156904637314611e+01
2.580668576859565633e+02
1.733920447375282663e+02
2.935339452408071566e+02
6.358512314941413024e+01
4.353577682850702786e+02
1.283866034601304875e+02
7.570367538818059074e+02
-4.577867536990677166e+01
4.763209202480935573e+02
5.710219478289841391e+02
1.219875133025991772e+03
1.477842795509860252e+03
1.707630737710150697e+03
2.595671754129178225e+03
3.156257345128902216e+03
4.027046143133953592e+03
4.626968473752707723e+03
5.016182810595935734e+03
6.099582626336011344e+03
6.732745468333288045e+03
6.551979206254259225e+03
