7.673479409214323823e+03
7.228765351400418695e+03
7.460585879543072224e+03
7.664904323536022275e+03
6.724494883253425542e+03
6.795621562754257866e+03
5.978532320413975867e+03
5.370828072194715787e+03
3.770833980304796569e+03
3.301292529571362593e+03
2.153539608448926174e+03
1.804088567193440213e+03
1.480896822463267426e+03
9.039894090066574108e+02
5.583305743766456999e+02
7.979029110310611941e+02
5.946941575776486388e+02
3.477693055689161952e+02
4.953498120863319514e+02
4.654796359314007645e+02
2.482125064478319416e+02
3.510750076954013821e+02
2.866437308359099490e+01
6.845594283797197477e+01
9.328648943707248975e+01
-2.992634484673683914e+01
-6.909140521015129366e+01
3.133564225966910612e+02
2.785164799243444023e+01
-1.244569489915933644e+02
2.652949300905633550e+02
3.972218697279690502e+01
-1.820699699115391823e+01
4.965694001829957074e+02
8.365025404562566109e+02
4.466975107224441217e+02
8.972090053145651609e+02
1.340944153445567053e+03
1.151335699911974871e+03
1.913477549817517911e+03
2.602365694548256670e+03
3.381098575626824640e+03
4.280193255935665547e+03
5.584983744733811363e+03
5.859768917745308499e+03
6.212603932963025727e+03
6.106142342248253044e+03
6.555709689597724719e+03
