6.967696902361109096e+03
7.896056149944040044e+03
7.663171186541497264e+03
7.795210201828995196e+03
8.329531898732411719e+03
5.966338961781475518e+03
5.585143338738312195e+03
5.563904041012021480e+03
4.785083556245428554e+03
2.842379871277753409e+03
1.947329543563228299e+03
1.662498793842678197e+03
1.582040017452386337e+03
7.593631723464127390e+02
9.928727640365087836e+02
8.819417073529240270e+02
8.760070801592332828e+02
5.463836972169720241e+01
3.671724134108475823e+01
1.263525555038092421e+02
9.132127278966147799e+01
3.987184010080806047e+02
1.206680834006777303e+02
3.279707444135827359e+02
3.345649061560724249e+02
1.965831251867276706e+02
-1.220176467138792304e+02
3.975741322956406520e+02
-1.174979718089868470e+02
1.636814445895379606e+02
1.940288465223030983e+02
3.323322737744430242e+02
3.468832783799015829e+02
3.967210821704096020e+02
5.059235764415192875e+02
6.583905561581669872e+02
3.706300299684352808e+02
1.199111795901727191e+03
1.646226915576603915e+03
1.899757141140151589e+03
3.093091704965802364e+03
3.244717099109179799e+03
4.330568448713451289e+03
4.979209197957209653e+03
7.564111138528600350e+03
7.511377167116063902e+03
6.543906719806670480e+03
7.403472377142861660e+03
