6.439875392986023144e+03
7.137193064031455833e+03
7.308837247502107857e+03
7.258742259150637437e+03
6.833154016479575148e+03
6.232887737186971208e+03
6.218532725701358686e+03
5.057810931892600820e+03
4.057562444556701848e+03
2.995800317103094585e+03
2.231291245502921356e+03
1.775596974870670920e+03
7.602568042969278395e+02
6.098800082574456383e+02
9.994373040481721091e+02
7.606464681930929146e+02
5.408379315443050928e+02
2.553067398040643070e+02
4.781658481558997664e+02
5.233009298748248739e+02
6.932165763970353964e+02
4.175116790576489620e+02
7.698430779829129733e+01
-5.134628891492002367e+01
1.665793016197984286e+02
1.296877775407130855e+02
-2.755414451648015302e+02
-1.237386902405572897e+02
3.065960669337576405e+02
6.360314675565082609e+01
2.730222911872079976e+02
2.154395218617937928e+02
-1.182190054703379758e+02
3.423876731686036692e+02
3.832369842451585100e+02
1.669492193310134951e+02
9.064498303617073134e+02
1.338622983292745403e+03
1.497142474718639960e+03
1.646805038089641357e+03
2.525080783254456037e+03
3.773451898222236650e+03
4.272098300485465188e+03
5.343418502532362254e+03
5.400883667663013512e+03
5.893752264560624099e+03
6.278152520416055268e+03
7.338809126622156327e+03
