5.854298577589798924e+02
-3.664397627868627296e+02
-1.848625067516056575e+01
2.310686504741871516e+01
-4.871144597508799734e+02
2.635037504065012968e+02
1.151797734732873323e+03
1.727376516451314956e+03
2.103339573949799160e+03
3.174934994562565862e+03
3.892814147216624406e+03
4.033994037374216077e+03
4.989437961698315121e+03
5.310049706570745911e+03
5.188839407989940810e+03
5.310414989715940465e+03
5.620939376067079138e+03
5.574030742084479243e+03
5.442501461562799705e+03
5.577131672411582258e+03
5.930423047071433757e+03
5.691695650612614372e+03
5.723860354502334303e+03
6.119789231891646523e+03
5.953756272648873164e+03
5.594799954711555984e+03
5.790630129641365784e+03
5.740120065867157791e+03
5.837506114337083091e+03
5.552593406211426554e+03
5.728942453667626069e+03
5.719632813244732461e+03
5.626739563781563447e+03
5.415915928669621280e+03
5.617572935123953357e+03
5.335344062406225021e+03
5.396869101809616950e+03
5.187973504474007314e+03
4.553940286815755826e+03
4.138624373914052740e+03
3.719904988924338795e+03
2.790358940588071164e+03
2.097416903123474185e+03
1.395654777615587591e+03
3.200755030458243482e+02
-1.037670294264581550e+01
-7.782078299350816053e+01
1.160111267077306536e+02
