6.928059634852797899e+03
7.068939655014636628e+03
7.854353550673889004e+03
6.812312376171312280e+03
7.991992604228888922e+03
7.311349554688656099e+03
6.496299537414385668e+03
4.419248243028843717e+03
3.737723878381512350e+03
2.887897366346575382e+03
3.066563357176454701e+03
1.771270591468315160e+03
1.491148686303216891e+03
1.327696326220468563e+03
9.184187040893776839e+02
4.598959196757480186e+02
4.329656576759428503e+02
6.705527162174902287e+02
2.279941583111264549e+02
3.395503235479151272e+02
3.732673648449277266e+02
9.916130795426292366e+01
-4.415278920615417064e+02
3.195627275585484881e+02
2.251051704490043335e+02
-4.688341801252386887e+01
8.286685215375062796e+01
4.191911237067649267e+02
-1.907370960392980521e+02
3.282001059089521959e+02
6.045137225058197146e+02
6.030713569926437003e+02
2.963472130154704587e+02
4.813249546480533354e+02
2.375291913057382089e+02
7.674323787785369859e+02
5.856863771070730991e+02
1.345352818309292843e+03
1.322076123667045749e+03
2.015038013362417360e+03
2.370488493840597584e+03
3.727049695907309342e+03
4.826116940803671241e+03
5.195158624468880589e+03
5.634236380186343922e+03
6.352218495520950455e+03
5.985457581133076928e+03
7.667739203010933124e+03
