7.347943138623269988e+03
7.130770169490642729e+03
7.502438090004834521e+03
7.867671603500870333e+03
6.913891067242743702e+03
6.191781142335659752e+03
5.794890328008261349e+03
4.867496870124880843e+03
3.570242588473847718e+03
3.108810283976046776e+03
2.230776552774166248e+03
1.821832285855416785e+03
1.037401987598757387e+03
4.990776384147200133e+02
7.694106493848757964e+02
2.724595894862102909e+02
4.188069131912320699e+02
4.056638214231505799e+02
2.602484353750999730e+02
5.054553695518528684e+02
2.943104287863988588e+02
1.195741311192830381e+02
-1.611886954278197663e+02
-3.615393829016078371e+02
4.946337628841422362e-01
3.155515553130574702e+01
-1.154201121926770242e+02
-3.416534679965680255e+01
2.750026857208558795e+02
2.540214833933089551e+02
9.750127650809365321e+01
3.306045891820036218e+02
4.371188982847733087e+02
3.757691700315502317e+02
5.939658724394306546e+02
9.183165522152557969e+02
6.681170368123633807e+01
1.052828967439362032e+03
1.411968117244223322e+03
1.733717549412283233e+03
2.630151381526757632e+03
2.996659056890965985e+03
3.687975735470020027e+03
5.168647738389222468e+03
5.346177789480565480e+03
6.265115592591509994e+03
6.876784580481908051e+03
6.281075371021374849e+03
