7.238658084549806517e+03
7.020737941668290659e+03
9.032582713374624291e+03
7.190451940112896409e+03
6.580908430591656725e+03
7.950657414444135611e+03
6.218064141829403525e+03
5.289055954452372134e+03
5.005896813262915202e+03
3.514644207463016755e+03
2.201576826377090129e+03
1.564856574565081473e+03
9.865883819312957712e+02
8.507748018955055613e+02
1.021912507603516701e+03
7.006281954259919758e+02
5.038888119728634365e+02
4.165178814365081621e+02
5.896754417054731903e+02
2.754805552818249339e+02
3.054582516542399730e+02
-7.896039062020888366e+01
1.414821985553359411e+02
6.126230831154507506e+00
-2.803329354745921478e+02
2.274647179614616164e+02
1.908020116027667967e+01
2.422101914546876742e+02
-1.233609929266177829e+02
4.983785636695086509e+02
2.476249823753779253e+02
4.926797304260836086e+02
5.501264564166299351e+02
1.065769091286790200e+02
7.706032991308236433e+02
9.997519807081223462e+02
8.888858057490729152e+02
8.970489694707571289e+02
1.326919713579640074e+03
1.928015605092158012e+03
3.035779707646499901e+03
3.063798666700367903e+03
4.909313182354820128e+03
6.158483731622250161e+03
6.107042210313369651e+03
7.634185718324298250e+03
7.150652460380613775e+03
7.530584477168687044e+03
