4.666589846555486929e+02
-3.446179778058381089e+02
1.191343969335160864e+02
-2.948945737583036930e+02
-5.685367149511415619e+02
6.222558849262245531e+02
1.194376133668932653e+03
2.152429987885921037e+03
2.762063335268523133e+03
3.753864267556959476e+03
4.385667007424438452e+03
4.868282155798175154e+03
5.812543981620596242e+03
5.501010149626875318e+03
5.629055808527343288e+03
6.154370610876223509e+03
6.024377532914842959e+03
6.205067540994952651e+03
6.130677233569592318e+03
5.947555082630580728e+03
6.159100996911195580e+03
6.120547089599553146e+03
6.464250322461613905e+03
6.465978049163847572e+03
6.214834042846203374e+03
6.029277792365698588e+03
6.093065888478326087e+03
6.283861153227451723e+03
6.451763921992254836e+03
6.253982808534186915e+03
6.527790014021820753e+03
6.217179162807058674e+03
6.148559062522032946e+03
6.105787410937909044e+03
6.083370717643371790e+03
5.546165430308381474e+03
5.518293705826051337e+03
5.587966309134007133e+03
5.321483182178290917e+03
4.924413108798407848e+03
4.168135342206496716e+03
3.631613913543877061e+03
2.287952767482303443e+03
2.179166089823281709e+03
1.182603048879928338e+03
5.726428932747760427e+02
4.044148894900353497e+01
-1.313803862503076800e+02
