3.971650378346969887e+02
-7.644923022212303749e+02
1.387560782689653252e+02
-5.163911590510575707e+02
-9.955062407952483738e+01
8.445129692481541497e+02
1.149573390096741150e+03
1.640132016525616109e+03
2.935045034628884423e+03
3.893092822253209306e+03
4.219733359661442591e+03
5.249986565057571170e+03
5.651357511731596787e+03
5.656651338814508563e+03
5.790761098245572612e+03
6.125638341274149752e+03
6.205110319049147620e+03
6.196583431499146172e+03
5.751273722854929474e+03
6.107345171287182893e+03
6.211455805295275240e+03
5.975806361469228250e+03
6.348063881994447911e+03
6.286716567768665300e+03
6.600520691516982879e+03
6.174510473521125277e+03
6.435776548976316008e+03
6.579087007071248991e+03
6.724524351678202038e+03
6.209720342205026100e+03
6.184189147086579396e+03
6.103197663049023504e+03
6.159869468782059812e+03
5.928078314207510630e+03
6.345067375048715803e+03
6.374733834505645063e+03
5.902075827156920241e+03
5.504857340853493952e+03
5.536850082520117212e+03
4.814464727970428612e+03
4.360488250338463331e+03
3.370020717212704767e+03
2.336510422327141441e+03
1.835458215423131833e+03
7.508080201960103750e+02
3.123275331846444942e+02
-1.257112501653733574e+02
-5.493131591448029667e+02
