7.394840727261765096e+03
7.625725510238889910e+03
8.500160908789886889e+03
8.678818325294947499e+03
8.109898239892700076e+03
6.964136461562673503e+03
6.266156729343601910e+03
5.647192164098320063e+03
3.772466283296573238e+03
3.225208956848179696e+03
2.271803954693315518e+03
1.724842781159859214e+03
9.622657398941606743e+02
1.102227887797053654e+03
1.211369266661436541e+03
9.918706885131379067e+02
3.642900579703529615e+02
2.809117510258879520e+02
1.009502211846255015e+01
2.140947578659268800e+02
2.271777411246530676e+02
4.282510405430977585e+02
2.172565331541577507e+02
6.335898151883319542e+02
-1.107142158880555485e+02
-2.748426884800146652e+01
-2.822067475582833822e+02
1.203961197359737980e+02
2.985472188259038262e+02
1.657781113416577057e+02
1.493189821362553289e+02
3.933182322109699385e+02
4.541313019624244589e+02
5.639640735491664145e+02
1.804965528368930165e+02
5.880180121158406337e+02
6.815664110353062597e+02
1.374027910332649981e+03
1.585778674768999736e+03
2.401051652715109412e+03
3.076218548179270783e+03
4.304340349025977957e+03
4.197842575204134846e+03
5.458460431992351005e+03
7.077987937440384485e+03
6.365175820939279220e+03
6.836163544739292774e+03
7.871668644736919305e+03
