6.548018912243810519e+03
7.710775396111856935e+03
7.775099230216674187e+03
7.346920388880784230e+03
7.473341204513814773e+03
7.145132118010413251e+03
6.570718584900394490e+03
6.141903488471489254e+03
4.347336460484922100e+03
3.299162754477802537e+03
3.149679312597374064e+03
1.917971144959787580e+03
9.600268034983640746e+02
1.359132917963783939e+03
9.806416754854918736e+02
4.179619172178054214e+02
8.591764228971365469e+01
5.051384360410356180e+02
1.147922516582586461e+01
6.265788052828933132e+02
1.284493779034309284e+02
-3.425745061417407555e+01
3.065176395126226794e+02
3.266307088950235737e+01
-6.596520271643328215e+01
-7.794833895097129073e+01
-1.636909354781390107e+02
-6.243414143713113162e+01
1.519267204590034339e+02
2.029329352177394696e+02
2.692099530284751907e+01
4.784819506604571870e+02
2.476390991009702418e+02
4.119482068529742378e+02
8.400082576134215060e+02
5.359583649691564915e+02
1.110974312650258753e+03
9.567179666953398964e+02
1.702618751043904012e+03
2.805779171781236528e+03
2.346680617426137360e+03
3.331871112587510197e+03
4.480735408121072396e+03
5.132850780984059384e+03
6.422742879757079209e+03
7.128925507621214820e+03
6.818001603399697160e+03
7.232502909172359068e+03
