6.614027455488328087e+03
6.604765621076831849e+03
7.814583083732520208e+03
6.960801822705668201e+03
7.074573578485179496e+03
6.167972029252568973e+03
5.513653268877828850e+03
4.678012832034019993e+03
4.039266635452943319e+03
2.915280933432111851e+03
2.073048414130927995e+03
1.937102596701116227e+03
8.143295420854608437e+02
9.695905623354763065e+02
6.725232847022358555e+02
6.235161250311398362e+02
1.144470693644519343e+02
7.644538174473630079e+02
3.982703056546133666e+02
5.284955119819908305e+02
3.180310075747368614e+02
1.109765503878537345e+02
3.497907481993311194e+02
-1.733273834087636089e+02
-3.269719455780603994e+02
3.129338811266831044e+02
-3.340523397291726724e+02
1.311945390113434371e+02
9.096516925126024944e+01
3.172717256431390638e+02
7.922202923470739222e+01
2.987267028039530032e+02
1.394427015744739151e+02
5.940718592676287244e+02
6.723157381966801722e+02
1.982783418722041517e+02
2.002778571914057579e+02
8.897547629975050540e+02
1.158854222173728431e+03
2.125480859176621834e+03
2.391257004190480529e+03
3.369809037033123786e+03
4.535778422971713553e+03
5.130865684463885373e+03
5.946092612967289824e+03
6.538484666722561087e+03
6.432314590158490319e+03
6.734347027612042439e+03
