-4.976392037908541255e+01
1.183534547845224409e+02
-2.841438649303746615e+02
2.764434072471286541e+01
-1.540819271892967777e+02
3.419919169895169375e+02
1.014514548025160821e+03
1.486322262819576963e+03
2.756840753093892545e+03
3.873138224456391981e+03
4.458627902312266997e+03
5.066678271849586963e+03
4.974609512464714498e+03
5.724628217284790480e+03
5.210809306060416930e+03
6.169906544350918921e+03
5.910682451933251286e+03
5.992213889013963126e+03
5.973071556264302671e+03
5.978432323270939378e+03
6.336541599988505368e+03
5.744442641895566339e+03
5.931974930660550854e+03
6.156159753185662339e+03
5.791114529695361853e+03
6.223488898116239397e+03
6.200817560117940047e+03
6.312408439012250710e+03
6.004125478673265206e+03
6.055596506744274848e+03
6.007351827724612122e+03
6.085556562767780633e+03
6.012560894103113242e+03
5.612715939693192922e+03
5.631424527003253388e+03
5.704265814078940821e+03
5.921331643939386595e+03
5.256698079760913970e+03
5.162030210690040803e+03
4.517969864259555834e+03
4.037264066364085011e+03
3.168417389139958232e+03
2.660860028172215152e+03
1.689050830178219258e+03
7.173128757588009421e+02
5.979996509084600120e+02
2.997654268702371496e+02
2.403359997119903255e+02
