7.657679078835952168e+03
7.220074483701339886e+03
7.659967753249215093e+03
7.530096715293429043e+03
8.184839086564661557e+03
6.168311254974645635e+03
6.256237271225982113e+03
5.860989370603438147e+03
3.714467136220793691e+03
2.737302965524282172e+03
2.348185059485374040e+03
1.797392462896890947e+03
1.327477938951775059e+03
1.193990083984212788e+03
5.797458988632706678e+02
7.270951166285893805e+02
6.079344998674368981e+02
6.626995830547416517e+02
8.631826047114248013e+02
3.927698873232083088e+02
5.375035553624931026e+02
2.158711553921504276e+02
6.976582396309959222e+01
-3.841696273641541097e+02
-1.183476388837254092e+02
2.667851348041660344e+02
1.809523583005642422e+02
4.620014963462645028e+02
7.972515532745957501e+01
3.994909220087163817e+02
2.408492567458610267e+01
3.978857953582319738e+02
2.949449902713953406e+02
4.241862250302194184e+02
2.351795874173222956e+02
5.578325287896572036e+02
1.241618112307510955e+03
7.620551806846756335e+02
1.102699764056838148e+03
2.341916207134839169e+03
3.353252477384000031e+03
3.727113753299972359e+03
4.424750331140035087e+03
5.284036474899155110e+03
6.261360417650837007e+03
6.318182237714215262e+03
7.724000536620596904e+03
7.921642129754816779e+03
