3.221752183220186225e+02
5.191490099291708127e+00
-3.710789362120457895e+02
-3.529120930664776665e+02
-4.719016232651656395e+01
4.438144831837253150e+02
6.111430487426855507e+02
1.819299193486583590e+03
2.410461822251448666e+03
3.243084403230845965e+03
3.943646208492846654e+03
4.857554582143706284e+03
4.927844298564018573e+03
5.479501674451747931e+03
5.472459771731578257e+03
5.340504783696710547e+03
5.730372903059918826e+03
5.416285186879580579e+03
5.736560347553587235e+03
5.856549576747833271e+03
5.989975460274607030e+03
5.715593868343235044e+03
5.970194779291643499e+03
6.192473445420265307e+03
6.158497591578621723e+03
6.062145166059094663e+03
6.177797029719210514e+03
6.245903641564764257e+03
5.966103468139219331e+03
5.746894708347524102e+03
5.816613897431883743e+03
5.516108575582595222e+03
5.608840373172864020e+03
5.972633525221882337e+03
5.694838920133943247e+03
5.606422234460390428e+03
5.518382383938149360e+03
5.238299742212944693e+03
4.990510424692887682e+03
4.342932084485302767e+03
3.714624825773461453e+03
3.091225287796276461e+03
2.507932835521452944e+03
1.897644673932583601e+03
8.734671199938663904e+02
4.898912818807451686e+02
4.248843678002928073e+02
7.883216945352239691e+01
