7.501296770899169132e+03
9.146761247722488406e+03
8.472065706954443158e+03
7.997610542050587355e+03
1.014588175218750439e+04
6.837645703160294943e+03
5.901607282794400817e+03
6.830533362831831255e+03
4.170231512724427375e+03
3.487646156408981824e+03
3.602483608927791011e+03
1.307932244568378565e+03
1.495257461732456704e+03
1.263406962349190735e+03
1.588695155242853843e+03
8.727526871678198859e+02
5.730695952583917006e+02
5.165160526966983525e+02
6.408367320724260026e+02
8.186127886497733925e+02
2.651188004672957845e+02
8.208025100302349131e+01
2.609151950823327297e+02
1.084171207611188237e+02
3.039243414754621995e+02
1.612035433619707590e+02
4.523025138272025742e+02
5.606423784361674052e+02
8.189492963333513842e+01
1.396134160264940078e+02
2.918371736611576353e+02
5.524419348602193622e+02
5.199360867636855801e+02
7.698398467404815619e+02
5.660974491739168570e+02
6.031857280440777913e+02
4.276231217468103409e+02
1.587768198032417558e+03
2.005213951183170138e+03
1.984644146602892079e+03
3.647899426022752777e+03
3.399702526332850539e+03
4.706055926433514287e+03
6.628859386881821592e+03
6.819353547849675124e+03
6.299757252469941704e+03
7.265347064769773169e+03
7.600031787360064300e+03
