1.082497372351919239e+03
9.253499634378496808e+01
-6.515496960663884920e+02
-7.644296033497197413e+02
2.093784857432410718e+01
2.200090821460821076e+02
9.649834990554109027e+02
2.026846392948709308e+03
2.643165096107276895e+03
3.795348932688901186e+03
4.118787482540461497e+03
4.909938373639137353e+03
5.240603759857893237e+03
5.580688993759114965e+03
5.733391154480514160e+03
5.771156977020826162e+03
5.793045685832690651e+03
6.083842093419045341e+03
5.998637064855375684e+03
5.693202343801139250e+03
6.170777421378240433e+03
6.265733172206759264e+03
6.042293600073106063e+03
5.795811799125237485e+03
6.440404896559201916e+03
6.257536815829575971e+03
6.250205859464444075e+03
6.314773450511277588e+03
6.172708947364800224e+03
5.791845567653446778e+03
6.345657798014688524e+03
5.960084565633143029e+03
5.903562185200416025e+03
5.727579159309163515e+03
5.849720955333833444e+03
5.618966135688894610e+03
5.994798545984409429e+03
5.076203900920656451e+03
4.866448217769402618e+03
4.272902205887323362e+03
3.854638193284002682e+03
2.863126057118483459e+03
2.013003250580962458e+03
1.628763948826832575e+03
6.683425784518940418e+02
2.998558180180016848e+02
1.009681056895839220e+02
-1.376228297256218411e+02
