7.357183053419262251e+03
7.675628778347455409e+03
8.224312654962033776e+03
8.160359711434239216e+03
7.234596673009762526e+03
7.726942994823271874e+03
7.193116580746484942e+03
5.527193440533017565e+03
4.301435742490798475e+03
3.929887918049238579e+03
2.376432518744710251e+03
2.019752965819052861e+03
1.123451487755352218e+03
1.059671437903939704e+03
7.605029811045770884e+02
5.133122606942522452e+02
2.638930212886242543e+02
3.399264003993484380e+02
2.747999958335078645e+02
5.408609388917835759e+02
6.070883763990831312e+02
1.368638849858955666e+02
3.061134276294386609e+02
1.959657435805592627e+02
1.305143938328298532e+02
-1.667838184374809885e+02
-1.180023877955825498e+02
2.660307648258890936e+02
1.983052246940120824e+02
1.698844814830473808e+02
1.907174976714710226e+02
3.401499128085266648e+02
6.503462288605903723e+02
2.955462431298068964e+02
5.949952603636018011e+02
8.521758635448651376e+02
1.001956561349777076e+03
7.989930649746494282e+02
1.704356638082582776e+03
2.742326193368172881e+03
2.836116503613163331e+03
4.167053458163714822e+03
4.542059744659660282e+03
5.842963786661748600e+03
6.803686830064238166e+03
6.843512018723309666e+03
9.295382071036958223e+03
7.750744705841781069e+03
