6.848491873963088437e+03
7.041818787636193520e+03
7.152215257517336795e+03
7.411733353199936573e+03
7.767023975444006282e+03
6.613426242771492980e+03
6.051936796004622920e+03
4.452575867368071158e+03
4.087345062548694841e+03
2.891156641626486362e+03
2.297406944245033174e+03
1.794231414512513538e+03
1.337127500797986613e+03
7.248789379131078476e+02
8.865561872662285623e+02
1.135817975958876360e+02
4.007748405601230388e+02
6.259770381829673624e+02
3.267051793995598814e+02
4.383875109478909167e+02
2.939821216124718717e+02
2.972420556863244201e+02
-1.623250755097603530e+02
-1.229532869511592850e+02
-2.108155967672242355e+02
6.453673634044319840e+01
2.710659208596174494e+02
1.376450180181767848e+02
-1.407281095112285527e+02
3.196126789736776459e+02
1.362233717112909233e+02
1.011377033637311769e+02
3.765525049316958643e+02
5.131051736185688696e+02
5.957340587970422803e+02
5.589152115666596501e+02
9.737496256795789122e+02
7.293530860677137753e+02
1.228571681799109001e+03
1.714021325475753429e+03
2.473921965742424618e+03
3.102337605845916187e+03
3.445887108809620258e+03
5.716096736695729305e+03
5.788056311014399398e+03
6.278812780458761154e+03
6.908475114739504534e+03
6.732490334574747976e+03
