6.692409632020862773e+03
6.508635493173434952e+03
6.816387707821944787e+03
7.474446331376538183e+03
6.781060895534706106e+03
6.806426585132177024e+03
5.271138189458436500e+03
4.547524963086785647e+03
3.741069481775070017e+03
3.283761311425095300e+03
2.264208816649817891e+03
1.847702738932407783e+03
1.120840400222538847e+03
1.174520264336920036e+03
8.277081454525166464e+02
7.078435994732218433e+02
3.595916116850746107e+02
2.005200381477350788e+02
2.778087971956355204e+02
2.055905831606603442e+02
2.544797732407839987e+02
3.551086496142336841e+02
-2.181679809255171421e+01
-4.626191743951625881e+02
-2.580152046623774140e+02
-1.134481730946647815e+02
-9.708478244563065118e+01
-2.577844274509119682e+00
2.458617480754099915e+02
6.063096060098977347e+01
1.980953009822537183e+02
-1.105201206786603336e+02
1.515143349475958985e+02
8.853337038194440822e+01
4.758718694652602608e+02
1.549204963334829586e+02
8.963804829633685358e+02
6.696444643509036041e+02
1.073511095479845153e+03
1.907737112613845056e+03
2.449503859474273213e+03
3.054882577592142297e+03
4.017627749836264684e+03
4.544705033972202727e+03
5.899694335034105279e+03
6.036295728870571111e+03
6.729731790710974565e+03
6.886051933733060650e+03
