8.037171052379540015e+03
8.274476947307233786e+03
8.715947669167775530e+03
8.832749724416076788e+03
7.238102732145114715e+03
6.798720149155551553e+03
7.017482696224436040e+03
4.794895005624072837e+03
4.360046201025949813e+03
3.450806161271624205e+03
2.170734874142197441e+03
1.297500576494318466e+03
1.588918257637511488e+03
1.091800586351011589e+03
4.975852187046074278e+02
6.935226584095184990e+02
6.154316263445933828e+02
3.283331097835912260e+02
3.569052611668853388e+02
4.534890563009368520e+02
3.342498719381697470e+02
-1.289842637244901447e+00
-1.781306797018783925e+02
-1.111655415613347770e+02
4.788008855146310339e+01
-2.799871870921646746e+02
1.560180883202163500e+02
-5.524068985027973611e+01
7.087467905194033335e+01
-6.463183856810134387e+01
6.389808070123721109e+02
3.164636331697741980e+02
-8.512813930188458755e+01
5.278068944306177173e+02
1.789649323143092374e+02
5.180050679877257380e+02
9.172079532696570823e+02
9.362965574881427528e+02
1.240954393596990030e+03
2.072150192263380632e+03
2.473910916102849569e+03
3.612114874772311850e+03
4.964927388799210348e+03
5.516163736755856917e+03
6.620056418472896439e+03
6.771052601421866711e+03
7.388603468007483571e+03
7.990472452640569827e+03
