6.304741775870468700e+03
6.772584127839439134e+03
6.860097401476012237e+03
7.166158234501594052e+03
6.698585986329920161e+03
6.337609534981165780e+03
5.168804014481132072e+03
4.765262840987899835e+03
3.874273518388610228e+03
3.260805863619280444e+03
2.269026682243171763e+03
1.419504789041274080e+03
1.225851643460495779e+03
8.541629931009881602e+02
2.530843710157578528e+02
2.602954780934784935e+02
4.101431511146126923e+02
-1.067098515030008627e+02
3.634887241711294905e+02
4.846471107209359843e+02
1.064665829027877209e+02
2.637594398400792102e+02
-2.433457458019468334e+02
-1.674759997133236880e+02
-2.607428741280732538e+02
2.544963319379913003e+02
2.915782048125872734e+02
1.261174845602115653e+02
4.175550110513891013e+02
3.546328103474112368e+02
2.501326805952929817e+02
2.396604997598025477e+02
6.161736169527587208e+02
7.349686418835250379e+02
4.695485554204452683e+02
2.503612970477123270e+02
6.005287020635827275e+02
8.151860209159484612e+02
1.133181035532606757e+03
1.968075967242967408e+03
2.639285615970665731e+03
3.071327111916466492e+03
4.228685409047089706e+03
4.772652091306921648e+03
5.668359384948736079e+03
5.842430886489298246e+03
6.176082589648558496e+03
6.454358043268106485e+03
