7.104631997854330621e+03
7.352770098144321310e+03
8.052772471683893855e+03
7.703670302168077797e+03
7.088339216780346760e+03
8.819661478520012679e+03
5.943847586404433059e+03
5.340850784960907731e+03
4.001228055676232998e+03
3.554128781032238294e+03
2.391016000041827738e+03
2.446344588402953377e+03
1.921743192458879776e+03
1.362721181948455296e+03
1.010735308286375357e+03
4.113353170602599675e+02
3.035301107710025690e+02
3.555708401795230884e+02
7.590154949731850138e+02
1.361141162434484784e+02
2.931117466970458736e+02
5.403564048244771811e+02
1.847020904831299788e+02
-7.523958326757150417e+01
1.514154875633446977e+02
1.240154477911039947e+02
1.715871143311833009e+02
-3.200633330502414253e+01
-1.985125500366985136e+02
3.540296574245314218e+02
7.834491374536294472e+01
4.201592884627068543e+02
8.188220249212770341e+02
6.590927552631828803e+02
6.288519235113246850e+02
6.511019604183493357e+02
5.127003195321717612e+02
8.674585610326191727e+02
2.326329715460001353e+03
2.281619101401248372e+03
2.467591820196364097e+03
3.497187441989594390e+03
4.190990841623190136e+03
5.236590009976599504e+03
7.236733809212972119e+03
7.142823952166304480e+03
9.532071025063978595e+03
8.135555706225579343e+03
