6.764955985575026716e+03
1.001704653034655894e+04
9.801740520430721517e+03
8.587865397790184943e+03
9.511866138887291527e+03
8.074528813928598538e+03
6.523603358953882889e+03
6.376776785970065248e+03
4.680776278724031727e+03
3.300086030169957667e+03
3.226383834940377255e+03
1.491719372205633817e+03
1.421450936603272794e+03
1.262692474173462642e+03
7.810549980689256699e+02
6.962668766793508439e+02
7.603917339297389617e+02
8.336168287822700904e+02
3.157578186856696902e+02
2.978512281511395372e+02
4.973602613276452189e+02
3.503901648179758013e+02
1.168992550976077816e+01
2.778768622299963909e+02
1.611132029147226490e+02
1.945583866823261019e+02
-1.385352790052476450e+02
-7.449106163059634866e+01
2.838276792606012577e+02
4.255367306012183803e+02
-8.482058997208987705e+01
2.280219502982645707e+01
2.438175692928724345e+02
6.225599120864816314e+02
3.324117679866051844e+02
7.544995774849347754e+02
9.545240225264323044e+02
1.179092935477779520e+03
1.654539626447104183e+03
2.264831576115133885e+03
2.683313798798275002e+03
3.458678224433420837e+03
4.619277118128589791e+03
6.346999420472453494e+03
6.445676407739767455e+03
6.593412914585677754e+03
9.055485485880077249e+03
6.932573330759117198e+03
