6.527304389311103478e+03
6.596180846254593234e+03
8.088419101020894232e+03
8.285941187044929393e+03
7.284986906566515245e+03
7.204204357830973095e+03
6.490152923758761062e+03
5.126684343021642235e+03
3.527066901245252666e+03
2.972470729969377317e+03
2.590230485944373413e+03
1.678727582240195716e+03
1.536911431670718684e+03
1.089634210830120992e+03
6.812568326099196838e+02
1.927282998866373589e+02
4.784163283116500907e+02
7.396250123907999523e+02
5.426977378736112314e+02
3.033293507207152970e+02
1.961007517378755551e+02
5.811091437963232238e+02
3.535358335701065471e+02
-2.888649991316288492e+02
-1.993949679314472121e+02
-9.381873031127098272e+01
2.318350854279586883e+02
8.823941002700837544e+01
2.539759331203493105e+02
4.503525025872798437e+01
2.342370075576561135e+02
5.281711258346462046e+02
4.033063909320352991e+02
3.567687549023024758e+02
4.404612775873932833e+02
6.896185054394294411e+02
1.059498492752950369e+03
8.400677011939542354e+02
1.439633781159964883e+03
2.171045784032287429e+03
2.848095868782903381e+03
3.426953747165171080e+03
4.749838844891062763e+03
4.863683305543809183e+03
5.539556129847078410e+03
6.069866777331415506e+03
7.165093890688814099e+03
6.399148981026170986e+03
