4.399711274376081178e+02
-5.152075111976126465e+01
-2.649705836993793469e+02
-3.855419284137524869e+02
-3.558355905738100660e+02
6.178977263691008375e+02
7.061070743816007962e+02
1.633746258292946777e+03
2.396022121853592125e+03
3.650404531283745200e+03
4.050581742387242230e+03
4.828270705753004222e+03
4.852616371737247391e+03
5.267604091806186261e+03
5.388511732364471754e+03
5.901232321019364463e+03
5.878220872015064742e+03
6.281800904052885016e+03
6.029401277208527063e+03
5.654864295966634927e+03
5.911269212909111957e+03
5.783709722693099138e+03
5.951174887337349901e+03
5.951841894366641100e+03
6.195115763081902514e+03
5.757401209986037429e+03
6.357546382254001401e+03
5.777429350562855689e+03
5.911060269911863543e+03
5.921026714048192844e+03
5.736179199945494474e+03
5.639026121430127205e+03
5.870821635954949670e+03
5.777123312795119091e+03
5.758685328507475788e+03
5.723148187595595118e+03
5.633344314707854210e+03
5.279228460540281048e+03
5.057394024070427804e+03
4.192011279984899375e+03
3.706869883923506677e+03
3.317505584622510924e+03
2.131878850670384054e+03
1.931425507067624267e+03
9.204758843665633776e+02
4.441927881789649746e+02
4.093394097188988212e+02
-3.726846490171272421e+02
