6.544819846964915087e+02
2.865859237301935423e+02
-7.957544327495731977e+02
-7.154278332526628219e+02
1.591792536355991672e+02
4.109351039399555248e+02
1.078746025331055534e+03
2.167950331895829549e+03
3.083104903942090459e+03
3.671830185967010038e+03
4.479032955797865725e+03
5.518233753242058810e+03
5.467523555880757158e+03
6.177615366273194013e+03
6.521377640424124365e+03
6.502571029001419447e+03
6.128041129556923806e+03
6.350093933179388841e+03
6.797128272202311564e+03
6.683382137220664845e+03
6.127328159889897506e+03
6.504714285962334543e+03
6.751614640969927677e+03
6.693857553393780108e+03
6.987812702753862141e+03
6.692763130934406036e+03
6.777763099454778057e+03
7.069774493597827131e+03
6.797882118489248569e+03
6.600629941150666127e+03
6.885070783129856864e+03
6.437467293620866258e+03
6.691389937401474526e+03
6.642264633319763561e+03
6.421398972960463652e+03
6.361080827744947783e+03
6.334372112802665470e+03
5.937746869792971665e+03
5.644533029720078957e+03
4.653067452169417265e+03
4.387011457401834377e+03
3.962292169982526048e+03
3.332304224353944392e+03
2.421163793859660927e+03
1.168767067128224880e+03
1.022753535553741017e+03
6.716702731761143923e+02
4.602162062594476311e+02
