5.798175901473129670e+03
7.053387903354230730e+03
7.647434122511927853e+03
7.635858150101044885e+03
6.804611069244399914e+03
7.759812672247886439e+03
5.746566548370573400e+03
5.057804640811827994e+03
4.115820452640173244e+03
3.153375998434206849e+03
2.043421655116239208e+03
1.787805686556045202e+03
1.522336407755736445e+03
9.113475723398665878e+02
8.604611976675015512e+02
3.615331923861252221e+02
5.124688379148375361e+02
1.329878065905076880e+02
6.575803804468627050e+02
2.035025382644098784e+02
2.785470779687640857e+02
5.259060130326896854e+01
-1.263526509933011965e+02
-8.644232566264030027e+01
-2.796525424909770550e+02
-2.478177855078200196e+02
4.083635404242450306e+01
-1.668250936101012201e+02
4.691262744448275726e+02
2.356413857465619515e+02
2.080739853628530511e+02
3.947052837392654396e+02
3.565667229815791757e+02
2.320331140581466798e+02
2.678608575654268407e+02
6.028397239991187462e+02
5.963024954566935776e+02
1.145544711921910448e+03
1.450329775860270047e+03
1.861149082709894856e+03
2.447494221048849795e+03
2.874254959032450643e+03
4.411132435242159772e+03
4.912267395429159478e+03
6.043161065926167794e+03
6.244495721587859407e+03
6.580193175706878719e+03
6.367259822327019720e+03
