4.858138156246521930e+02
4.995263250621350153e+02
-1.445578813832672438e+02
-8.823686289158638374e+02
-1.320975994037010253e+02
1.736839690160413738e+02
1.229292882220682259e+03
2.043401952130185236e+03
2.641826190749148282e+03
3.527872886108843886e+03
4.289812758757825577e+03
4.625859849537681839e+03
5.177777224664434470e+03
5.577103286909326016e+03
5.736791778422551033e+03
6.026965970609428950e+03
5.743867519421389261e+03
5.599894247923776675e+03
6.009006444204354011e+03
6.130589347316996282e+03
6.199931003135462561e+03
6.202949050442090083e+03
6.057764387298979273e+03
6.067465518246774991e+03
6.292507257929558364e+03
6.609916264210894042e+03
6.582584638000241284e+03
6.119547041067914506e+03
6.135528440704842069e+03
6.205499565289994280e+03
6.164679982316687529e+03
5.931125693568727911e+03
5.710223649068327177e+03
6.021593933669584658e+03
6.014045184691522081e+03
6.093539185060138152e+03
5.931505844779145264e+03
5.467879188164935840e+03
5.196518456509112184e+03
4.614743511733430751e+03
4.002012621413571196e+03
3.061943337049210641e+03
2.432341692181332292e+03
1.896108564272308286e+03
1.106894043001448836e+03
3.306981822028232614e+02
6.804314761171408463e+02
-7.518111202440573493e+01
