3.202731027688048471e+02
-2.225725562867129668e+02
-2.726157758486131115e+02
-1.839648247942236026e+02
3.081158171774314880e+01
3.280684724430054757e+02
9.337429864633865009e+02
2.287352284150798369e+03
3.060173538139107677e+03
4.093990221630321685e+03
4.189514569096189007e+03
5.446756070647883462e+03
5.578107761339746503e+03
5.764739102723729047e+03
6.086856885348939613e+03
6.361516740158968787e+03
6.154835242516261133e+03
6.155912748216926047e+03
6.402425911431410896e+03
6.135621986940502211e+03
6.684944387950062264e+03
6.403255461656674015e+03
6.464737807050668380e+03
6.909892420183617105e+03
6.329758353197917131e+03
6.792439834182961022e+03
6.817379218588805998e+03
6.404088998389547669e+03
5.916131925121825589e+03
6.866494823399905727e+03
6.664284011463889328e+03
6.166394414709576267e+03
6.431038653398290080e+03
6.620183610595072423e+03
6.373782754773606030e+03
6.546258605573075329e+03
6.195518505457090214e+03
5.937154766701644803e+03
5.794593097281092923e+03
5.192070407456407338e+03
4.066280007706771812e+03
3.530634733142398090e+03
2.888697713711839242e+03
1.819995953481916786e+03
1.057336313807203851e+03
6.232200534499437481e+02
3.116839604307942295e+02
-1.132383910460135468e+02
