6.112631541956615365e+03
6.578557510847818776e+03
7.047091623989973414e+03
7.011667618160027814e+03
6.529272985698733464e+03
5.987951117964303194e+03
5.281762916248057081e+03
4.542305514232906717e+03
3.949404892007591570e+03
2.870251911754725370e+03
2.180016377565149924e+03
1.504556390615490955e+03
1.398591492445101949e+03
8.832560166495804879e+02
1.074868171229470363e+03
7.523885036198461194e+02
5.068629748727317406e+02
1.868348499704622725e+02
3.869411098104367852e+02
5.829167621338708614e+02
6.534788586678220668e+01
3.767727670227980070e+02
-1.519570439403307205e+01
2.696889252528123393e+02
-2.217105397862152643e+02
3.039328751516831062e+01
4.345415667993825082e+01
3.600559465236580081e+02
2.421639638242365038e+02
3.821207911468574707e+02
3.166050832810244842e+01
4.186328155261547295e+02
1.873179220914818188e+02
2.437369832898398840e+02
4.312544257032400310e+02
4.428551906359060695e+02
6.130184647659759776e+02
8.394179474626420188e+02
1.147477544847261242e+03
1.640556185543740639e+03
2.583585495054487183e+03
3.121923118696772235e+03
3.914544371913424584e+03
4.878526173726974775e+03
5.344184012751630689e+03
6.152792474055258936e+03
6.281886757739165660e+03
6.462481148015888721e+03
