5.408984914581496923e+02
-2.610598288043761954e+02
-3.574409671309987857e+02
-2.490817415724644945e+02
1.174000795289446302e+02
2.092839665207510222e+02
1.002500197776351115e+03
1.953281048479417223e+03
2.956428781758474543e+03
3.503434075864517581e+03
4.004804101510753298e+03
5.121975863728363038e+03
5.558511703949742696e+03
5.986154820218906025e+03
6.077061458025775210e+03
5.812712339029342729e+03
6.176319692282510005e+03
5.858944851655529419e+03
6.179190778328247688e+03
5.944524211542028752e+03
6.076905254964451160e+03
5.989720838936676046e+03
6.233243409839487867e+03
6.219090029586175660e+03
6.400752009632012232e+03
6.063697681245267631e+03
6.188417221880638863e+03
6.319884081902552680e+03
6.613412276544835549e+03
6.218201354331669791e+03
6.608891131309924276e+03
6.356923054554390546e+03
6.036525496080859739e+03
6.172592567109973061e+03
6.261111465313671943e+03
6.110536384163124239e+03
5.689988299672657377e+03
5.352994332124016182e+03
5.019921236102255534e+03
4.811609613300322053e+03
4.318963480032639382e+03
3.430268419023278966e+03
2.552962599554307417e+03
1.814016422002560375e+03
1.321404083078296026e+03
5.704236639731198011e+02
2.547984690662141247e+02
5.410610666865766234e+02
