1.170975425396373453e+02
1.368263457892740007e+02
-6.821340753980593945e+02
-6.675232173791428636e+01
1.898954531691213958e+02
3.050670556379446907e+02
6.239953282874324714e+02
1.330169511313006524e+03
2.390602837189388993e+03
3.314232813976434500e+03
4.015997458065514820e+03
4.501253416704247684e+03
5.325625163342008818e+03
5.535195593455208837e+03
5.618483566667599916e+03
5.914512152914349826e+03
5.605901043422643852e+03
5.954095532925811312e+03
6.059942996661954567e+03
5.967876363280125588e+03
6.164475020249695262e+03
6.153308951928827810e+03
6.099475248842913970e+03
6.470815881322275345e+03
6.175596858278597210e+03
6.336182724877853616e+03
6.040021994315747179e+03
6.279902505409417245e+03
6.255374403193356557e+03
6.013698052542207733e+03
6.039274090900355077e+03
6.045483179429112170e+03
6.203277413675021307e+03
5.916958467825092157e+03
5.992331304965469826e+03
5.526802315461090984e+03
5.621676577176312094e+03
5.501416642159814728e+03
4.940340362012253536e+03
4.347149428300132058e+03
3.373755373075789066e+03
3.256464259039541957e+03
2.299995249392360620e+03
1.081403501867557907e+03
8.661560824207392670e+02
-4.288752337082017903e+02
-1.855727897434401825e+02
6.001189793602703730e+02
