7.052783533652458345e+02
-4.531251608149590311e+02
1.359351490292721110e+02
-1.119037880330833445e+02
-7.864544250553220763e+02
5.102698715088488939e+02
8.686649037947769330e+02
1.774853803507701514e+03
2.550307610223811025e+03
3.237994814649558975e+03
4.419617933415011976e+03
4.934398231633103933e+03
5.363689798783660081e+03
5.482985330326716394e+03
5.919563987913446908e+03
5.574828325650684747e+03
6.189060617639965130e+03
6.085852950220325511e+03
6.254392772963852622e+03
6.087281808514254408e+03
5.779523386333278722e+03
6.343983211178987403e+03
6.871410162666096767e+03
6.212961360303662332e+03
6.574572176042291176e+03
6.589356006503677236e+03
6.304027443568575109e+03
6.374057137354177939e+03
6.215404979036640725e+03
6.167640374904465716e+03
6.238471493102932982e+03
6.084942116239376446e+03
6.226248046851950676e+03
5.897484794267134021e+03
6.157045265897603713e+03
5.731813176305237903e+03
5.915936192819971438e+03
5.348035074578452623e+03
5.138387058240986335e+03
4.551575012769147179e+03
3.871892414275729607e+03
3.034899828697061821e+03
2.394821171929830143e+03
1.922716973020382966e+03
1.094258832296991159e+03
4.777050627692070179e+02
-2.011315410723458399e+02
-1.391611510591544629e+02
