9.618550281196605283e+03
1.034671710526420793e+04
6.931846890909510876e+03
8.259314058187797855e+03
7.832033579221806576e+03
8.325822258056618011e+03
6.267012161799124442e+03
4.785922703479005577e+03
4.878718180207677506e+03
3.354282576321478700e+03
2.491671029882968469e+03
1.597755902812377144e+03
1.805339798997226580e+03
1.296023299019724618e+03
1.012236304270052642e+03
1.219638346579606377e+03
9.149339777337668238e+02
5.587666853476796405e+02
4.101041197965836886e+02
7.901094862919526349e+02
8.587514604991604301e+02
2.878412056636452121e+02
9.866690802391472914e+01
1.583854721236218097e+02
2.124442987386776451e+02
-3.162151156741964542e+02
-3.087272377030771509e+02
2.465478299318697282e+02
4.881231770729247614e+02
3.495500614787348468e+02
6.480528232212803914e+02
5.594637647150773319e+01
3.013652074707516135e+02
3.881080952859368267e+02
3.820224817201640235e+02
4.974326313951640941e+02
7.863911138569761761e+02
6.538483637792260197e+02
1.602224537793261788e+03
1.909565857945795415e+03
2.699827138264292898e+03
4.162932838140055537e+03
4.736199233615056073e+03
5.308474496905587330e+03
6.116521869148125916e+03
6.357980808756061379e+03
6.670588807513856409e+03
7.563139231562272471e+03
