3.393580421494689858e+02
-1.558437720737282177e+02
-3.881883818843075460e+02
-5.478060250250008494e+02
8.028613263097957997e+01
6.721940042025941011e+02
1.120009051558065039e+03
2.375013411539486697e+03
2.970647600244004934e+03
3.326030563899723802e+03
4.201687714632137613e+03
5.135634347133112897e+03
5.585411091234826927e+03
6.016687422029474874e+03
6.170645124256969211e+03
6.019876833844147768e+03
6.018591512563350989e+03
5.923484812878866251e+03
6.049633181560265257e+03
6.259827398217996233e+03
6.415384430774918656e+03
6.410893744980870906e+03
6.346538016729505216e+03
6.432466027689531984e+03
6.231307059939346800e+03
6.436671122966179610e+03
6.079980095315166182e+03
6.533470026943945413e+03
6.462078060793096483e+03
6.424087356255547093e+03
6.440254393650963721e+03
6.064600603692399091e+03
6.004197711271967819e+03
6.417360832478706470e+03
6.509518816164389136e+03
5.906933866437219876e+03
5.950820486602675373e+03
5.794490761930078406e+03
5.258282267661844344e+03
4.831562863326256775e+03
3.667118844332896060e+03
3.273987542311467678e+03
2.854897814360660959e+03
1.699731803188886943e+03
1.130462488340323716e+03
6.470918596482365501e+02
3.299684428048809082e+02
3.598232557727808398e+02
