4.127343026568787536e+02
-6.829448053508133398e+01
-2.832632205700677446e+02
-2.737248966974024711e+02
-2.874871771919272874e+02
5.000354723376013908e+02
9.283105719732097896e+02
1.547055545287498489e+03
2.817565690047075805e+03
3.963739064747205703e+03
4.203965337500262649e+03
5.222900733413144735e+03
5.482640729481078779e+03
5.967830889797457530e+03
5.754070707809055421e+03
5.827315215845736020e+03
6.102582118648598225e+03
6.211854686173645860e+03
6.261579683286740874e+03
6.173196029244267265e+03
6.445603524958281014e+03
6.345698710708995350e+03
6.137612370461689352e+03
6.251187386996833084e+03
6.630786632336471484e+03
6.688199250962054066e+03
6.769278717217755002e+03
6.068777750472110711e+03
6.547136212548381081e+03
6.413922853432487500e+03
6.379321718756631526e+03
6.378700746459058792e+03
6.047998165556681670e+03
6.516308536788119454e+03
5.971974635461602702e+03
6.188166048023836083e+03
5.936867371118457413e+03
5.794109511696471600e+03
4.822785234467761256e+03
4.919893237288243654e+03
4.297827350301574370e+03
3.591807770462752615e+03
2.575909229759008667e+03
2.037863235721885303e+03
1.188886750250221667e+03
4.467239604163250988e+02
2.557990446107387683e+01
3.455495996065521780e+01
