7.235185705305779038e+02
-4.528111037485872998e+02
-3.318976203716863438e+02
-2.034321069723019662e+02
-3.998722028908113089e+02
6.644944634528151255e+02
1.301742359546803755e+03
1.996081602634395040e+03
3.044630753649920280e+03
3.695011030789104097e+03
4.825128202625361155e+03
4.942195461999186591e+03
5.476284731620901766e+03
6.059577588222474333e+03
6.094234078999407757e+03
6.223358127993922608e+03
6.377185605757191297e+03
6.094446932411237867e+03
6.306228789054779554e+03
6.174819606095580639e+03
6.432734312219408821e+03
6.399786128086665485e+03
6.163163081143371528e+03
6.445313340821403472e+03
6.276211118009702659e+03
6.626760857404010494e+03
6.517940512001076968e+03
6.509832488401221781e+03
6.589547322675580290e+03
6.228360819864805308e+03
6.594284406732193929e+03
6.217000225619247431e+03
6.164983511351600100e+03
6.212296392196002671e+03
6.330753625287637988e+03
6.117349269311231183e+03
5.904732933376506480e+03
5.682709652112979711e+03
5.326169634739590037e+03
4.695989263264645160e+03
4.203756346377782393e+03
3.942737377552948601e+03
2.283974707745041997e+03
1.860014112084015778e+03
1.056156558279749561e+03
8.708826209241574361e+02
2.998388076871616477e+02
3.136770792160452288e+02
