6.344361774350702035e+03
7.023268715423998401e+03
7.648035525429179870e+03
7.084196186002238392e+03
6.986660077386382909e+03
6.338814783094442646e+03
5.602798164639246352e+03
4.588000622850984655e+03
3.267052669276747110e+03
2.840751136705133376e+03
2.208650657239640168e+03
1.646548618835970956e+03
7.795217955469710205e+02
1.153519229613762036e+03
6.653828487010988511e+02
2.484386421551547812e+02
1.903845567123766216e+02
5.716365991022995559e+02
9.626276636070407733e+01
3.379704652016403799e+01
4.443559438858877115e+02
8.211689452156569757e+01
-1.940193084882409096e+02
3.713809832782590661e+02
1.548694394438757627e+02
-2.802222195219434298e+02
1.700844533080614553e+02
1.042113175592120342e+02
1.589639698987352574e+02
5.898387223085209286e+01
2.576381249821415054e+02
2.832660384967913387e+02
3.945748693840869805e+02
4.126136335817953693e+01
2.024537484706673922e+02
2.822062746563583460e+02
6.149546163089771653e+02
7.599142055019561894e+02
1.424610960890708384e+03
1.438110706450014959e+03
2.605399627132065234e+03
2.915461074711688525e+03
4.086980257359538882e+03
4.909646402751433016e+03
5.863870334967654344e+03
6.313885872025053686e+03
6.544265460993107808e+03
6.528737751150886652e+03
