3.910526986959737314e+02
1.045972518178880506e+02
-2.486414740613714969e+02
-2.621266237984563645e+02
-8.733204378747197438e+01
1.024501911334347000e+02
1.375996639388362837e+03
1.887297250482582285e+03
2.485005311978025929e+03
3.578241229005212517e+03
4.347297178629359223e+03
4.635343764023182302e+03
5.240496248069564899e+03
5.320399150183473466e+03
5.454287503808690417e+03
5.739774245464019259e+03
5.495242518606750309e+03
5.642281611225757842e+03
5.792954764620356400e+03
5.990597853768532332e+03
5.640391514847548933e+03
5.926290020485515925e+03
6.308544867284521388e+03
5.951010468002427842e+03
5.725286765330462003e+03
6.128866467626847225e+03
5.950772618986854468e+03
5.829294166504800160e+03
6.142471063292222425e+03
6.200345397359682465e+03
5.609972172231799050e+03
5.938298787299260766e+03
5.673386018507778317e+03
5.910357817181349674e+03
5.602997510879568836e+03
5.767661978175003242e+03
5.513698174632566406e+03
5.300993283044269447e+03
5.212371843669468944e+03
4.606648916311033645e+03
4.073854470080696046e+03
2.878366553651911090e+03
2.122047108647286223e+03
1.567213421661635266e+03
1.128024722861298187e+03
5.860990907164123200e+02
8.603292063079581453e+01
4.631812126345574825e+02
