6.002271287072048835e+03
7.024811115781121771e+03
6.981860593443843754e+03
6.945120532396173985e+03
7.284810740770587472e+03
6.673582410939660804e+03
5.761037937098154543e+03
5.145362432710681787e+03
3.586737101560611791e+03
2.965099775933833371e+03
2.512014921071893696e+03
1.553645357914727128e+03
1.279861584843864421e+03
7.700936356490415164e+02
8.497652735399752828e+02
6.519698166895634586e+02
6.236422725845561672e+02
4.010251708547685894e+02
5.175249111434147835e+02
5.363058626067630712e+02
1.187661083271046749e+02
7.562673082619055549e+02
-8.006282009873683592e+01
7.094477119726532521e+01
4.731493515860482830e+02
-4.730553416747420670e+01
2.392923078361705507e+02
1.432739705805745984e+02
9.669399853330345707e+01
3.276132045342337165e+02
2.547806404429787790e+02
3.248700685945133273e+02
1.451952171907310856e+02
7.175902539921398784e+02
8.482910338978163054e+02
7.053188067699012436e+02
9.494091515382438047e+02
9.267563357184714050e+02
1.784977562542552278e+03
1.924302907494544343e+03
2.536226505108383662e+03
3.219530248860142819e+03
4.029786186555042150e+03
4.944660043854238211e+03
5.307748474020449066e+03
5.932469911940673228e+03
7.026873292276140091e+03
6.585347665488871826e+03
