6.496106000825271622e+03
6.742718194612451953e+03
7.172214878483509892e+03
7.024059338634844607e+03
6.512203820514354447e+03
6.262740330054045444e+03
5.596445385707526839e+03
4.664085247608664758e+03
3.784812228078914359e+03
3.213688629319209213e+03
2.549210924608027199e+03
1.226728090250159539e+03
1.179695483219312109e+03
8.219892790984359863e+02
6.819901201283291812e+02
1.154476371859155250e+02
6.299605698883777904e+02
5.228765640848124718e+01
4.053078229022503933e+02
5.229657956233679670e+02
4.310513204301543055e+02
3.448426293357020995e+02
2.407276807769761717e+02
4.561563293096485268e+02
3.748056137767580367e+02
2.971513445252844008e+02
-9.085923283331956668e+01
-5.046513453948371080e+02
5.047754087581660087e+01
9.751397795839248772e+01
1.826059753592716106e+01
-6.685748756847461038e+01
-7.566889718557264644e+01
1.373929133651530208e+02
1.722539256628070063e+02
6.359521229878771464e+02
5.585617999597652670e+02
7.308899759345496250e+02
1.100738676771929704e+03
2.246957978662205733e+03
2.333542997174096399e+03
3.264950244650689001e+03
3.726966554097075914e+03
5.186397223391893021e+03
5.690395079339999938e+03
6.139224578659275721e+03
6.593368926618190926e+03
6.882321235330474337e+03
