6.503757937404234326e+03
8.068357962136687092e+03
8.011283933277385586e+03
9.795062732405345741e+03
7.327798938812948109e+03
8.188848640703845376e+03
6.169218586299077288e+03
5.267666232489689719e+03
4.549106368864171600e+03
3.264938942646320356e+03
2.509688523610074753e+03
2.706261046304523461e+03
1.105186308291258683e+03
7.770987782482392277e+02
9.052033834535353662e+02
1.043279244081246588e+03
6.389723795710274317e+02
6.752349801255543298e+02
3.621366613202038707e+02
5.101534760495411547e+02
1.116156278676205744e+02
1.362233336532434613e+01
3.053035530792280383e+02
4.001649268388957239e+02
2.298809236729628935e+02
1.389788117552670315e+02
1.552192663599529965e+02
-7.085540790604818540e+01
4.448528123919479071e+02
4.874055188917562020e+01
5.148535038178749801e+01
9.661710090269680506e+01
1.596333737571753204e+02
6.011974987936797561e+02
8.174910509366802671e+02
9.052229545026032156e+02
5.521782747478864621e+02
1.015934166290380858e+03
1.361333067043058918e+03
2.425624938866643333e+03
2.897551125821948972e+03
4.108929208733358792e+03
6.257223040169140404e+03
6.457389819910264123e+03
6.367627303402073267e+03
6.927526431659115588e+03
7.611095493472917951e+03
6.942123516113908408e+03
