6.559206476945902068e+03
7.770980679146187867e+03
7.618962763354338676e+03
7.743044723049586537e+03
8.037179538754803616e+03
7.183168978637471810e+03
5.792692771750403153e+03
5.441172803904179091e+03
6.118295292797864022e+03
3.304914185345078295e+03
2.424165729430895226e+03
1.722760604609792381e+03
1.614044586853254714e+03
1.571519627456321359e+03
9.655074158033123695e+02
5.078547351654960380e+02
5.756175843147037767e+02
5.129838001441074766e+02
5.387259611714107450e+02
2.705761885626113212e+02
5.315661788838419852e+02
7.032813988185246217e+02
2.876100672917859811e+02
4.390808915262956447e+01
-6.593319374213987771e+01
-9.722355356290874795e+01
-2.118859500116415973e+02
-5.379452478638876300e+01
3.017680746214630858e+02
1.222903551537646081e+02
5.943070913056402560e+02
5.307479582491652081e+02
7.992707813915195629e+02
5.424047548307611351e+02
5.818534330713784897e+01
9.011643902574005551e+02
5.167232489711088874e+02
1.260141678111751162e+03
1.379806950231068868e+03
2.076218709565232530e+03
3.008744042753422491e+03
3.636628513621419188e+03
4.264136445778177404e+03
4.506450336142714150e+03
5.675820773049992567e+03
7.035204797701280768e+03
7.556872561387406677e+03
6.624373836465777458e+03
