7.546173562401875188e+02
-3.197451830395564230e+02
-3.335289735184340021e+00
-5.065564203555785525e+02
-4.408059799049062804e+02
5.158255167950460418e+02
7.928373537455576070e+02
1.500341815514649852e+03
2.303012795399464267e+03
3.159281371277854760e+03
3.780168320112879883e+03
4.895524119799009895e+03
4.773130246735968285e+03
5.407633421885588177e+03
5.634040351488934903e+03
5.660598069920033595e+03
5.825627009055314375e+03
5.655580339276471932e+03
5.733361532615365832e+03
5.657730935558577585e+03
5.476334369608328416e+03
5.763933246120448530e+03
5.886700654535419744e+03
6.024513111478582687e+03
5.725179666579923833e+03
5.977278823750304582e+03
6.085698090701763249e+03
5.828887812866787499e+03
6.157801696408273529e+03
5.697040971554972202e+03
5.710859532954917995e+03
5.481945642404869432e+03
5.724139465276467490e+03
5.538624232674346786e+03
5.870251061270440005e+03
5.328082442845138758e+03
5.392216817611715669e+03
5.225291912165521353e+03
5.019307854364447849e+03
4.300548756886693809e+03
4.166515333258127612e+03
3.093930920719451478e+03
2.170634400322281181e+03
1.716275362224933588e+03
9.583386818060010910e+02
3.434564290979719203e+02
3.030722042965109608e+02
-3.525467231303875337e+01
