6.129826933341988479e+03
6.869685755302746657e+03
7.316007825861472156e+03
6.937673950123372379e+03
6.883741362178959207e+03
6.952170918575183350e+03
5.647063041720409274e+03
4.967849104639514735e+03
3.733120846363019155e+03
3.130107055805059645e+03
1.934617972128823567e+03
1.559937411301614702e+03
9.102986170813921945e+02
7.809737743310957967e+02
5.566269051454374903e+02
8.147439105550400882e+02
3.908540619036353974e+02
5.560598424980402115e+02
4.788490937063432966e+02
2.464209494165442891e+02
3.384958258674718081e+02
2.847024084323869033e+02
1.520135077748411732e+02
4.553387461713770676e+02
2.817718997732620210e+02
-8.539817203742447305e+01
-1.905515984854147575e+02
2.282165005749879185e+02
-3.346008122310448840e+01
1.177378242921810703e+00
1.899990861049181490e+02
2.958775212260317744e+02
5.280907103417039252e+02
3.918883952007573725e+02
2.644231582362476729e+02
2.663114822039626688e+02
6.384467560353217550e+02
1.106900995743605563e+03
1.098674781803167207e+03
1.881761315195868974e+03
2.498063851963171601e+03
3.471986299202465034e+03
4.132756158260712255e+03
4.780196736620694537e+03
5.689790623596266414e+03
6.209819163029081210e+03
6.476835754224515767e+03
6.639134767573654244e+03
