8.132941283721766013e+02
-1.560730050183572644e+02
-5.111613273327466800e+02
-4.858208771222941209e+02
-3.080647106136535740e+02
6.478257917148689558e+02
1.262167902282033310e+03
1.991327044109450071e+03
3.176409372048288787e+03
3.846136056467803428e+03
4.658572147764437432e+03
5.170110773364440320e+03
5.512984173724817083e+03
6.101960458053641560e+03
6.181164950822269020e+03
6.551276067016655361e+03
6.264094066596448101e+03
6.042799893408436219e+03
6.573543128633762535e+03
6.185762293322248297e+03
6.288103593155367889e+03
6.396278417215421541e+03
6.538143096951098414e+03
6.383437108587734656e+03
6.503222345844525989e+03
6.168544357928841237e+03
6.807133782917610915e+03
6.478601136050730929e+03
6.634442338382399612e+03
6.486040466492326232e+03
6.461615174849133837e+03
6.833241788302850182e+03
6.754661320653098301e+03
6.051157122364093993e+03
6.206355761216816063e+03
6.352263142659418918e+03
5.971719907484241048e+03
5.988921414685690252e+03
5.382212574643569496e+03
4.990845778045328188e+03
4.198410541231084608e+03
3.651754566774325667e+03
2.849131879675587243e+03
1.706189983318409986e+03
1.137397235377090965e+03
3.233017724718123418e+02
2.394852791318187428e+02
2.829512547670784102e+02
