7.046470182101358660e+03
7.117210109407379605e+03
6.896594981018817634e+03
6.981799592828672758e+03
6.632417342985598225e+03
6.102471242521472959e+03
5.521582461847466220e+03
4.271729052857894203e+03
3.464899508259036793e+03
2.773421983713600639e+03
1.774780066770294070e+03
1.733011875681409720e+03
8.477732121292361853e+02
8.403509137999976701e+02
6.812179163994505871e+02
6.982054577535293447e+02
8.279098620491381553e+02
5.164465562174827937e+02
5.458869887964169720e+02
2.388768184417355656e+02
4.403164177287068810e+02
2.055047477722794440e+02
-5.553475580446306594e+02
2.616387506035438832e+02
-1.198708918436389155e+02
2.697077471903160699e+02
7.554003870124228115e+01
1.083071836676340212e+02
-2.341283184355108560e+01
2.034932017858164954e+02
-6.060993834944319048e+01
3.498352276100079621e+02
4.620669451856517007e+00
2.393052577964204772e+02
4.780366870488755922e+02
6.177836835017011481e+02
6.042601552182561591e+02
8.198082474566839437e+02
1.038151487618476949e+03
1.713299015032362377e+03
2.665908956249772473e+03
3.590125298311268580e+03
4.051441819064385527e+03
4.818288902254788809e+03
5.208360360633665550e+03
6.083634711782134218e+03
6.477117318537639221e+03
6.803855082972891978e+03
