1.046941962323181360e+04
7.097196252304282098e+03
8.019134827202900851e+03
9.832778769421125617e+03
9.584441437068648156e+03
9.337438791334800044e+03
6.103811877033885139e+03
4.919042511898114753e+03
4.579226178598243678e+03
4.695043301683722348e+03
2.699726294954552941e+03
1.834276497010836465e+03
1.851899202625508224e+03
1.088279675219313276e+03
1.049175779626227268e+03
1.588223224367708610e+02
2.146453731522598503e+02
4.072275018867283052e+02
5.835123828645474759e+02
4.097205824023692458e+02
7.795543269429841757e+02
3.303475931501200762e+02
1.372771367781706715e+02
-1.156960822426056978e+02
1.628984819375108941e+02
5.502453291438135219e-01
-2.247750951352946629e+02
5.057292904895930405e+02
-1.012323059700349006e+02
3.897283971371320543e+00
2.565862925671613084e+02
5.797805306865249122e+02
7.830685013717088339e+01
5.295361153303523452e+02
6.943390739302138854e+02
6.213766894346264280e+02
1.144467481507348111e+03
6.131977518737817263e+02
1.264182689357271556e+03
1.669635412924785442e+03
2.349028930543752267e+03
3.523684828144797393e+03
3.853471053793264673e+03
6.891146211297264017e+03
6.605086143351937608e+03
6.815559085253259582e+03
8.006015242940085045e+03
7.311644559102186577e+03
