6.249024560505756199e+03
6.893316519683913612e+03
6.927787182180506534e+03
6.908821602209820412e+03
6.650309445996131217e+03
6.177153436279331800e+03
5.430867655134534289e+03
4.794675373236585074e+03
3.569885202116970504e+03
2.883176602724249733e+03
2.163901190240669166e+03
1.653324114547053796e+03
8.255561221298953569e+02
8.638960104773253761e+02
5.877256575505195997e+02
5.989246325957766430e+02
2.847492536316507312e+02
2.421372300699302684e+02
5.112902297399392069e+02
7.883570269925422735e+02
1.475164787612699513e+02
1.529904685605636132e+02
1.015190417989425420e+01
-7.222869093064525714e+01
2.090728593313082797e+02
2.156513179653855872e+01
-9.276298677691043792e+01
2.046347449864612997e+02
4.617201143747252701e+01
3.238474321527637017e+02
-1.142633848402261947e+02
2.478755322867994266e+02
2.345689300411705602e+01
4.478462756810105816e+02
3.157103953887590819e+02
6.118095915509592260e+02
8.054539455013214138e+02
6.625166933842795061e+02
1.227645079669477354e+03
1.607718538048115079e+03
2.695577341905648609e+03
2.988168657173311203e+03
4.289069631120148188e+03
4.866452616209025109e+03
6.053404626834119881e+03
5.916693858574668411e+03
6.195406441325758351e+03
6.690954738945039026e+03
