7.347855634825128618e+03
7.248984805322783359e+03
8.787214920657372204e+03
9.202516326546590790e+03
9.560158514149059556e+03
6.928970117458201457e+03
6.228535666443222908e+03
4.336938280316170676e+03
4.928875198061564333e+03
3.302637812012606901e+03
2.772874916786629910e+03
2.033559552498941912e+03
1.773026345381847023e+03
7.051368426531541900e+02
6.534602623031626081e+02
9.615441375758707636e+02
2.201341763114886021e+02
7.972878535015604484e+01
3.654351666097409748e+02
1.849855882367782556e+02
1.956375150371242455e+02
2.001481310091639898e+02
6.431949096121485354e+00
1.635987584278914539e+02
-3.260791419294542948e+02
1.068741181550593211e+02
-1.992873041862094396e+02
-2.978169963834765781e+02
3.943555439593809524e+02
2.743967105652144483e+02
1.751197754067444237e+02
-1.584356203623192982e+02
3.254063683439724173e+02
5.593214445289678451e+02
6.177659642925694925e+02
8.436893375995614406e+02
1.399817935063364985e+03
6.960087203161162961e+02
1.465642834774758740e+03
1.679001042981110231e+03
3.110641191414142668e+03
3.591683713207276924e+03
5.279516066262929598e+03
5.332409140784422561e+03
7.242244935124568656e+03
6.788368542354820420e+03
6.816043860231364306e+03
7.038445625884369292e+03
