6.426466001003814199e+03
6.617088130517990976e+03
7.439556569197376120e+03
7.450333529534334048e+03
7.232163320766915604e+03
6.380246471016175747e+03
6.635843697715582493e+03
4.986732438818546143e+03
4.108296546425513952e+03
3.110073477700550484e+03
2.609635295792966190e+03
1.681543006331025481e+03
1.600756951012590662e+03
1.143642024116044695e+03
9.345170994041212680e+02
4.021181632382351268e+02
3.238755106856561383e+02
1.968177522404436672e+02
7.489535246076737849e+02
2.256438700948339431e+02
6.901380540640146819e+02
3.926932203065088061e+02
4.323565999954361132e+02
-8.927126544723789436e+01
-2.365797334979741606e+02
-4.699415268613707752e+01
1.903475757892890385e+02
3.767484347873087245e+02
1.772777227226473542e+02
1.790897118287798264e+02
2.988351903203685538e+02
4.282730106058998558e+02
2.385821482101960669e+02
2.713160105241343558e+02
1.673098774639285296e+02
1.826756224617267890e+02
7.355180879763454413e+02
7.229329145525936156e+02
1.000869520414202384e+03
1.489242853694058567e+03
2.476693656214297789e+03
3.548150362432636939e+03
4.284974041838193443e+03
4.701779285452264048e+03
5.649317017625648077e+03
6.344288021708537599e+03
6.566433543675105284e+03
6.909350777063592432e+03
