6.736560280539466476e+03
7.082987319239402495e+03
8.627208161534805186e+03
8.594475336893134227e+03
7.915767234506784916e+03
7.010410173801783458e+03
6.332220842361535688e+03
5.345094163188453422e+03
5.604839137981750355e+03
3.527246014993623248e+03
2.255121838811831822e+03
2.112852738440579742e+03
1.581009200462554645e+03
1.133539835966711053e+03
9.172337534801470156e+02
5.821997861286416764e+02
7.238802683109565805e+02
6.032588601751582473e+02
4.465580311941752711e+02
4.713057246221418950e+02
5.529056538084141721e+02
2.805203235754746629e+02
4.570883276862113576e+02
-7.759261998883927447e+01
-3.407309536909414192e+02
-2.222987462046143037e+02
-1.435134580575357859e+02
2.304463451531060230e+02
-2.703834994126239621e+01
-7.514698172537306675e+01
2.036972984479080750e+01
3.691599303495344770e+02
3.791267005937410772e+02
4.120507490716866528e+02
1.574581564215123137e+02
2.361831968120673366e+02
6.466593026492431591e+02
1.061239727552058866e+03
1.362037942970335962e+03
2.229246036185704270e+03
2.941520621615543405e+03
3.899297170889559766e+03
3.706322149247857851e+03
5.277189178109638306e+03
5.718758334950247445e+03
7.533707194575598805e+03
6.968501748198622408e+03
9.220158395203547116e+03
