4.434808378533098789e+02
3.126522740657657096e+01
-3.729007012479897867e+02
-4.507613358575724192e+02
7.253646606349353476e+01
2.763795057821856176e+02
1.391194242120541730e+03
1.995515206652208690e+03
2.648110630911723092e+03
3.650808759586213455e+03
3.983671363892122372e+03
5.222488311211566725e+03
5.092317043782526525e+03
5.872572917300022709e+03
5.724351759052564375e+03
5.961523227421250340e+03
5.818869531449228816e+03
6.017033827761078101e+03
6.088143206987063422e+03
5.945156877723970865e+03
5.995569165515014902e+03
5.815725090184474539e+03
5.792972080548439408e+03
6.590861372120215492e+03
6.153285979557387691e+03
6.021003630909383901e+03
6.269058028119339724e+03
6.307021217533205345e+03
5.931298764031599603e+03
6.199491527056308769e+03
6.213848087545278759e+03
5.466636751157431718e+03
6.045121667298891225e+03
6.290937933668807091e+03
5.959006640517020060e+03
5.993769848407944664e+03
5.713228248677755801e+03
5.607307152274435794e+03
5.591890533649188001e+03
4.552443474918743959e+03
4.222501658880718423e+03
3.258467882968473077e+03
2.589075951596860705e+03
1.894334804811963068e+03
1.448743848367123974e+03
3.205581205332566128e+02
6.052637041196330756e+02
2.147965121251794471e+02
