6.332423768145571557e+03
7.805046731164976336e+03
7.179040069217037853e+03
7.004336821613679604e+03
8.056505949869832875e+03
6.688847416647733553e+03
5.934304129354073666e+03
4.749020884941094664e+03
4.008989794913877176e+03
3.461717922054043356e+03
2.530222121316760877e+03
2.005688705257843822e+03
1.445366043445783134e+03
7.879313445585894442e+02
4.402789857312974391e+02
6.020258630413859464e+02
5.229066261333196053e+02
4.664107242477511477e+02
4.375672482102139043e+02
6.951844673348598462e+02
2.268646257723520137e+02
6.654646417239379730e+01
2.106154641459398817e+02
4.375018925556348393e+01
2.269497545782928682e+02
-2.754339406053712764e+02
2.425078661535455069e+02
1.547120615182487882e+02
1.281548458953612624e+02
2.706249270671159479e+02
3.099357059584257286e+02
3.289190737273742684e+02
5.392210239885172314e+02
-3.821067135435519901e+01
7.907167427517503029e+02
5.747950324218184051e+02
4.196018041954400815e+02
1.120941911104418523e+03
1.845542364393876369e+03
2.398904358306478116e+03
2.576710761509281838e+03
3.586349351624928204e+03
4.011578817155595971e+03
5.361032578166244093e+03
6.117351813357819083e+03
6.938175682468887317e+03
6.801136093071873802e+03
6.811304988245135064e+03
