5.334837194306879837e+02
-5.681170144119954912e+00
-4.027473145769555458e+02
-2.399087510654507867e+02
-2.238776940931439583e+02
3.387312104489855642e+02
9.406636242550036968e+02
1.764619326929626823e+03
2.546734745486995052e+03
3.190201141068023844e+03
4.090710606714990263e+03
5.107990740902105244e+03
4.798124344138046581e+03
5.472527455493217531e+03
5.449428565197972603e+03
5.901766478953612022e+03
5.859790777851319945e+03
5.924095557622759770e+03
5.357880789066900434e+03
5.568836238799567582e+03
5.772718517143038298e+03
6.320105845173134185e+03
5.952617673817059767e+03
5.814021922086122686e+03
5.834407515056251214e+03
5.886589308001166501e+03
5.939401506893177611e+03
6.225720152608729222e+03
5.931877105586781909e+03
5.941303195134357338e+03
5.745531705751012851e+03
6.053580362253785097e+03
5.904684245049839774e+03
5.953323149797648512e+03
5.831809942743935608e+03
5.974381763435904759e+03
5.648319202918699375e+03
5.451982921163389619e+03
5.163872267844179987e+03
4.122298324202053664e+03
4.127675591986677318e+03
3.197941523141849757e+03
2.221997912436897423e+03
2.064841916813411444e+03
1.170492038406603342e+03
6.199839286224836314e+02
5.470174390427939670e+02
2.745055582001915013e+02
