6.539195200987343014e+03
6.909476935216851416e+03
7.167476334030337057e+03
6.980882641287859769e+03
6.863575761800339933e+03
5.968017711200002850e+03
5.303520513132236374e+03
4.738382094864637111e+03
4.000172310068706338e+03
3.246268267771156843e+03
2.173799765872517128e+03
1.834652008209138103e+03
1.212303562820779462e+03
8.287522071732022368e+02
7.256130114011581327e+02
2.357754897706908537e+02
5.542305100406982774e+02
3.895469795800320867e+02
5.249038872941808620e+01
-8.228259110297904044e+01
4.736911907955766878e+02
6.860105353651316591e+02
1.892243657329928794e+02
-1.594528689426513779e+02
2.403752947905474286e+02
-1.082553868730475521e+01
1.507640090347712380e+01
-8.659537016051847047e+01
3.507582209574641752e+02
4.413962915699145242e+02
3.592437501663862065e+01
2.915631778355211168e+02
2.252583001818663888e+02
1.274403976985565521e+02
7.086170580267591959e+02
5.331711943989973861e+02
6.023393472247411182e+02
7.919468292928233950e+02
1.482508147528536483e+03
1.875807390039568418e+03
2.402067355426775976e+03
3.637514808469029049e+03
4.083852697075465130e+03
5.155709866488922671e+03
5.290809765598554804e+03
5.891743947443915204e+03
6.511415520485622437e+03
6.586952589633507159e+03
