6.216250693539701388e+03
6.787098016501848178e+03
7.050661667185440820e+03
6.922256356254471939e+03
6.685376381240542287e+03
6.484882680377490942e+03
5.851559607733652228e+03
4.697110269820596841e+03
3.832834856824693361e+03
2.914450039311627734e+03
2.036116886243515864e+03
1.888628724920696641e+03
9.597862386578647147e+02
9.849656285671125033e+02
8.454524380752974366e+02
5.981878403568845215e+02
5.730505227519997788e+02
7.135479603632719545e+02
4.118513609100448321e+02
1.493692492064062662e+02
5.527173487100386637e+02
4.082175508470454588e+02
1.348782769732353302e+02
4.803818520288069038e+01
4.489459224130418136e+01
3.455800678807501640e+02
1.715966158147373903e+02
1.082730149665640056e+02
2.831310543258134658e+02
-2.093154906972497429e+02
6.491119800275572516e+02
3.124103980940828933e+02
4.880385026405263602e+02
3.208858239677582560e+02
3.173000906047047351e+02
2.442196150208446284e+02
1.924052448026097011e+02
1.098075528375335807e+03
1.237797422187155234e+03
1.913760211032470124e+03
2.634729442796930016e+03
2.808490289785460845e+03
3.693024912867599141e+03
4.076891796640358734e+03
5.837484470381778920e+03
5.957461711404991547e+03
6.369517532552019475e+03
6.027981840301428747e+03
