2.935411080535529891e+02
-9.155175591778062483e+01
-2.378272516775324732e+02
-5.471616794306543170e+02
-6.055573825106770869e+01
6.435553172234797330e+02
1.326911384348864885e+03
2.029145629115385191e+03
2.620723564828488634e+03
3.736117105013019682e+03
4.285004821695586543e+03
5.144483774962244752e+03
5.516806918277474324e+03
6.178507611774606630e+03
5.886331448117153741e+03
6.381176743352652011e+03
6.220516580699808401e+03
6.312739228657632339e+03
5.933226481452608823e+03
5.624634929558342264e+03
6.336467118612050399e+03
6.130812368050511395e+03
6.387627468652020070e+03
6.584742803669983914e+03
6.441022451883980466e+03
6.347600260575173706e+03
6.781253367509373675e+03
6.440124102219534507e+03
6.357161376695639774e+03
6.083124234097744193e+03
5.974134763746124008e+03
6.272985869513740909e+03
6.410827498713981186e+03
5.973687235759516625e+03
6.451441127215846791e+03
6.440845078534408458e+03
5.819294362021705638e+03
6.028854050041000846e+03
5.383020637355811232e+03
4.846325555246633485e+03
4.437744461093358041e+03
3.725691595070970834e+03
2.826010533039837810e+03
1.728597997482041819e+03
1.436457316029227513e+03
9.300324411717377870e+02
9.860870603430416281e+01
-7.856101923473495674e+01
