6.173248391525984289e+02
3.056154811092102364e+02
-3.994327129959272042e+02
-4.017010891514682953e+02
-3.384012228618063318e+02
2.165947047473943883e+02
9.753866797989982160e+02
2.207261638401848813e+03
3.093047753411936810e+03
3.406408913606861461e+03
4.228924189209171345e+03
4.992844260938358275e+03
5.340645492032128459e+03
5.916231152094560457e+03
6.403153519452124783e+03
5.776754074009426404e+03
6.377827674931913862e+03
5.903144734974774110e+03
6.039122211460178733e+03
6.422731399193216930e+03
6.255918976870727420e+03
6.145293526713177926e+03
6.465205231973310219e+03
6.510440444893696622e+03
6.407606326851225276e+03
6.719556255836974742e+03
6.376407241160307422e+03
6.244606154594357577e+03
6.358833860458407798e+03
6.620366948616705486e+03
6.235176101814689900e+03
5.933405350911146343e+03
6.154561549197935165e+03
5.938081763107259576e+03
6.311605921087619208e+03
6.059334428766916972e+03
5.880635221190871562e+03
5.731908816899625890e+03
5.342683588676391082e+03
4.696720021827521123e+03
3.481887917120583552e+03
3.448135394157496648e+03
2.320518014269317064e+03
1.680746724626859077e+03
9.607331162453546085e+02
4.869532845225788265e+02
-7.774774502666002718e+01
3.640719289151105045e+02
