8.263457832463229352e+03
7.094976617256807913e+03
7.819506488470855402e+03
7.102627647639096722e+03
7.536415385198001786e+03
6.571215625870095209e+03
5.544383361095091459e+03
5.311400857295470814e+03
4.047901985604356469e+03
3.095309858295149752e+03
2.283079830725670490e+03
1.377500515087249141e+03
1.351822904068123307e+03
6.182069558291808562e+02
2.610294646881998801e+02
8.171082119400265356e+02
4.097698178162825116e+02
5.362758205798130575e+02
6.543508406459806110e+02
4.824810241599913070e+02
8.515997174930434710e+01
-1.918823020526305072e+02
5.502509921274469917e+01
-9.161408968986718548e+01
2.520111197358122723e+01
6.445995615729749773e+01
4.470746070933590772e+02
-9.451413066896972737e+01
3.114753450701768429e+02
1.380503133030706238e+02
4.624522908068740321e+02
4.368631574248685752e+02
6.628425557165027158e+02
-1.672755887185540047e+01
7.113431100277332462e+02
8.005125688441269176e+02
7.391958786102896966e+02
1.317270341589359987e+03
1.553726871260604867e+03
2.515594061900704219e+03
2.383056116869498965e+03
3.766014020619485564e+03
4.663982674528084317e+03
5.429528868051508653e+03
5.847312810369890940e+03
6.477740309268763667e+03
6.353953926695369773e+03
7.224343026745173120e+03
