3.660620038113792702e+02
-2.243327206926564372e+02
-1.875254153658659106e+02
-3.036925063061628975e+02
-1.101717382832003267e+02
4.596603768365108635e+02
1.473381052584146119e+03
1.868927427726665428e+03
2.726014729510196503e+03
3.380052638672868397e+03
4.477234031437285012e+03
4.371286318642555671e+03
5.212753773292918595e+03
5.364547282754763728e+03
5.806584955580353380e+03
5.787697632944946236e+03
5.686188506174091344e+03
5.849756189397053276e+03
6.000788828753254165e+03
6.176662734637103313e+03
5.901254928466310957e+03
5.950068270253201263e+03
6.110414800398816624e+03
6.192075231525000163e+03
6.159683266535969778e+03
6.298199462857139224e+03
6.122202887278095659e+03
5.992876706527492388e+03
6.150312099720526930e+03
6.050817222964861685e+03
5.820527368349635253e+03
5.811728564668492254e+03
6.026510008967704380e+03
5.680411212907353729e+03
5.813011609162910645e+03
5.764445970365739413e+03
6.022338954710367034e+03
5.279027826672705487e+03
4.997871014320567156e+03
4.480443338120185217e+03
3.931195352024221393e+03
3.121364863627596606e+03
2.466266107027475755e+03
1.868615363728760258e+03
1.345000601628692493e+03
5.473676969413619418e+02
1.456597525320946716e+02
6.545239366296846129e+02
