2.820529926613897942e+02
-1.962290043463304201e+01
-7.091204987929819481e+02
2.855015156472304056e+02
-2.558929245345555046e+02
4.170818154535527924e+02
1.030182584128632925e+03
1.765050671784722454e+03
2.762574406827575785e+03
3.670204370479380032e+03
4.120090363163934853e+03
4.662337988079096249e+03
5.575629424716554240e+03
5.590010859231457289e+03
6.050158167739507007e+03
5.894796465877908304e+03
5.940447686716463977e+03
5.969302269856332714e+03
6.168880768481943960e+03
6.202095482327916216e+03
6.025185999259914752e+03
6.291884238214454854e+03
6.122428146802082665e+03
6.193480370072380538e+03
6.684806177743938861e+03
6.402612017133601512e+03
5.982122424834924459e+03
6.332920383599262095e+03
6.389920808813535587e+03
6.150819939239926498e+03
5.850977983014770871e+03
6.031371826091643925e+03
5.965603306567037180e+03
5.957513288273719809e+03
5.986807969835454969e+03
6.091156120179065510e+03
5.882802566373828085e+03
5.410802990659022726e+03
5.160489707665196875e+03
4.414106262664434325e+03
3.706995543138308676e+03
3.183538454799949704e+03
2.449486154740944130e+03
1.851524175671494959e+03
1.538773017338928412e+03
4.635846545380429689e+02
8.003117908403085039e+02
6.455047109223379493e+02
