6.346219123555637452e+03
7.360409233562158079e+03
6.915435006965803950e+03
8.084962771915405028e+03
6.751703410978045213e+03
6.224497012240180993e+03
5.407039152002846095e+03
5.031526789438493324e+03
3.926792679504129865e+03
2.931398047659520216e+03
2.167388363870493322e+03
1.433243542796166821e+03
1.631565461693164025e+03
7.197238827383566786e+02
4.837030049873869757e+02
9.199204479647377184e+02
7.796229783982623758e+02
4.683460099776293646e+02
4.307427260123713495e+02
3.199890706323174072e+02
2.077860868238099386e+02
1.938044728615774090e+02
-2.126993799443920921e+02
2.610013898765654403e+02
-2.620708290817255204e+01
1.790718616010400410e+01
-2.049694492394312988e+02
-9.573319858620165235e+01
4.201502461417097152e+02
4.195606312432085616e+01
2.892532760925313369e+02
7.900376358316052006e+01
1.509035625658749780e+02
3.047160026245140898e+02
3.985163558165243103e+02
4.056886579526905052e+02
2.443776943560417862e+02
9.427080262611524404e+02
1.628584312155850739e+03
1.803691108216492012e+03
2.941951608367951849e+03
3.400193813280679933e+03
3.956744427444298253e+03
4.839164756698625752e+03
5.518688846437459688e+03
6.528455210971868837e+03
6.329301242458946945e+03
6.014658063194235183e+03
