6.582443423639578214e+03
7.294432170459217559e+03
7.219031101252389817e+03
9.305790351328752877e+03
7.300276294969370610e+03
6.540679288603704663e+03
6.654308030872196468e+03
4.701589661651185452e+03
4.743519855011145410e+03
3.787296988392009553e+03
2.279829480183219403e+03
1.578883572361380175e+03
1.395644505449547978e+03
1.103203340074755488e+03
2.165575772417676603e+02
5.073656674266166533e+02
5.773583759058218448e+02
4.064781045671253423e+02
-6.783602817533399332e+00
3.634284831638124729e+02
2.696235713465867434e+02
5.762905922672853620e+00
3.972829796506857747e+02
5.598229461060579837e+01
-5.453024264096612939e+01
4.320941037495681485e+02
-1.539323515553407162e+02
-2.926941641302689732e+02
2.184957805484724247e+02
2.934370468657439233e+02
1.550015833982058382e+02
3.207849525279879686e+02
5.330194057200504858e+02
3.155316196234629160e+02
6.402127360219067214e+02
5.440694174526433926e+02
5.280607257983230056e+02
7.910760282588676091e+02
1.928858940380927606e+03
1.979331350277978345e+03
3.599763293892223373e+03
3.091525885126925914e+03
6.685609303514193925e+03
5.207058072334221833e+03
5.782183700082465293e+03
6.153723448850859313e+03
7.058670944147386763e+03
6.356711488594792172e+03
