8.635554133286603928e+02
2.293666188972030895e+01
-3.041078925832358095e+02
6.511341077516412668e+01
-4.615341896788163467e+02
-1.859634037314891941e+02
1.468921990295768410e+03
1.581193295555312943e+03
2.813182000125866580e+03
3.536096771363939297e+03
4.596323161802239156e+03
4.921869110711822032e+03
5.216392588987015188e+03
5.765398643154125239e+03
5.696573035363951931e+03
5.750765953302544403e+03
5.925842635452829199e+03
5.922246635981844520e+03
5.886494682700935300e+03
5.697243101016751098e+03
6.413207696928562655e+03
6.092374249874209454e+03
6.169972747750879535e+03
6.644397519352712152e+03
6.284139015471187122e+03
6.135361288247667289e+03
6.302577694153985249e+03
6.067456751769851508e+03
6.200633398356954785e+03
6.237949617885707994e+03
5.813149662650275786e+03
5.948841319589781051e+03
6.243597082490670800e+03
6.048670823910665604e+03
5.978044674856435449e+03
6.179842589150760432e+03
5.621734569859003386e+03
5.375291573175361009e+03
5.370095893950300706e+03
4.408429454200541841e+03
4.243876002944605716e+03
3.558693628295426151e+03
2.939966506808124905e+03
2.026103208723621037e+03
1.514204686456551372e+03
3.655056009106355077e+02
4.773822262536644416e+02
4.364662174351579438e+02
