6.329323767670425696e+03
6.609877035215838987e+03
7.558710361185606416e+03
7.488705194911724902e+03
7.009603022897491428e+03
6.535932205891735066e+03
6.303429911093863666e+03
4.708484248448361541e+03
4.147454673561014715e+03
2.879476813503774338e+03
2.651758675341539856e+03
1.756767744040036405e+03
9.028726431611133876e+02
1.255219138533803743e+03
6.794609736961413091e+02
6.018591037786175093e+02
3.085744213833906429e+02
7.308207330254347198e+02
6.900346517610720412e+02
2.447646165490095882e+02
8.577701331187958544e+01
3.939395145556889588e+02
1.697126120189911092e+02
1.045330085692557844e+02
1.174388081199623457e+02
1.710054838634251553e+02
1.990422436678369991e+02
3.764588173359324941e+01
-2.229499204514296764e+02
1.279720483917768235e+02
4.482367352893239172e+02
1.886555172250330656e+02
3.499214628389176482e+02
7.477935143293897227e+02
3.513135875135897663e+02
5.823988820815038707e+02
1.127066025200155082e+03
8.539249648799501529e+02
1.087216010702475387e+03
1.834053302809595607e+03
2.675163860937808749e+03
3.615091593368651957e+03
4.084370723876948432e+03
5.393891793386810605e+03
6.245439029038276203e+03
6.227309606415712551e+03
6.623759380093425534e+03
6.919142267608074690e+03
