7.169986108432382935e+03
7.053538731698288757e+03
7.380875585550508731e+03
6.844932638097396193e+03
7.331031593095784956e+03
6.482591710365976724e+03
5.723594427838148476e+03
5.195919215876777344e+03
3.573498964820782021e+03
3.028450093726885825e+03
2.532730585474085728e+03
1.752527574718933920e+03
1.189118348180184512e+03
1.096256990506329430e+03
6.474966249084347965e+02
2.685872307783692463e+02
1.312745914389770405e+02
9.657529964052719151e+02
1.624920895311047389e+02
5.356806409590209341e+02
1.453516047044480217e+02
4.331437247172011666e+02
-2.115586345801904429e+02
-1.613111073930703867e+02
3.841901590397791466e+01
6.792078970852806208e+01
1.701947131412329668e+02
3.715335711975026243e+02
8.029311112452953125e+01
6.861189090882961636e+02
4.415625715071993227e+02
1.975655772726182136e+02
5.245252195257479571e+02
4.355613765541358475e+02
6.347209408625307105e+02
7.187780477616719281e+02
7.830046818266515629e+02
8.267064211323034897e+02
1.813497785575668331e+03
2.267622957122240223e+03
2.677056085691581757e+03
3.574619745225932547e+03
4.011277136894036630e+03
5.044857843086697358e+03
5.045033797492857957e+03
6.542794028841163708e+03
6.864295389840578537e+03
6.796104358345577566e+03
