6.306574670330097661e+02
-1.104456943876575714e+01
-3.520242722904076800e+02
-4.040791510605218377e+02
2.181569178856443691e-01
1.362723688388080348e+02
1.337326346055393287e+03
1.963385084447063946e+03
2.433935552333423402e+03
3.397470594119062298e+03
4.240195707852377382e+03
5.119756249871672480e+03
5.486494085192818602e+03
5.562016984311489068e+03
6.067763341041040803e+03
5.999606968170820437e+03
5.897247096890861940e+03
6.058217558187183386e+03
5.686102391835425806e+03
6.139788682676598910e+03
5.941909285223046027e+03
6.055455898134048766e+03
6.141860743432116578e+03
6.055459716543989998e+03
6.307967336481572602e+03
6.109997702910411135e+03
6.443203798694430589e+03
6.050372878453561498e+03
6.248680469560336860e+03
6.088174676900848681e+03
6.216110698409494034e+03
6.183079147960782393e+03
6.047611141249072716e+03
5.734233590338516478e+03
5.758400772080847673e+03
6.025509460313373893e+03
5.558434537125234783e+03
5.503872387708437600e+03
5.301959495873537890e+03
4.592292783473328200e+03
4.068408174015147324e+03
3.480847899332317866e+03
2.534318819769560378e+03
1.704862990642767500e+03
1.138180251142913448e+03
6.513428073253750199e+02
3.901278375290369240e+02
2.964175523808924595e+01
