8.306413772956813091e+02
5.144291416973305786e+01
-5.938737993424382466e+02
-4.257234186939726328e+02
-3.348559038320033778e+02
4.723688304030022778e+02
1.040327335437265447e+03
2.059685538322882621e+03
2.959523929994483751e+03
3.247082078257441026e+03
4.397227214055350487e+03
5.198582248481334318e+03
5.548835296625363299e+03
6.368841002571912213e+03
5.799254710304165201e+03
5.779292715204090200e+03
5.898707588697663596e+03
6.256895551093793983e+03
6.322994957867116682e+03
6.070288286267346848e+03
6.375596221495259670e+03
6.498667540991864371e+03
6.468304445886643407e+03
6.374293615006817163e+03
6.539436614597208063e+03
6.214327665602892012e+03
6.361060248077899814e+03
6.445969993642013833e+03
6.418096491488139691e+03
6.129262500692652793e+03
6.292947646411458663e+03
5.912982359117001579e+03
6.145295769426658808e+03
6.397578391638442554e+03
5.894454701452315931e+03
6.360607871305842309e+03
5.810401760636698782e+03
5.426593703198594085e+03
5.010960810937865062e+03
4.699861938479373748e+03
4.146267162758316772e+03
3.654667388400905111e+03
2.620711818005102486e+03
1.455300877416495950e+03
7.279021268694453966e+02
9.135425054071537261e+02
7.814648140049844187e+02
1.097662923060980233e+02
