7.541520745320101014e+03
7.215267589176606634e+03
6.813091306373627049e+03
7.037106953593805883e+03
6.548871592822397361e+03
7.398252873940539757e+03
6.282612624964249335e+03
5.425201709804719030e+03
3.640414219033655172e+03
3.324351010749816851e+03
2.202291826865397070e+03
1.398978175894498918e+03
9.500929993603285766e+02
8.616887615837134717e+02
6.016208875726130145e+02
2.740239912579300494e+02
5.140827564249972284e+02
5.484697778454937378e+01
3.254966058138799667e+02
2.643586885408234934e+02
1.685403237220797905e+02
4.025815362975177436e+02
4.400849702303625577e+02
-3.123199782339034414e+02
1.958423550978785670e+02
-5.804019863902528442e+01
-1.306055522850745376e+02
-2.718705598873411304e+02
3.558029511547831589e+02
-9.023404451051229103e+01
3.010895817018727598e+02
4.105954075165950456e+01
6.241485820118093670e+02
3.873596255377788111e+02
3.539036745980806700e+02
5.243912430761547512e+02
4.544177125798760244e+02
9.867773409344458742e+02
1.170283255601836345e+03
1.884603053943252007e+03
2.290350398338643117e+03
3.855055695985776310e+03
4.316863242368580359e+03
5.596102322109824854e+03
5.479494319891477062e+03
6.396535771459634816e+03
6.442651838542971745e+03
7.207217896051916796e+03
