2.720275597358656228e+02
-5.999818798286024446e+01
-6.981400538277832766e+02
-8.814915034056384968e+01
1.715768621361188480e+02
4.026829702792194325e+02
1.013776725843269219e+03
1.687965030612983810e+03
2.577799191173633972e+03
3.756125596556031269e+03
4.431402060673549386e+03
4.743831455118462145e+03
5.143082100160904702e+03
5.353320465835077812e+03
5.845486847273336934e+03
5.328088224715843353e+03
5.567751767360169652e+03
5.877375143872262015e+03
6.160775200335245245e+03
5.498483427052230581e+03
5.574509430861374312e+03
6.185729703529767903e+03
5.787111592467782430e+03
5.971973524563287356e+03
6.064576107395400868e+03
6.073202509464005743e+03
5.932532048602692157e+03
5.745767983388233915e+03
5.895455503438103733e+03
6.182230587763554468e+03
5.824938007412256411e+03
6.002849454269537091e+03
6.202323535564291888e+03
5.662165390943554485e+03
5.920161323989463199e+03
5.777132938923289657e+03
5.334987585032440620e+03
5.221576116549225844e+03
5.169208695588862611e+03
4.500469104409068677e+03
4.024909869499089837e+03
3.194983914552780334e+03
2.357294987590432356e+03
1.986766609416561323e+03
1.180111570791254962e+03
5.135526274392963160e+02
1.134123268454713838e+02
5.442073070508275805e+02
