7.200465636466816477e+02
-9.477927511761210155e+01
-5.988084739317920366e+02
-6.968776072538287281e+02
-3.914693470387123853e+01
7.095657273604175543e+02
9.666859918518214272e+02
2.159431678656510485e+03
3.120711039128696029e+03
3.758505109116632411e+03
4.480703559170927292e+03
5.086642280443330492e+03
5.562380876224615349e+03
5.853159036943373394e+03
6.553311594912011969e+03
6.237456744779133260e+03
6.323999996736197318e+03
6.394356129909530864e+03
5.897994523701063372e+03
6.088881556990984791e+03
6.375438659155194728e+03
6.293490359157010971e+03
6.113697074983413586e+03
6.456250056888284234e+03
6.660243594714297615e+03
6.609680504227460005e+03
6.600958412084236443e+03
6.472271383205074926e+03
6.347524053258460299e+03
6.592554480098971908e+03
6.194501977687849831e+03
5.813775528963093166e+03
5.770286114863128205e+03
6.204510819931730111e+03
6.109243884879420875e+03
5.786770277700739825e+03
5.955182974739294878e+03
5.545773526982849944e+03
5.054595652697777041e+03
4.675837941004077038e+03
3.957801834960476754e+03
3.332814380637024442e+03
2.452743279385251753e+03
1.869622245806937599e+03
1.263637390200767413e+03
6.837540289625670766e+02
3.859582366923744985e+02
1.724114615669467412e+02
