6.828690289251418108e+03
7.191010953518542010e+03
7.618937936597044427e+03
9.620125056809181842e+03
6.565876164868382148e+03
7.227192898609687290e+03
5.772482739256450259e+03
4.550655471701955321e+03
3.736161342773282740e+03
3.625451962337536315e+03
2.852126540323463814e+03
1.567694896670059279e+03
6.737177604336934564e+02
8.556320001354426950e+02
1.604741963980155560e+03
7.197762809344682182e+02
6.537399539306975385e+02
9.110300064329281895e+02
4.204305058076379282e+02
3.944396560969038887e+02
5.582575365008246138e+01
1.438228971519468473e+02
-3.116946652488323934e+02
1.187341928023516289e+02
-4.822030036598955860e+01
2.274615826777022107e+02
-1.301526757379197932e+02
2.938819306481483551e+01
2.146194106625577831e+02
2.670335567426104717e+02
3.150137269539749809e+02
-9.640748599720220113e+01
5.258988792319872800e+02
4.464860065140273093e+01
-1.371549850175489027e+01
3.228727756086624368e+01
9.858082281778899869e+02
1.288717896550530895e+03
1.413800519025848871e+03
1.549529873969140453e+03
3.367638691293405373e+03
4.234473234487834816e+03
4.242378321872325614e+03
6.517035131084219756e+03
5.787517610614682781e+03
7.226604506215184301e+03
6.982320456270644172e+03
8.107596248124019439e+03
