6.624893882532136558e+03
7.185291942421209569e+03
7.358868331123967437e+03
7.241164205594070154e+03
6.807034901431738945e+03
6.234693171192197042e+03
5.547025783002424760e+03
4.627053442614735104e+03
4.380144246876774559e+03
3.135987858502992367e+03
2.290133759383192682e+03
1.523925247987392595e+03
1.419474679566062832e+03
9.216722460062377422e+02
3.403202232864327357e+02
3.929924750596392187e+02
7.420132997364972880e+02
2.261354779033195541e+02
6.854903487888701648e+02
2.682725619701749338e+02
1.668354583142871661e+02
3.020550989354785543e+02
-1.622394442064687894e+02
-2.110820311175654922e+02
2.590449396161753839e+02
-2.661741513329198483e+02
7.512004250329276545e+01
-4.295777231450741169e+02
1.402632440794731110e+02
1.831533915408627990e+02
3.890979312678538804e+02
5.266981714531204943e+02
9.428183466529189616e+01
3.571506515050659232e+02
4.716334535187352230e+02
3.447802043112808406e+02
5.471032183283166432e+02
8.461326815993681976e+02
1.211713905887660530e+03
1.761092489954407483e+03
2.343635585274789719e+03
3.131067824876567101e+03
4.140056107675123712e+03
5.206812789306953164e+03
5.616568426392412221e+03
6.171869351894672945e+03
6.716927218404943233e+03
6.541597422008958347e+03
