6.049788089724468591e+03
7.054382364379985120e+03
7.879559502983689526e+03
6.899375027212630812e+03
6.787535003336005502e+03
6.432941093676889977e+03
5.360672306299031334e+03
5.128484635970803538e+03
3.625566009061571549e+03
2.845898957745906046e+03
2.344467673312360148e+03
2.007143103464224851e+03
1.429749617565276367e+03
5.029922392483121030e+02
2.547502389306283987e+02
2.442984765897788009e+02
2.710431324249505565e+02
3.288197621654305749e+02
5.849507256909448643e+02
4.861833900710134344e+02
1.114479216565315483e+02
3.723017086904234247e+02
2.965243910059591030e+02
-8.627954345966973904e+01
3.320133080110333594e+02
5.408569457518032664e+01
-2.903537419563987214e+02
-1.850402285982148101e+02
2.548564955152177092e+01
8.635585389602654516e+01
1.832960180169993691e+02
4.287541632060698475e+02
4.721689987482105266e+02
2.887862882155721422e+02
2.155772575157024846e+02
3.858790967683348185e+02
4.146420137402154751e+02
9.655008849800888129e+02
1.557948576821206188e+03
1.709909785829459224e+03
2.572455896120796297e+03
2.783293322406160314e+03
4.142162245474625706e+03
4.562189498131292567e+03
5.983215979598639933e+03
6.037906694977943516e+03
6.508679643865004437e+03
6.624539221667277161e+03
