6.126181678492043829e+03
9.327473446967514974e+03
9.973298821774373209e+03
9.923942161570748794e+03
8.359428401616483825e+03
8.600671538255348423e+03
6.117883501891468768e+03
6.588937752428454587e+03
5.072825321203244130e+03
2.989880127165455178e+03
2.335703360473666180e+03
2.536617553065091670e+03
2.165488337106578001e+03
8.140783570381349818e+02
1.030366954069768781e+03
6.030245994307310866e+02
2.056743244993451469e+02
3.365390612653704920e+02
5.080662584032368159e+02
4.163493934497387841e+02
4.144854490264320930e+02
1.083390249141826871e+02
9.095647455321095265e+01
3.984857246312705001e+02
-2.371252761159878446e+02
7.139407850642432152e+01
3.633097123911429804e+01
1.559068694807149029e+02
7.654673628479716285e+01
2.660474099180397047e+02
-1.056752104287612610e+02
5.706694787877788713e+02
5.506432966726613358e+02
7.108098454324341446e+02
1.127354856347359828e+03
4.329844169478910203e+02
5.767672437681355859e+02
1.042641649904929636e+03
1.112553442234683871e+03
1.859348638630643791e+03
2.757325028130146165e+03
4.573975480792854796e+03
5.182888620590962091e+03
5.403282094614329253e+03
5.825851312711955870e+03
6.183457044345316717e+03
7.193566320741681011e+03
7.467581336340274902e+03
