7.291612646371840128e+03
8.441232877193115200e+03
7.291616088848282743e+03
7.401296120443799737e+03
8.009278960097178242e+03
6.328238363664983808e+03
5.448539254280559362e+03
4.550363521279352426e+03
3.618270544647685711e+03
3.198661646084364747e+03
1.964454278653210622e+03
2.158291496349652334e+03
8.945936461517013640e+02
6.052556455003751807e+02
1.009824714682545618e+03
9.531949672929923736e+02
8.258182276220659332e+02
3.211819359282884534e+02
5.383923020715659504e+02
4.939343761643906987e+02
2.025799978140602207e+02
1.477281546463501343e+02
4.727184043603488561e+01
3.493898642376444172e+02
8.352549203543858880e+01
-2.022343016502932400e+01
-1.338075426397025183e+02
3.498319214426149415e+02
2.487418525070129931e+02
5.549711356256002546e+02
1.104164972566703966e+02
1.238644033292941629e+02
3.088991046064013517e+02
3.991302633854094779e+02
3.746193764951972298e+02
4.661951985107412497e+02
3.192891602746513513e+02
1.088793005179043121e+03
2.049660753180987285e+03
2.805839152760672278e+03
2.981287029707724741e+03
3.533295190118562914e+03
3.852867416393017265e+03
5.894312392131962042e+03
6.028377256076167214e+03
6.554604445360526370e+03
6.807110344308378444e+03
8.557801646030507982e+03
