5.266362995921924721e+02
2.026660030988966810e+02
-3.993723120586033701e+02
-8.272564809664924041e+02
-4.006420048452572473e+02
8.979684951792706897e+02
6.526294255784681582e+02
1.500500259215333472e+03
2.433521571357126504e+03
3.488691560476070208e+03
3.821491413554473183e+03
4.818094085339751473e+03
4.889316150990504866e+03
5.016471172900794954e+03
5.296360658886864258e+03
5.438689757058775285e+03
5.732109279531603534e+03
5.651480769759481518e+03
5.792952782037381439e+03
5.800731199647390895e+03
5.416661113077469963e+03
5.664954264064917879e+03
5.826760166508827751e+03
5.806312779903177216e+03
5.950126524486330709e+03
5.932732071290140084e+03
5.817012403115198140e+03
5.661337789937363596e+03
5.852262012080098430e+03
5.693419416852166250e+03
5.676129422546749993e+03
5.928205778036519405e+03
5.444007698456177422e+03
5.421947072994478731e+03
5.802823872617715097e+03
5.797248414543285435e+03
5.224264486657149973e+03
5.024134964515865249e+03
4.781234387980424799e+03
4.463525696228129164e+03
3.822008983844311388e+03
2.941432434398928308e+03
1.894263501748369436e+03
1.249057070388555303e+03
6.891691310921994500e+02
1.655833321208435223e+02
-6.404407367320070534e+02
-7.438592093019738627e+01
