4.528621679757113725e+02
-4.543847933299065289e+02
-4.954798160919247607e+02
1.475372632855913935e+02
-4.011581553987242614e+02
7.506233335592515914e+02
9.573446383733075891e+02
1.941246574704152408e+03
2.970193978299773789e+03
4.344432748368916691e+03
4.871539303822528382e+03
4.737530255579346885e+03
5.664139783000152420e+03
5.980417800481086488e+03
6.192266813053319311e+03
6.396950406632939121e+03
5.748335821264233346e+03
6.075002133831618266e+03
6.013079148663983688e+03
5.838951523444110535e+03
6.649272991843089585e+03
5.904165038150929831e+03
6.358742204696550289e+03
6.426727359154564510e+03
6.359585671215915681e+03
6.384657492617809112e+03
6.452424661780715724e+03
6.167152850976113768e+03
6.302614632924427497e+03
5.949074313116884696e+03
6.398295065791315210e+03
6.018232917358029226e+03
6.365784013457592664e+03
5.789087018789952708e+03
6.114793438116395919e+03
6.054601252061767809e+03
6.109302072925301218e+03
5.873497186672567295e+03
5.224837925903684663e+03
4.844027684853964274e+03
4.474336404234213660e+03
2.994939191625969215e+03
2.613805058432231817e+03
1.653521736862890975e+03
5.252920106261441333e+02
7.054171579149780200e+02
2.012522006699186363e+02
-3.955054012322895574e+01
