5.712641642058801153e+03
7.862131371501024660e+03
8.807927417327076910e+03
8.772376910681272420e+03
7.724747885442646293e+03
6.687816478419154009e+03
6.453336847525678422e+03
4.697074227762753253e+03
4.426482651621740843e+03
2.855620776027313696e+03
2.918306890319710419e+03
1.417174402287504563e+03
1.745491753637417560e+03
1.262079127326159096e+03
1.258163507098612172e+03
5.153105589796991808e+02
3.516435374230605362e+02
4.660475657242030820e+02
5.932896388935942014e+02
4.841686557738338479e+02
2.370781487529693834e+02
3.763972348321026402e+02
-5.506074505486597381e+00
5.076441620049830021e+02
-1.926179366437004603e+01
-1.927995908874289626e+02
-2.698576809288126199e+01
-1.130489605371327713e+02
1.642866312714539276e+02
3.413436808583088578e+02
4.259164907593336125e+02
3.967012276292786623e+02
5.016687270887591126e+02
5.609441444331691855e+02
5.805598604095986275e+02
9.161027408531475658e+02
1.054025733918185551e+03
9.862943192939761730e+02
1.324386082296232644e+03
2.285397459540548880e+03
3.092717959888628229e+03
4.535868110053340388e+03
5.102431879680756538e+03
4.587535391543241531e+03
6.078791998288352261e+03
8.029692353026771343e+03
8.041271455538981172e+03
6.894518800927745360e+03
