7.425035370543623685e+03
6.760039816296809477e+03
8.083011319464020744e+03
8.004483542831022532e+03
7.247757179932764302e+03
6.630008432970261310e+03
5.515999837184756871e+03
5.587849682311893957e+03
4.332442944355178952e+03
3.785184276001579292e+03
2.181266240036931777e+03
1.392920446165664771e+03
2.295102707570389612e+03
6.097888837530971387e+02
7.016873420716602823e+02
7.122260025092898559e+02
7.336573251494176020e+02
2.027459980448226702e+02
6.500443264625896518e+02
-6.202200708298903464e+01
-8.504995644793714860e+01
-9.885579937151842955e+01
-2.480845106240358007e+02
2.213704205815909063e+02
-2.672381832519260456e+02
1.422556371788264151e+01
-8.300361243830909075e+01
-1.359422600947491766e+01
3.159351228356737806e+02
-9.223069090407480530e+01
-5.456782878127179259e+01
6.323415722576255575e+02
2.695564834456976087e+02
2.957898619474832458e+02
2.377143109556783429e+02
6.567183062320208364e+02
7.564976527439312122e+02
1.322809232136968603e+03
1.658994741646490638e+03
2.246865681190258329e+03
2.100562346110554245e+03
3.667111220089932885e+03
4.137064943719640723e+03
4.900617671587691802e+03
6.314038116640384942e+03
7.092515914578294542e+03
7.470545107899269169e+03
7.505430803438157454e+03
