5.977526352949657849e+03
6.772281291551542381e+03
7.339650356302914588e+03
7.140845250946417764e+03
6.655722293913427166e+03
6.028058521801351162e+03
5.773182406620941947e+03
4.927868939939895427e+03
3.509074363905241171e+03
3.041257824338962109e+03
2.109877119468422279e+03
1.559342044694930337e+03
8.228914871319793747e+02
1.272652995459726299e+03
7.348899281842758455e+02
5.016751059016925751e+02
3.859536680289630226e+02
5.773996756402118535e+02
2.876777820771037568e+02
3.047573364104925417e+02
3.458063752846528160e+01
2.306937239475679746e+02
2.413038910047713728e+02
-1.308261154407618809e+00
-4.517473075233173319e+01
-3.222680468119757080e+01
-4.415340689444573741e+01
-3.876268415334322412e+02
1.550678708635079488e+02
2.899184312384421673e+02
4.351438858824238878e+02
2.260007189247613439e+02
2.591368340935701440e+02
4.571371569010944569e+01
2.884235212701440787e+02
5.424003316235469185e+01
3.827652250699418346e+02
6.783181025143238685e+02
1.404795741507691218e+03
1.648971967941154844e+03
2.011065325184818221e+03
3.198534124487626741e+03
4.120755925255081820e+03
4.941905662365503304e+03
5.425988508326917326e+03
5.980249883141396822e+03
6.225459185251661438e+03
6.562233269080110404e+03
