6.008961555022659923e+03
6.777384161733280962e+03
7.246587375942686776e+03
7.046342547045784158e+03
7.024038637030122118e+03
6.099163704025042534e+03
5.857057691176986737e+03
4.332288174271376192e+03
3.850903794423352338e+03
2.893239751737252845e+03
2.175223579681757656e+03
1.939417424475405824e+03
1.228098021026707556e+03
6.951827939513143519e+02
4.949145816962575850e+02
3.837382163680849203e+02
2.954618416438387385e+02
4.124319347705567793e+02
4.056498478125387805e+02
4.317159675926075124e+02
3.815780831553119015e+02
-2.965857992641602081e+01
2.403184791078987246e+02
1.668319133407213712e+02
2.160840283671252848e+02
-3.479531206263800982e+02
-1.704524498714985157e+02
-8.777815307170369508e+00
-3.029605665736189053e+02
-7.060635222493775132e+01
2.616299318671818241e+02
2.938148289407765219e+02
5.968320101671414477e+02
3.655006634773591259e+02
3.665162665752290536e+02
3.528900953914804859e+02
7.128774195278148227e+02
8.496733689867547810e+02
1.477842465165963176e+03
1.955087979194206127e+03
2.642810084493364229e+03
3.080757687739264384e+03
4.010944762651263318e+03
4.982263848125339791e+03
5.653019544220889657e+03
6.706574202876073286e+03
6.154642071793648938e+03
6.718652276915186121e+03
