6.974719667281970032e+03
6.714192749306840597e+03
7.051388732651460487e+03
7.416533011078708114e+03
6.908299982836506388e+03
6.956267133541149633e+03
6.066686614034539161e+03
4.428574974035055675e+03
4.101725591376921329e+03
2.757280314541667394e+03
2.164421868991993506e+03
1.367078499158099021e+03
1.073600535456291709e+03
2.004074970109944900e+02
7.266472692882118736e+02
4.836872768705533190e+02
6.606475404384931380e+02
3.617860556975623467e+02
3.926578963925304038e+02
3.991889179091100459e+02
5.211004604219576777e+02
-1.054141661762215421e+02
4.123833496405512733e+02
5.077381802428138258e+01
3.008030640313889990e+02
-2.300155927639331424e+02
2.331630528008587646e+02
1.062204326903729452e+02
-1.008898304458991362e+02
2.787457709386312104e+02
1.755903771888429787e+02
3.118515445619270281e+02
3.357969480210476263e+02
4.730878898439432305e+02
6.839734084761747681e+02
4.298046410507465112e+02
4.882517724515425925e+02
1.270263367102273151e+03
1.359476065978298720e+03
1.759527269409365317e+03
2.726700127869253720e+03
3.361698864738059910e+03
4.564094936071410302e+03
4.997662689941877943e+03
5.610879255491525328e+03
6.205184088816130497e+03
7.615355681546415326e+03
6.448534786416645147e+03
