5.968036395282591911e+03
6.910132714009659139e+03
6.958152553146283935e+03
6.733016797701902760e+03
6.479738613100615112e+03
6.010705810257729354e+03
5.334230026444324722e+03
4.547910699405517335e+03
3.793528721039008815e+03
2.911872322888204508e+03
2.186289637102699544e+03
1.822907388277880500e+03
1.144929394114886009e+03
8.922376806608635889e+02
3.977718255600402699e+02
1.504886079949239672e+02
-3.941837958913986739e+01
3.498086931139908984e+02
7.392357480000740679e+02
2.718592974613913498e+02
2.166398228998698983e+02
1.606620573340018154e+02
3.088632567079339992e+02
6.262816225393925862e+01
-5.788772974370700695e+02
-1.613520895906995349e+02
-1.704705560128885367e+01
2.425095012302017778e+02
-2.923085864301198740e+02
1.628001134743924752e+02
1.764242163078512817e+02
3.036408217301412833e+02
2.243412978386677139e+02
1.888391751540446535e+02
1.539007219165635263e+02
8.667815906395816228e+01
7.220322247951652344e+02
9.450544784867629460e+02
1.522202858921911229e+03
1.464276453737624479e+03
2.274406725821660984e+03
3.085281169892277376e+03
4.364807928972812078e+03
5.112583763497075779e+03
5.668634272580574361e+03
6.218847976693601595e+03
6.164912088989713084e+03
6.291985399487528412e+03
