2.542801627021783304e+02
4.130244484300781949e+01
-1.797693060064543431e+02
-4.275985121237611679e+02
2.019823195156116356e+02
1.098028910694165177e+02
1.003127313486841217e+03
1.724922002108292645e+03
2.344717411474346136e+03
3.809734398230477382e+03
4.354166424858681239e+03
4.752593423432264899e+03
4.905677694430788506e+03
5.538960939636433068e+03
5.538675505897159383e+03
6.157634590331375875e+03
6.127772716127419699e+03
6.064102874468238952e+03
6.031836416567946799e+03
6.176516237491463471e+03
6.132416843000671179e+03
6.050615444387640309e+03
6.116841917605809613e+03
5.786785343476221897e+03
6.374813235092375180e+03
6.398045256047485054e+03
6.097893766344485812e+03
6.379167393103100039e+03
5.863601267897129219e+03
5.932845591817981585e+03
6.105600878332505090e+03
6.110110510597571192e+03
5.698131118449535279e+03
6.008752338228688131e+03
6.155156803817155378e+03
5.839341909672154543e+03
5.691839483684206243e+03
5.370118733031608826e+03
5.242106424042464823e+03
4.372646495883577700e+03
4.052995090074733071e+03
3.383539200225734930e+03
2.509431119071120520e+03
1.684724167732109436e+03
8.652181240932694664e+02
2.505951025703652419e+02
-1.962301917300114837e+02
1.368701772592757777e+02
