2.839400688264453834e+02
5.260644367980595604e+01
-6.662345986840364276e+02
-1.970431981953214873e+01
-7.163590480061371579e+01
4.210283107979299757e+02
9.847330070656219050e+02
1.820685770249457846e+03
2.718532382178550506e+03
3.346966229274671150e+03
4.091452803552528621e+03
4.763751629939145460e+03
4.935907497722062544e+03
5.620586154384312067e+03
5.250129077588971086e+03
5.540589287644240358e+03
5.547300260293946849e+03
5.616882107486566383e+03
5.540310108743523415e+03
5.782784756486242259e+03
5.651891933756014623e+03
5.790268666734879844e+03
6.143022779532887398e+03
5.878930458809357333e+03
5.830462542657077393e+03
5.840701898335069927e+03
5.750878651343153251e+03
5.554884690038688859e+03
5.389739152429837304e+03
5.694689469842968720e+03
5.981708097134379386e+03
5.737167874716962615e+03
5.734870484203828710e+03
5.757534178417704425e+03
5.666312702107933546e+03
5.400643369850520685e+03
5.267584495851334395e+03
5.175889328757616568e+03
4.956803797709942955e+03
4.076542081503539521e+03
3.958075275861254795e+03
3.088766613467019852e+03
2.141059059321477434e+03
1.382312226334040133e+03
1.027708047825864014e+03
6.997476738827490408e+02
9.375354101658221850e+01
-8.498898105066555786e+01
