5.249111032797402459e+02
1.506959362261694082e+02
-4.073276992014273219e+02
-3.514805509867749720e+02
-3.255648742653406771e+02
4.087660849476355907e+02
1.209999869958999625e+03
2.069973872066957028e+03
2.784392628642332511e+03
3.491731457867116660e+03
3.993064598782231315e+03
5.466200745701322376e+03
5.294007478971496312e+03
5.404297193880566738e+03
5.753148228601644405e+03
5.536235466408659704e+03
5.953848123722929813e+03
6.154719365245973677e+03
6.088034730314069748e+03
5.813271557968986599e+03
6.121544765541287234e+03
5.784387484898913499e+03
6.404269774835000135e+03
6.301365831869670728e+03
6.009361049058742537e+03
6.528980497210854992e+03
6.131775012041060108e+03
6.128798732401590314e+03
6.775672207710969815e+03
6.197786870832295790e+03
6.577630302555568960e+03
6.232371813359301086e+03
5.805338797644863917e+03
6.285138391498815508e+03
5.717514743175855074e+03
5.849427740123458534e+03
5.512112896607125549e+03
5.547553476636705454e+03
4.988479586847360224e+03
4.696968808880364122e+03
3.885300934265572778e+03
3.273466930860262892e+03
2.456395758613715316e+03
1.673730197559371618e+03
1.270790337623975347e+03
5.033537189219211996e+02
7.653456108266191222e+02
3.532177622385806899e+02
