8.379278162249056550e+01
1.983235068376058621e+02
-2.239644548790152498e+02
-1.906043821706175265e+02
-3.171150650238284925e+02
4.495676136133603222e+02
8.283231668074246272e+02
1.894337303328280541e+03
2.867384016472554777e+03
3.995370137537098799e+03
3.981936140651924688e+03
4.851548046402658656e+03
5.118769193226314201e+03
5.340391134781347318e+03
5.623501641268933781e+03
5.736321700058079841e+03
5.936083541734466962e+03
6.209969830097899830e+03
5.950821615949218540e+03
5.772076315619791785e+03
6.078846406963017216e+03
6.174200473889987734e+03
5.799817338929572543e+03
6.253528335053160845e+03
6.071146863017169380e+03
5.509339757401314273e+03
6.329453223838720987e+03
6.099824699510670143e+03
5.976954275365515969e+03
5.667958194103985988e+03
5.807549338782471750e+03
5.977420948514542943e+03
5.985847762601708382e+03
5.683643080778640069e+03
5.984946754999628865e+03
5.900330109379187888e+03
5.745110402127395901e+03
5.617546339961378180e+03
4.787863724531363005e+03
4.854569016107415337e+03
4.061286989279467889e+03
3.278895296313650761e+03
2.717748878045537822e+03
1.949622836990301494e+03
1.240379164946794617e+03
6.482511376658123936e+02
-3.587074332178578118e+01
2.225099146665881733e+02
