7.051682211634119994e+03
9.491088966283134141e+03
8.725586622875232933e+03
7.940263481371419402e+03
8.667989791971154773e+03
6.672234339009529322e+03
7.578099086420758795e+03
5.255740433173715246e+03
3.919553407802291986e+03
3.247697898785515008e+03
2.392759054598489911e+03
1.967782602970897415e+03
9.389323071162016277e+02
1.045263055693669230e+03
7.591640410249117394e+02
1.279515746455496810e+03
5.393936546669808649e+02
3.545076872536978385e+02
3.484977454904315550e+02
2.075970301549480439e+02
4.053194747688170878e+02
-1.248278154127709882e+02
-2.282127678814475189e+02
-9.318535895863553264e+01
-1.643038797401419231e+02
-3.601179676444129996e+01
3.969633694080285977e+02
3.010805340966896892e+02
2.402951241402290350e+02
1.276839152064352589e+02
2.047715327392640177e+02
-1.832995944335995020e+01
4.932369782836627792e+02
4.232309332634217185e+02
6.807525917409449221e+02
4.351704629564401330e+02
1.388749112071145191e+03
1.187212389943695371e+03
1.454126724640866087e+03
2.093202911093005241e+03
2.586112836101918219e+03
3.509647124596893264e+03
5.490215524259883750e+03
5.168312480039597176e+03
5.539876483582092078e+03
6.385164316016494922e+03
7.067081274448722979e+03
9.862720578174166803e+03
