7.765647694024744851e+03
9.506788118093480080e+03
7.934975957237208604e+03
8.039319036706328006e+03
6.746604384176095664e+03
8.086536493522818091e+03
5.886838368023671137e+03
4.764585909961499965e+03
3.984987027667435086e+03
3.539177678372957871e+03
2.915808195433719902e+03
1.680881357147168956e+03
9.202867611216571504e+02
9.009206012405887805e+02
6.023293990499583970e+02
5.536887498451186502e+02
7.916307714233611250e+02
6.662939777614664081e+02
2.368099286510250749e+02
7.935642762455831871e+02
4.771827867529142395e+02
8.197672980012721666e+01
3.507243026217757347e+02
5.724110957414128507e+02
-1.890622438664960328e+02
-2.304113547558250161e+02
1.189881499239024087e+01
2.904755679115020257e+02
3.956144204832099263e+02
3.961037131509741016e+02
3.174196184535585985e+02
8.095924427164183612e+01
2.934186086925617474e+02
7.672137302427560144e+02
7.539714444239515387e+02
3.339492224977812498e+02
1.131958711527528294e+03
1.138556622210555361e+03
1.803980405679605610e+03
2.367511258389987233e+03
2.337169135308326986e+03
3.503498397763176399e+03
4.149995996798736087e+03
5.533739313980152474e+03
6.049636690142804582e+03
6.960702428833312297e+03
7.059760526929920161e+03
6.308438355411989505e+03
