7.431014333740438815e+03
9.663285974619731860e+03
8.497219237675933982e+03
7.028974980565844817e+03
7.508539266740084713e+03
6.795618528045388302e+03
5.823776936142242448e+03
5.830038580624639508e+03
4.948485121454239561e+03
2.837622892949373181e+03
2.440932072322088970e+03
1.830361876531423604e+03
9.931899530916109597e+02
9.308629048501143188e+02
5.500302986358168482e+02
6.091628057835204118e+02
4.467123603706274366e+02
6.390317625905539671e+02
7.168620428905772997e+02
3.853254302571203311e+02
4.676072224315909125e+02
4.490773292481023304e+02
3.334434852265094378e+02
2.744834017720723978e+02
-2.336652180482670360e+01
1.202823347273498023e+01
-1.103642137920193420e+02
2.431898791919748248e+02
-7.864822447675102524e+01
-4.291813440662086805e+02
2.239538367880198848e+02
1.688465695807697955e+02
4.158691333514476014e+02
7.209006332078323567e+02
4.614711064814411543e+02
4.511266816067670788e+02
8.757363749319525823e+02
1.604967739901768027e+03
1.119218087656725857e+03
2.160945213497515851e+03
3.220311787066629222e+03
3.958596264297736525e+03
4.677547700568637993e+03
5.197656387984251523e+03
7.029848310726747513e+03
6.587021754680121376e+03
6.489007636528153853e+03
8.555216975518993422e+03
