6.351434268399611938e+03
7.111773963312376509e+03
7.938504788381569597e+03
7.707568183816239980e+03
7.305737875431352222e+03
6.945962317691598400e+03
5.439129703464709564e+03
5.372974079629255357e+03
4.243970897166326722e+03
3.188854188311866892e+03
2.468157961314485874e+03
1.816075699239289179e+03
8.748209396382289924e+02
4.932132692422635500e+02
4.156545124149649837e+02
5.041275218875361475e+02
7.331316495106387947e+02
2.632252635430177747e+02
-3.715761797907875064e+01
3.385259355373286212e+02
2.393452118968978581e+01
-2.145747397687318525e+01
4.136001902299909716e+01
2.173221119537223842e+02
-1.824650508022430984e+02
2.119595460388497941e+02
2.047706999237364300e+02
-1.382097254609509207e+01
-1.675394317665289066e+02
-3.262481937097439300e+02
5.171454099868608409e+02
7.070977655660017263e+02
2.305359065214119028e+02
1.821198800594011402e+02
4.040814171488099191e+02
4.304907225330406391e+02
4.632389225278082563e+02
6.789734814834613417e+02
1.148186337159700088e+03
1.775122954466959300e+03
2.648097297298397734e+03
3.713748840485200162e+03
4.052985054460494666e+03
4.848652189360384000e+03
6.226170209286226964e+03
6.352375342016473041e+03
6.371283247765004489e+03
7.429094508877525186e+03
