7.872082237159010219e+03
1.019728211446061323e+04
8.257961380458931671e+03
8.783985240074631292e+03
7.957203647791493495e+03
6.921086067777576318e+03
5.406052834237306342e+03
6.197942338874292545e+03
4.076953807093638716e+03
4.743271939619118712e+03
3.331028096443392769e+03
1.828698287743719220e+03
1.522216661144060026e+03
8.002665881755477812e+02
9.595039466602929679e+02
3.331425614152969388e+02
2.788020579961404337e+02
6.963595623041046565e+02
5.984839548322269138e+02
2.489022840284378617e+02
5.673858490618761152e+02
1.624498797384976001e+02
-4.270268601196263347e+01
-9.869584233301050347e+01
-3.968870218030974684e+01
-3.242908260949528767e+02
-1.590701660092120733e+02
1.928722140738395012e+02
3.556729481357674558e+02
5.424287949529626758e+02
3.896204390071239345e+02
2.833896617466862153e+02
2.032077135713409746e+02
8.579114061197732326e+02
7.983259607262483541e+02
1.301125694039062637e+03
1.041945152740828917e+03
1.791024237825256478e+03
1.452749726847240481e+03
1.489185199589443528e+03
3.022791218465526072e+03
4.478974766331665705e+03
4.863010568733046057e+03
5.264774304065806064e+03
5.686988054093368191e+03
6.022263419597613392e+03
6.431190953394328062e+03
7.769832705035388244e+03
