8.445838295198691412e+03
8.571308189702383970e+03
8.614824729545500304e+03
9.497891772838542238e+03
7.881374161997078772e+03
7.716985653484439354e+03
6.985029055838896056e+03
5.687740061059860636e+03
3.854281192029379326e+03
3.419834060000513546e+03
2.059278658294803790e+03
1.507378252180056961e+03
1.788901347000631176e+03
1.537069498732399325e+03
1.311677600382916353e+03
7.620270196830736040e+02
8.154368045355822687e+02
-1.886659785553375812e+01
2.427422897115276612e+02
4.693391002916753507e+01
4.249235987166030668e+02
3.222507580292815987e+02
1.399549685821465630e+02
2.175913028914418135e+02
-5.266398854125075104e+02
-2.710743659885030965e+01
1.244931815053990221e+02
4.207596618160727076e+02
1.366817946541790434e+02
-2.973729662023343394e+02
2.863921765916896334e+02
4.646961028952841275e+02
8.577057148028834490e+02
3.709669725364423698e+02
2.499012662783773635e+02
6.727820945049724060e+02
1.076013170223731322e+03
1.854033399274699150e+03
1.739184235612088287e+03
2.791587556827668323e+03
2.605659921095307254e+03
4.015708347210093052e+03
6.014812584256747868e+03
7.009101256141448175e+03
6.729539670977545939e+03
7.162098213371783459e+03
7.428551557962222432e+03
8.571349345499980700e+03
