7.210556858210140490e+03
6.891450949488811602e+03
7.736603150609928889e+03
7.879770795014964278e+03
7.331712436660704043e+03
6.837949671186860542e+03
5.671116000459346651e+03
4.409991988396351189e+03
3.677515174895067048e+03
3.664681948110581743e+03
2.446547477562714903e+03
1.616579728407665925e+03
1.442652553101682997e+03
1.328974811042860892e+03
4.968367284698593380e+02
8.825947704241843894e+02
6.403633879288704520e+02
7.411863008029835953e+01
5.942990818134175015e+02
3.895142971434829064e+02
6.476265103252137578e+02
2.233208878992830293e+01
3.582385095773939838e+02
2.936119089307281911e+02
-2.087681664862675746e+02
-1.997462482047789081e+02
4.395104103260348616e+00
6.361013592326171562e+01
3.533543945337930836e+01
-1.176380525200721223e+02
1.271021990072801771e+02
4.153862067827186024e+02
6.965536691510574201e+02
6.502142788586862707e+02
4.325473377032487861e+02
1.916432619010014662e+02
9.035030823104291358e+02
6.602478512247030267e+02
1.419188650094067270e+03
1.969555318966928553e+03
2.752767597808866412e+03
3.354504129631334763e+03
4.760557117893679788e+03
5.626657860590436940e+03
5.575065857040130140e+03
6.545037755986227239e+03
6.446354041654723005e+03
7.583458329411066188e+03
