8.544568557732553700e+02
4.053604557499136618e+00
-3.108201406452777746e+02
-4.117106228751456456e+02
-2.587194452309605026e+02
1.227397484206306615e+02
1.151617442683889067e+03
2.427118076956626282e+03
2.982071224471475034e+03
3.455449046741463917e+03
4.724964170963749893e+03
4.781180385624198607e+03
5.599891038509203099e+03
5.879364819179171718e+03
5.563584011989242754e+03
6.267616442196861499e+03
6.337116429303161567e+03
6.045611503865387022e+03
6.392947994951340661e+03
6.468675015799454741e+03
6.364872904115171877e+03
6.369084563431746574e+03
6.223504684202726821e+03
6.561175768349174177e+03
6.666454635036264335e+03
6.655161096438486311e+03
6.678735753388107696e+03
6.622681729935364274e+03
6.076462367838792488e+03
6.429436026237372062e+03
6.484570638984529978e+03
6.079819837484994423e+03
6.291895413602636836e+03
5.877389030621789971e+03
6.098548066178226691e+03
6.395020446132435609e+03
5.842754097142646060e+03
5.735201601052612205e+03
5.323484498612090647e+03
4.987001170192921563e+03
3.986982033514475916e+03
3.552173705999759932e+03
2.603565142865565576e+03
1.772861421127036238e+03
1.186779294604715233e+03
7.714511388179603273e+02
2.222520045957872696e+02
2.272533044988867914e+02
