6.830714647033451911e+03
7.365197966779624039e+03
7.039519024018823984e+03
7.148853081425623714e+03
6.909971029903688759e+03
6.576562959015617707e+03
5.728322201812514322e+03
4.210962831119509246e+03
4.270654835074412404e+03
3.186370728707493527e+03
2.408371070543647420e+03
1.734607628625189363e+03
1.027500901248573882e+03
1.160686489579813724e+03
1.041247111870310164e+03
2.953682031396275534e+02
6.370474740550864681e+02
6.320206347558046218e+02
5.086486468281627822e+02
6.438731430654828500e+02
1.963334414830982837e+02
3.010476969648394743e+02
-1.157234424719618886e+02
-4.955660208622443008e+01
-1.187290048454607643e+02
1.288482680055424510e+02
2.753745737466639554e+01
-1.125332568181875672e+02
2.449824628633287205e+02
3.390053426185177727e+02
3.693080155614947557e+02
1.105626363178105009e+02
2.015231544880364538e+02
7.628834954326073330e+02
1.663630575627935855e+02
2.576523276211636357e+02
4.970161795461891643e+02
8.615413701579793724e+02
1.656549188291033715e+03
1.665980803212653882e+03
2.498653425295563011e+03
3.380728348733451185e+03
4.452259066528949916e+03
5.356998997637433604e+03
5.436899224708246038e+03
5.914598353861990290e+03
6.719173322063821615e+03
6.878989716013983525e+03
