6.519529925084313618e+03
6.963557084672265773e+03
6.987637990287119464e+03
7.585788473908775813e+03
7.115089692848760023e+03
6.486375403423226089e+03
5.468668977928387903e+03
4.682948772698852736e+03
4.102870084564826357e+03
3.200456144365394721e+03
1.791903329478359638e+03
1.774328727105309781e+03
8.339020722456607473e+02
4.816539503654249188e+02
5.216507576329101994e+02
4.321238770087334160e+02
3.074475266898507186e+01
3.000138696045771098e+02
4.846594460388528205e+02
1.881494548868038237e+02
3.480497707135450014e+02
-3.628601572157073463e+01
1.093436199012631072e+01
2.009072634139056106e+02
4.059091776566829708e+02
1.151557468469804064e+02
1.910026393926417256e+02
-1.829959525146266515e+02
2.330917958091684028e+01
7.228347605641418738e+01
2.619399533158019722e+02
3.083472394760119073e+02
3.329097798498599445e+02
-1.547526863405522812e+00
2.203161954314076922e+02
4.446401311880393905e+02
7.892941667154045717e+02
8.819979616258559645e+02
9.970901293051953189e+02
1.836009192515055020e+03
2.902559528101866817e+03
3.523296445612752450e+03
3.915284537176948561e+03
4.678397179199339917e+03
5.397252378209900598e+03
5.861018880301873651e+03
6.633752454762853631e+03
6.594390457256022273e+03
