6.553614074364467342e+03
6.805118676319418228e+03
6.732396244579039376e+03
7.129080616905278475e+03
6.601154741450613074e+03
6.521835209981495609e+03
5.120363345854862928e+03
4.667821506754872644e+03
3.564198822957649099e+03
3.016312347122605843e+03
2.035992946180945182e+03
1.663595297820575297e+03
1.508162092806264354e+03
4.935896181830815408e+02
4.570299145279789172e+02
4.788378873266608480e+02
7.337431991314438164e+02
-2.706372495830443015e+01
1.007528028319332947e+02
6.875494213819810057e+02
1.794644375373242440e+02
-2.044570419434890951e+01
2.125621349288811359e+02
2.691847635878573897e+01
9.902678682102745711e+01
-2.477505325967987062e+02
1.543683542506362372e+01
4.512253620300484158e+01
1.575525777027787342e+02
9.177081583499203887e+00
3.594918163110871205e+02
1.943544027313521099e+02
2.229555644073499536e+02
2.187615770098197743e+02
1.390706066524528808e+02
3.886856393726045553e+02
7.825539216084825966e+02
1.113095384675864580e+03
1.209574906570426720e+03
1.922833344091864774e+03
2.248246739744708975e+03
2.947119609615115223e+03
3.782432089067242941e+03
4.821980352118089286e+03
5.807921594189902862e+03
5.989772418595272939e+03
6.370691172157496112e+03
6.623515909182797259e+03
