3.644093224190861520e+02
-4.715497248192919244e+01
-1.580876599501024771e+02
-1.354430130344314307e+02
-2.167547985512465800e+02
1.930311215986257878e+02
7.244777820160301189e+02
1.795131792698756954e+03
2.454391937818214046e+03
3.601247220287287746e+03
3.800036631141211728e+03
4.509803394969667352e+03
5.112175945129908541e+03
5.381533178391400725e+03
5.540438187164471856e+03
5.665365905062936690e+03
6.042422525587114251e+03
6.004717259103857032e+03
5.767974702897392490e+03
5.860681689368262596e+03
5.229602309397526369e+03
5.946358374338423346e+03
6.101910363500112908e+03
5.826608259510580865e+03
6.162574744160121554e+03
6.433163601431205279e+03
6.213378258673956225e+03
6.129404795388294588e+03
6.155455192971116958e+03
5.415385282934506904e+03
6.125665503653771339e+03
5.742332703624685564e+03
6.079336804071345796e+03
5.619905085456718552e+03
5.873779232122936264e+03
5.645317797224041897e+03
5.849653276984347031e+03
5.339941297364294769e+03
5.055188710341918522e+03
4.454545549386589300e+03
3.974439205776192921e+03
3.130760687471340134e+03
2.384872589670788329e+03
1.841301005570521284e+03
9.794867962738026108e+02
6.231579698315910036e+02
2.246671123624409461e+02
2.865145824128360346e+02
