7.591316347465317449e+03
6.328986840651443345e+03
7.253765162397581662e+03
7.062781202575770294e+03
7.083938144261140224e+03
6.064626957200644938e+03
5.500102829773478334e+03
4.939766338359363544e+03
3.698677984457523053e+03
2.896912435016885865e+03
2.112967632626302475e+03
1.634247261135673170e+03
1.188518845006818538e+03
1.073193193808079059e+03
5.754670924960350931e+02
4.029066482166549008e+02
2.383517279880599915e+02
5.462718705903413365e+02
4.414465270849288459e+02
7.901630516341265320e+02
4.779314406169323206e+02
3.071785859933128791e+02
5.638628128934166170e+02
2.662492091400739014e+02
-1.630428832524202676e+02
2.321299931781033763e+02
3.921056002604975106e+02
1.696055044409060599e+02
-4.216683979579726582e+01
2.078703256739075869e+02
2.971441298581877390e+02
1.008017043835013169e+02
1.491854343089350152e+02
3.504843855268806010e+02
1.154203049512947530e+02
7.364237132437003766e+02
8.307647243622517408e+02
8.093989451453542188e+02
8.685501827391531151e+02
1.760713763360964094e+03
2.488493920355207138e+03
3.200121651068076517e+03
4.517836060617853036e+03
4.853704571615096029e+03
5.460845143099193592e+03
6.707233454502336826e+03
6.565247837597171383e+03
6.799510149444863600e+03
