6.762886829048459731e+03
8.843534781179823767e+03
8.099246888342941929e+03
1.048372879787121383e+04
8.673208006766501057e+03
6.408929648638707476e+03
6.058535547432447856e+03
6.198369952800871033e+03
5.410088599743925442e+03
3.842900184895778693e+03
2.808127287447648541e+03
1.934498004573185881e+03
9.814608476441359244e+02
1.037063309790717085e+03
1.113805490317505473e+03
1.791033553979693238e+02
7.153114755688002333e+02
6.062234195933706360e+02
5.183966021119709922e+02
4.172910115573683356e+02
3.759814843538214859e+02
1.286551233194103929e+02
5.038851859058505056e+02
-2.220322021768845104e+02
-1.607564554977568321e+02
1.795994213287337118e+02
-9.809526806384063491e+01
2.672542830427794343e+02
-4.129502988057687958e+02
2.536293481929225493e+02
1.248622306808567402e+02
7.995595035226808704e+02
3.295720021356974598e+02
3.041815666795728248e+02
5.854877869732260933e+02
1.881557380849802144e+02
1.266603647111416421e+03
1.508429072078969739e+03
1.849606516388097589e+03
2.071610942125514157e+03
2.264710236993459603e+03
3.788203277593495386e+03
5.666904810856699442e+03
5.307204632551396571e+03
5.602055120083236943e+03
8.523424206141426112e+03
9.244529311213944311e+03
8.210913581565642744e+03
